"Run","GSM1402321","GSM1402322","GSM1402323","GSM1402324","GSM1402325","GSM1402326","GSM1402327","GSM1402328","GSM1402329","GSM1402330","GSM1402331","GSM1402332","GSM1402333","GSM1402334","GSM1402335","GSM1402336","GSM1402337","GSM1402338","GSM1402339","GSM1402340","GSM1402341","GSM1402342","GSM1402343","GSM1402344","GSM1402345","GSM1402346","GSM1402347","GSM1402348","GSM1402349","GSM1402350","GSM1402351","GSM1402352","GSM1402353","GSM1402354","GSM1402355","GSM1402356","GSM1402357","GSM1402358","GSM1402359","GSM1402360","GSM1402361","GSM1402362","GSM1402363","GSM1402364","GSM1402365","GSM1402366","GSM1402367","GSM1402368","GSM1402369","GSM1402370","GSM1402371","GSM1402372","GSM1402373","GSM1402374","GSM1402375","GSM1402376","GSM1402377","GSM1402378","GSM1402379","GSM1402380","GSM1402381","GSM1402382","GSM1402383","GSM1402384","GSM1402385","GSM1402386","GSM1402387","GSM1402388","GSM1402389","GSM1402390","GSM1402391","GSM1402392","GSM1402393","GSM1402394","GSM1402395","GSM1402396","GSM1402397","GSM1402398","GSM1402399","GSM1402400","GSM1402401","GSM1402402","GSM1402403","GSM1402404","GSM1402405","GSM1402406","GSM1402407","GSM1402408","GSM1402409","GSM1402410","GSM1402411","GSM1402412","GSM1402413","GSM1402414","GSM1402415","GSM1402416","GSM1402417","GSM1402418","GSM1402419","GSM1402420","GSM1402421","GSM1402422","GSM1402423","GSM1402424","GSM1402425","GSM1402426","GSM1402427","GSM1402428","GSM1402429","GSM1402430","GSM1402431","GSM1402432","GSM1402433","GSM1402434","GSM1402435"
"Random_Index23_13_0001","-3.16117245714036","2.20805567248753","5.65338718516599","3.21474303025039","4.90709017038609","2.08529793081669","5.19143084889767","-12.9432316149473","-2.78388831046267","-0.346223863023653","-3.79259220383793","-1.25406900249872","-0.641983570273844","6.92524843888094","-1.49874472021215","3.09737588553678","6.33052288954379","-4.70387869030941","0.203598913579557","0.886979651913332","-4.29556898959723","6.92752234305661","-2.09963055648475","0.113727547485524","2.31971745148112","1.13476167753633","0.296370582567022","-3.81540951517685","-0.536817119879091","-1.05630792496385","-3.88984649270146","-3.19571041894771","-4.17802503962954","-2.86333302281491","3.08106965362855","1.66503774068296","-4.14276748607994","-3.13922275080103","7.03969174746932","0.0581982608823166","3.44201603825277","1.31738790449298","-1.35814331859867","-3.5955429732766","0.160294578610604","1.16229913563481","5.2248444994189","3.44553948958459","-1.89019349279798","-0.523279826152684","3.577404983953","-1.38530010535256","-0.808682104582187","-4.49713646438943","-3.68042981658658","-7.17011142772394","-2.07224357881696","1.08076190297304","5.18527959821865","1.19038537771763","-3.13818473640818","5.96246485316017","-2.85379097779402","3.78201972565225","1.08739851201875","3.40928419490127","1.53318132136652","-5.80121527818816","-1.10904335728787","4.51568626162766","-0.125868103683787","6.6324422150305","3.33337953332332","-1.0863751465424","-6.83163848922471","-4.57290162542116","-8.9561411867683","-3.93889261682048","-0.419609133078109","-5.18831037413654","2.49753946337928","0.166949239189413","-3.03029865076102","0.853055359940343","3.79258911962211","-6.77525386676532","-9.24468296799553","-0.83121533124936","3.62241038491682","-5.52992099701557","-1.10141866705582","5.37964255962043","-4.87612598637261","-2.23435253417518","1.36833565204343","-8.56704856093103","1.58683119310603","-0.406766662984594","-2.31137616313857","3.36926531643438","-5.12196529662108","2.8797320577905","2.94729217732117","0.776749705385265","-0.722565127025431","-7.55412400394639","4.80176409938773","0.2676969115734","0.777311825416173","-2.80379388037436","-1.60305659258716","6.35773696671816","-1.95861769978661","-9.65936417321118","0.838426717165655"
"Random_Index23_13_0002","-3.09277259703709","2.13514175215758","5.62897872938129","3.12162843524982","4.87631393500074","2.02471837316276","5.11986915350118","-12.9159338780968","-2.85980465491073","-0.379794824850216","-3.69852152866972","-1.19395820467395","-0.561775866816281","6.88185483716939","-1.37588231391071","3.1345743066996","6.27991912436309","-4.841543142754","0.284319285226469","0.967516245188192","-4.2760839188545","6.81678908676313","-2.04509016630091","0.145053292370383","2.29384618089097","1.10960203389706","0.462349315890028","-3.77979927563148","-0.443200154810691","-1.01301902172341","-3.90912845412978","-3.11654926131443","-4.06387384250644","-3.09468153429697","3.0833051709515","1.69008533269335","-4.30007779993118","-3.15556825928417","6.9588204244309","0.0567515092356346","3.32611407998855","1.41407577454134","-1.26138643446649","-3.6050389472673","0.111270880789093","1.11637161808989","5.0873202499003","3.28565375275363","-1.88420557978084","-0.644293678955153","3.51029468494553","-1.32306161266241","-0.773106833170836","-4.44460093092424","-3.55075033864425","-7.14841249719913","-2.10256510285493","1.10493397851374","5.07829366800554","1.16966565203243","-3.27103390301433","5.80983977216649","-2.94070582088342","3.65358888124981","1.08365358769018","3.35246742177345","1.54901357146256","-5.77423767590041","-1.07595513405014","4.42115019203203","-0.125120684416556","6.56797711977067","3.21088592290319","-1.05899464985469","-6.87365073985669","-4.50433656952593","-9.11053344465247","-4.07505572883925","-0.437548474786562","-5.21890206611014","2.30068034602588","0.19414292623695","-3.09592588221651","0.868877848819304","3.61809798671418","-6.70349209861772","-9.06608574567585","-0.758398914176129","3.52999304949796","-5.55800122901107","-1.18851224097167","5.44212264972872","-4.99626790409608","-2.16440719437806","1.47752421534096","-8.40534626848278","1.7731723904787","-0.39905998014082","-2.25046077633715","3.48261844531993","-5.12492817217512","2.89988694247197","2.78571291464357","0.792238153489936","-0.704522987607304","-7.59047745546492","4.66671550735032","0.267027291150287","0.776157371617862","-2.70466027791446","-1.64764183691491","6.22241469057706","-1.99434035664185","-9.68447134679505","0.76670720118871"
"Random_Index23_13_0003","-3.14476303669659","2.08269887707741","5.69892663482793","3.23997839669134","4.9625984224997","2.00112601481061","5.3085189053607","-12.9332028609373","-2.86613490193547","-0.328824252804646","-3.89421572429967","-1.19199589916382","-0.719284369329291","6.89474742096857","-1.4922656753245","3.17427840751853","6.32339092635118","-4.65789816493828","0.19037097442089","0.949809631722894","-4.36472327803863","6.89864768530141","-2.17105001197752","0.115155831402535","2.38369875044962","1.31828698962906","0.531851108566642","-3.93926914905779","-0.480986038538118","-1.09659699935021","-4.03340204633353","-3.17598776723525","-3.97077812619999","-3.0255081277456","2.98547511561009","1.88164951702307","-4.49684322072621","-3.11886128567742","6.98878200409986","0.0627068176427665","3.40223312559514","1.29902888814279","-1.31451625745781","-3.71159018496006","0.221951280453019","0.99433984739147","5.19647655192563","3.38274403821189","-1.86161711894137","-0.569291795553841","3.59432092110452","-1.37126559876728","-0.771088312176437","-4.46049025494384","-3.62172813675932","-7.35243588732861","-2.23108636996412","0.975785905846648","5.20234260463687","1.31144033916819","-3.26557837079345","6.04934661376793","-2.9587715478221","3.7250062582335","1.13471783573817","3.30379385388311","1.78151657643746","-5.85838173614694","-1.18015692352381","4.49932877109004","-0.089786716437751","6.61007263712293","3.2125202275459","-1.01962196585523","-6.93889440957498","-4.64562363904435","-9.08536381191881","-4.10513995081204","-0.484102404727421","-5.19585688924391","2.27797586092364","0.0707343724650861","-3.22274472085059","0.915204102276855","3.71382311970806","-6.80995514316249","-9.15937529630255","-0.796404820851966","3.51365734756881","-5.55494051340669","-1.18919757885231","5.47930988797469","-5.03294937403351","-2.24489254285451","1.45614800521478","-8.45782505123269","1.82439642430329","-0.464551332659963","-2.16913219972865","3.37348989903197","-5.32020601262932","2.80418625984244","2.78523059799416","0.782948114750887","-0.560243554782572","-7.58359802600334","4.74934017262019","0.139450270250723","0.807506149320225","-2.67487522244977","-1.69685144996724","6.27725147326114","-1.94138700792789","-9.72905480034006","0.691086909201783"
"Random_Index23_13_0004","-3.07372386595193","2.14494290218454","5.55081009789147","3.09465022881304","4.8541494603562","2.04968302605036","5.25785978528089","-12.8826841075038","-2.76519943935742","-0.230951456374324","-3.66712802553728","-1.15490206440278","-0.545559568312415","6.83213460106132","-1.45721181805361","3.10121372830808","6.20064067498071","-4.5902465777992","0.268757071196191","0.874456590132896","-4.38303861801905","6.79037414164327","-2.10042329045892","0.028814634212802","2.39107973575679","1.2012374658852","0.424959468746999","-3.71762837948833","-0.568170882495061","-0.908497201439094","-3.84885767696848","-3.12564303923134","-4.08295947920988","-3.00161053039391","3.00442270460114","1.73106415875177","-4.185864192786","-3.00658960075687","6.91642838494707","0.131077965417755","3.30736737967212","1.36689978581512","-1.20241795645535","-3.54428941475519","0.115111644906396","0.942542348620725","5.09857746709452","3.32048424926423","-1.88940182031622","-0.587102049698522","3.51488414492164","-1.33526969332038","-0.775659374643396","-4.4757252870128","-3.55803945258189","-7.04020271796221","-2.05574932960006","1.01988877506541","5.03992467304097","1.21030127557656","-3.07677931745496","5.81409514038828","-2.8002087032144","3.6492366193053","1.09561519231836","3.28898312831311","1.64648911389609","-5.7251454756615","-1.04748949136976","4.35667219820349","-0.0672916682463304","6.50360977342971","3.37784678917901","-0.994406847512911","-6.84847947354828","-4.44617666130395","-8.95079565958252","-3.90993660060917","-0.273919996754126","-5.09914281556062","2.4364374315726","0.145130206231822","-3.04850112685672","0.815236937490497","3.65959640079033","-6.54517881690257","-9.09777054658772","-0.739123315119723","3.42471946116413","-5.68799929150503","-1.07277215205357","5.24760284657442","-4.95534784800133","-2.2235496471426","1.38870902336433","-8.37917671986946","1.60991233347744","-0.368260752545111","-2.27646965045784","3.33096669943805","-5.0057944934014","2.80952225357251","2.84033623559218","0.784271741753079","-0.699414890287962","-7.59765297893779","4.65715814177209","0.274351437980646","0.899197530282416","-2.67985713088116","-1.63172068829791","6.2726022626588","-1.86809063557942","-9.53319123135432","0.765657537615366"
"Random_Index23_13_0005","-3.10198175054448","2.06881381964881","5.51358605085329","3.04522808354201","4.85711502115151","2.02393447479214","5.20682306149621","-12.9183834500721","-2.79238503919171","-0.308347565683416","-3.82235595678256","-1.2411109385959","-0.576709728656599","6.85370189100805","-1.45617283145837","3.1475596913997","6.25548136690252","-4.74827422711025","0.235173594372438","0.89876725463452","-4.26531635348492","6.84777238721599","-2.05301235190811","0.0552323080714948","2.25731005820318","1.17038876009849","0.479704672740065","-3.89555546271375","-0.543709141321828","-1.06064566847848","-3.99093870594755","-3.13106803211107","-4.13302870157871","-3.05101503495737","2.99261263009962","1.79943178547591","-4.27255595142335","-3.1468391484756","6.95662807695082","0.0484320489860358","3.29589444774399","1.36893221335166","-1.33474001102105","-3.62916135856754","0.0375494995810845","0.923000552540154","5.05702337712731","3.22430303192091","-1.93782236325767","-0.725380900243991","3.50665053268259","-1.35824923796728","-0.742637468435259","-4.37882775525813","-3.59198134291051","-7.11827742336957","-2.03325208826721","1.01144769904176","4.99274667347424","1.27088040480511","-3.21847789769609","5.82248089209804","-2.94179426628949","3.64248440914743","1.06837497893414","3.23091399671051","1.62639472992727","-5.80173170543504","-1.10945118867243","4.33704519093563","-0.0948455415443003","6.51220454603223","3.17078151454677","-1.1020183317803","-6.76879965523338","-4.63686296688731","-8.93677085901499","-4.02858399610555","-0.409703326119302","-5.2376112544692","2.28987229935495","0.203604489097298","-3.0924141494001","0.748455556307989","3.6093106808541","-6.77734209743151","-9.13678113130156","-0.836417520907513","3.45416415642341","-5.7570066446246","-1.25048302036887","5.40388277732397","-5.06936264217342","-2.20292484635128","1.42563263654389","-8.48292767414763","1.70110462124156","-0.452937504722556","-2.22985743524372","3.35904569210196","-5.1522040875007","2.81536210648984","2.75217886545546","0.700083669157507","-0.730347347797087","-7.62888422426976","4.58354922383336","0.23917797768457","0.799830212316915","-2.70834556952999","-1.81592691383932","6.20056568392465","-1.988011267042","-9.71361393227194","0.852613024639815"
"Random_Index23_13_0006","-3.12115624513387","2.1263631736928","5.61306249684371","3.12444880141999","4.86647733016808","2.07288660062043","5.14354462672515","-12.9602777317936","-2.80801343161346","-0.269477573722139","-3.70660433717996","-1.21205493083242","-0.547708660053492","6.93695813149954","-1.35973672416046","3.09278173589197","6.33750438043505","-4.75565065323897","0.298459181512992","0.880796697852403","-4.38940250312319","6.84734362670103","-1.99523282875639","0.0628077786047929","2.28628921185885","1.19678289785106","0.407808115877419","-3.77187064433639","-0.533143083145551","-1.00769591353968","-3.86359927116663","-3.09061056730135","-4.10230108477162","-3.0962376290152","3.10219642222933","1.750122605821","-4.28406085428968","-3.16499091750306","7.02893197154214","0.103790912254222","3.29401609274859","1.45655374917419","-1.23319155263747","-3.59376239168195","0.0464833003937517","0.961218724643432","5.11518882118536","3.34686866981815","-2.02025577040283","-0.699283318256555","3.51796015806551","-1.30492366813836","-0.751607587267017","-4.4767522439052","-3.55618588882895","-7.23467761368534","-2.15168805898629","1.10426460882924","5.10268094830964","1.18870037380489","-3.27111362793076","5.86369925388709","-2.93944813652377","3.6701533526152","1.09906200585664","3.3781200684011","1.64801829487902","-5.86596166951939","-1.05597091053684","4.4038137913392","-0.0733697084579808","6.58634113185953","3.19998186074414","-1.07176842505926","-6.88714572252267","-4.55552626883701","-9.1120147986161","-4.08009627901261","-0.399694225144064","-5.2629648024113","2.38672756667978","0.232901144115287","-3.08754839205564","0.861187420548354","3.66826904869222","-6.77654263950109","-9.17463207521485","-0.753846327064688","3.51054156727468","-5.60163665625857","-1.22712831968509","5.39869818587398","-4.97027016723052","-2.29273950514787","1.41933269335481","-8.45208033749838","1.67999827290243","-0.304023839592244","-2.2744934197741","3.475080587954","-5.09281968497948","2.96533731264672","2.83601894834916","0.770036175732054","-0.690975241912435","-7.68504698485675","4.68036408160961","0.318503443346329","0.825621752634347","-2.7095355193806","-1.68137839963378","6.27903934145771","-1.9984671343303","-9.70329756367661","0.8347742748138"
"Random_Index23_13_0007","-3.06416388781988","2.11151720696032","5.48254993828276","3.13643357706023","4.78979810269435","2.02226981343611","5.01086835926524","-12.8126536626867","-2.73510591299728","-0.194181054303365","-3.68267991445884","-1.13059174777882","-0.578430449923491","6.78004175931105","-1.37829330784449","3.00370974854559","6.12078335764889","-4.53882753780236","0.241211721879942","0.845432256327109","-4.23036875536712","6.83700739873239","-2.05299003319944","0.0923822159450666","2.39890030329693","1.11863350181644","0.247382616222858","-3.73314717738427","-0.608136521792818","-0.936587037424581","-3.83413957064706","-3.09054778685792","-4.0470942179459","-2.87319143619943","2.82030961736876","1.68718222697186","-4.13654760994203","-3.16697447268389","6.86543724538325","0.0325876824385619","3.26201263934776","1.34547776392393","-1.17111899049554","-3.4794341303027","0.0613976263924898","0.902195019095977","5.07304973558406","3.33519364243483","-1.85792628613886","-0.515182235518962","3.48392886272702","-1.25641757891135","-0.724704128677581","-4.47849446636752","-3.58317098878719","-6.95819682822507","-2.14111599823307","0.918924778956678","5.07235968231897","1.05794464068358","-3.02345129921123","5.77353566401082","-2.8185904508643","3.67670056940357","1.10907729732009","3.12246584550674","1.60394727739562","-5.72457483043605","-1.06119865026767","4.34212199885503","-0.168572119440272","6.52505765097122","3.18181357697815","-1.04536699469194","-6.86659012817047","-4.37853673264091","-8.95113315825592","-3.86511006089659","-0.422105263041214","-5.06347806664472","2.42565564788895","0.087542107611889","-3.00398295097061","0.801409063312634","3.62472644260698","-6.63221093975748","-9.03639199446992","-0.688759789811065","3.53194288549537","-5.55970580749401","-1.08461247876672","5.2732536145298","-4.87521423576288","-2.36198507820496","1.3090553627297","-8.34803057710714","1.65075549434111","-0.378987290792067","-2.34734506788662","3.20434092916045","-4.97894621028537","2.68925448637378","2.89281127234153","0.741816968350476","-0.701266346569704","-7.35851148752303","4.67652091735871","0.24211651301503","0.834697690449546","-2.63154277094109","-1.58573487337206","6.16400066015616","-1.85277290177706","-9.47701317786631","0.72112793045956"
"Random_Index23_13_0008","-3.08661993053927","2.13755958725533","5.48863233914486","3.07463219022778","4.79171143518166","2.10061298329359","5.16976587356832","-12.8394387322961","-2.77254245643974","-0.240515325116359","-3.73163783562656","-1.16208079848895","-0.610076745855985","6.90392339112079","-1.41015695656476","3.04462125048013","6.09793384909447","-4.71518455542122","0.350465787951657","0.928441203002308","-4.37876677073009","6.7466170111995","-2.04256161225263","0.0284745613562922","2.24115455117014","1.14368537896355","0.365249254038186","-3.80170467497774","-0.688112230401663","-0.91972901386143","-3.88307174293628","-3.07808536917922","-3.96890694407334","-3.03339133313056","2.90998082961109","1.76216271685286","-4.2920228598353","-3.13416615946351","6.7901227836823","0.032016705700678","3.28673110992622","1.42370208907638","-1.1974660609933","-3.47845413283591","0.067930540732563","0.926993279163352","4.98971399318972","3.16505143214504","-1.82429403092963","-0.667528559338667","3.53012431113441","-1.28777147916125","-0.680251740753559","-4.36993692261836","-3.41740677605553","-7.09916062050818","-2.14806633020713","0.960078662299375","5.04590068122918","1.17225675742256","-3.11451862368223","5.82929032353161","-2.78038335999216","3.64670716113624","1.11621853092579","3.21378333176672","1.75958716761013","-5.73944301613825","-0.993723950006038","4.29061286966651","-0.0919730826809267","6.45138367889","3.09157767489058","-1.06072674554432","-6.90053096864176","-4.51962020777821","-9.01086409008268","-4.09491747128178","-0.417927779462877","-5.14876792841324","2.32815092353394","0.157252710513496","-3.0598919454922","0.768258444057773","3.62615190826106","-6.65047803245956","-9.20238838772479","-0.707487734007141","3.40221203020535","-5.72300526846421","-1.13967187216006","5.32196112988583","-5.01818099799802","-2.46549270168505","1.37765614123309","-8.36182949604642","1.64249089784137","-0.369524748058917","-2.24950091789745","3.31830287873753","-5.03857715459407","2.79501870653907","2.75857940981781","0.759732451836442","-0.70673180992551","-7.56581879479637","4.6599636463876","0.236705848010361","0.838392695119499","-2.63355874790981","-1.65010249809828","6.2034724181062","-1.95582881483451","-9.53626436191827","0.845890511925862"
"Random_Index23_13_0009","-3.09912959279977","2.03653511577615","5.58053652879275","3.05306338421162","4.87071405024309","2.04835847505294","5.14054515992962","-12.9184833147791","-2.77641532904776","-0.211131011264204","-3.71360367997338","-1.16237400348362","-0.557456220381239","6.85689275468225","-1.37123224578005","3.05162356838247","6.26425538910977","-4.67656471796473","0.259075275181379","0.837196062343837","-4.31938662266949","6.84071193697653","-2.0981576824778","-0.0460866725573359","2.31581471115854","1.12384782276802","0.342698865014025","-3.8026256282619","-0.610316956674916","-0.982131905341511","-3.87594058924318","-3.13387933879881","-4.07110287175317","-2.99641122700532","3.10797477977368","1.7477262150441","-4.25965057992737","-3.14981869487081","6.95741031827906","0.04692679490207","3.26426812163331","1.39204884572502","-1.24926864987113","-3.6266426845899","0.0794004983162525","0.964534276967232","5.03757640873785","3.27188208800396","-1.87198016089317","-0.668043855700629","3.51584810379195","-1.2324231083231","-0.693710904503651","-4.50988071000787","-3.57682768423568","-7.11760921934231","-2.13397456673295","1.10431388031752","5.04338905299433","1.14784524168764","-3.2126441377951","5.81200077209575","-2.8865461605493","3.65048089543205","1.0832709234238","3.31603598202018","1.64234744245538","-5.77457865954947","-1.08061755362388","4.34979757773832","-0.193877842547734","6.55586729874491","3.16548740406194","-1.09804579283315","-6.81662555930114","-4.46711044452665","-9.08151637161823","-3.96557069182026","-0.34798421987822","-5.11614357273551","2.34889658963921","0.112979612101774","-3.12651820629612","0.71192574262545","3.6387562931294","-6.70983760287988","-9.17472455454231","-0.72109704130458","3.47314926014149","-5.66491859344483","-1.23982475386535","5.29540597235867","-4.95110694851557","-2.45201564223493","1.34996775304583","-8.52989526217237","1.65496345200126","-0.367551976368792","-2.31994318518501","3.43464571224857","-5.04681895770676","2.8772969292701","2.7989704169892","0.759511951404628","-0.684335396791371","-7.52542430132589","4.69894860768529","0.201505153791727","0.777850088460051","-2.72096589687732","-1.70820667331326","6.28602660073022","-1.90516205677899","-9.6860692697543","0.803725958912938"
"Random_Index23_13_0010","-3.01386978269376","2.23016242907213","5.53880756591267","3.14834360529047","4.74870401228669","1.98204191154146","5.17461651773499","-12.7977657905283","-2.83596167985039","-0.254893087324481","-3.70668494330563","-1.05578088259951","-0.576067706416477","6.9325553318723","-1.37626119527054","3.11436663153557","6.30893309184529","-4.70042775886178","0.327293929819382","0.882665680607294","-4.45134215678254","6.85496430154833","-2.06476637195043","-0.0899715236394304","2.33177279863321","1.14053685654809","0.33493396675634","-3.75406222464122","-0.627908564847105","-0.8555379938045","-3.83987707738139","-2.98736565134208","-3.93900753437899","-3.017252398512","3.06423973148273","1.67512484058416","-4.16417197373883","-3.30788731831651","6.96792230014945","0.0497573998505974","3.29669077794891","1.43768831953959","-1.12075365815086","-3.5545462034797","0.132184684207846","0.811292836713491","5.06657241714952","3.21595555423983","-1.79062080797496","-0.654298658885876","3.52524958570954","-1.25793456110167","-0.655219535565069","-4.61572576610013","-3.62115167306504","-7.06766990586919","-2.04480707103847","1.09933370775024","5.04209126527578","1.00124001313586","-3.14933181945951","5.86757594531555","-2.85525101739379","3.68567401071676","1.05491400134547","3.33697569083965","1.5151016669456","-5.75153498993142","-0.971881892611322","4.34029149315048","-0.172976724720357","6.62037751313951","3.21492406490245","-1.08432855461965","-6.79259457032013","-4.50236582328297","-9.02720601894435","-3.98512958087964","-0.416617986035668","-5.24326634630462","2.48656516977194","0.0836033815821283","-3.12655138373474","0.712549513865632","3.73160217601153","-6.65430191795528","-9.11807138442054","-0.67610652466602","3.46632280505468","-5.88801645402422","-1.21734637335623","5.2576614353654","-4.93520774409035","-2.17926759740101","1.38309976952739","-8.54404412768291","1.69353177080312","-0.324085781154233","-2.28821487195876","3.40741170784139","-5.13850382728724","2.90558780806821","2.82662703011991","0.653629048278925","-0.711211359408627","-7.58458287617241","4.73563277135088","0.317016657915292","0.843335530887596","-2.63758196133277","-1.61363164550418","6.22704560940497","-2.08656659873072","-9.61462554426854","0.800185053932768"
"Random_Index23_13_0011","-3.00764149486392","1.99103117516474","5.48454576378296","3.00607437767144","4.74704113473996","2.11418043707781","5.07649090514296","-12.8896638258479","-2.74219653146735","-0.176578683823613","-3.62653228182569","-1.03998619821304","-0.412194403967263","6.73579059312739","-1.29854324170758","2.98370178666205","6.14620777915563","-4.64192582155186","0.352663302987263","0.762059525651923","-4.27312373057086","6.71852610027125","-1.97098143396417","-0.101039865089028","2.2525419342124","1.234073650266","0.294272738895611","-3.65684555711942","-0.64401971031387","-0.899614133452684","-3.83236899561363","-3.03988593497774","-3.95511591804221","-3.02457277413876","2.98304463374263","1.75950227825825","-4.22339472147488","-3.20069308030464","6.86343988888881","0.115054359939865","3.14293364816927","1.4415577214736","-1.15353979878377","-3.4752108632316","-0.110924168524976","0.852914867562142","4.96443654240333","3.1832976393003","-1.84587796315291","-0.690180857813437","3.3981351187841","-1.16559886212235","-0.606304789399666","-4.42724185233355","-3.52763911275141","-7.08109851909241","-2.36932159149737","1.01684395538186","4.96845413980675","1.03790523785701","-3.11549306178924","5.71117676878746","-2.78489097713925","3.52734472469547","1.17086169176181","3.21786907268082","1.67973368888019","-5.7427929273193","-1.00273526458353","4.26111088679271","-0.177262799590294","6.48063128144643","3.06598890222065","-1.11450496298373","-6.83164556801604","-4.35156563639972","-9.14191765543698","-4.03375412733305","-0.323157713497658","-5.23720407797296","2.28509412027567","0.22786163729854","-3.03218880945888","0.632788064810943","3.5533858744903","-6.65014125157608","-9.10646508755295","-0.627025342974596","3.38024755655713","-5.61421762735489","-1.21469385491039","5.19403851987455","-5.06832962194587","-2.42445305760119","1.27438202537617","-8.45912870098709","1.56524648921495","-0.299460670145129","-2.34368606033789","3.3417872106626","-4.97580090272487","2.80389070163118","2.69146165973832","0.834758992538607","-0.690366413663958","-7.54231532556228","4.58187282762725","0.335128498415278","0.83851101392436","-2.62416662347035","-1.76437448074873","6.16917489499121","-1.88028234772162","-9.59704439410405","0.830880574062197"
"Random_Index23_13_0012","-3.08517615545292","2.15890546513342","5.59429379853187","3.19305972256323","4.82097746818121","1.99179865164666","5.16312340851699","-13.0708068893954","-2.96273293595194","-0.398694448865899","-3.84908581886012","-1.31153886249678","-0.749269050990393","6.93885339579298","-1.628274128078","3.14213572160239","6.32237738343019","-4.67550183095041","0.12126678995285","0.96333634300098","-4.42165754779096","6.88901436180956","-2.07413058397589","0.184329928232526","2.2933098909793","1.10958927173023","0.477298467544763","-3.80183660277868","-0.61293734577732","-1.09591935118055","-3.99511211777984","-3.22944301819919","-4.0444337489012","-2.9953988350872","2.94478990172561","1.78170384383643","-4.33079593760731","-3.17643053726283","7.04691411649943","0.0454633225477892","3.33596699485219","1.30849920610575","-1.26149103515586","-3.62896766885328","0.154613608375776","1.10272333013961","5.13326619191482","3.33333522736129","-1.9546715977456","-0.609866250242589","3.48804541423312","-1.4611943618757","-0.884358413201653","-4.55963223239929","-3.6152639558821","-7.35840637451358","-2.17628481521513","0.948580954306704","5.19260798681497","1.20748200968227","-3.27379508513168","5.84422786608385","-2.91857164778369","3.70695412189951","1.0827843575967","3.33870432700252","1.623202757787","-5.81939722089278","-1.22274232209017","4.48987735359372","-0.177152417408854","6.62685555960488","3.18973571193956","-1.02966511865253","-6.82307646562053","-4.58850502169517","-9.08922999640044","-4.1365854280301","-0.515058766940489","-5.2884595865999","2.41050823815817","0.11554807416109","-3.12189554564408","0.913209987028836","3.69217162786934","-6.85725033013257","-9.25440091584565","-0.831185628766591","3.54812264359862","-5.48777320099495","-1.20458800480221","5.42161170033956","-4.91636758852175","-2.14284997026418","1.46121536576935","-8.40706629289854","1.70189776145379","-0.479734358898626","-2.37419545217957","3.32532149847295","-5.25817527638112","2.83413469814485","2.88454781603061","0.728181155520637","-0.727447636483222","-7.86970329860391","4.73041400465413","0.185169182210952","0.800889070975815","-2.76174012498592","-1.65538808414959","6.27929100124224","-2.02878945930242","-9.69851470653558","0.755366250543008"
"Random_Index23_13_0013","-3.21969260339474","2.19682710541867","5.54871593277683","3.1836367825719","4.84349190302469","2.06836341216234","5.08396783615712","-13.0040996540091","-2.80294718555958","-0.232834954799943","-3.80055513112595","-1.10895024666045","-0.619083956372242","6.91656826039299","-1.39477077827244","3.02899384189872","6.43190737832427","-4.54419529814931","0.264370829683267","0.792627821017991","-4.40594822045937","6.87407059394803","-2.09097357482844","0.197527281337144","2.40784046089974","1.14970203160849","0.339529331942391","-3.84555016469646","-0.516402208091054","-0.985509833200997","-3.94217300391283","-3.1703048334847","-4.10839609875042","-3.0227177925927","3.14931282043167","1.632722988258","-4.22311457501881","-3.22615242657582","7.05522381946915","0.0225793928401313","3.39986049696932","1.39262818251837","-1.19161596964314","-3.68062481847288","0.0588475328512319","0.993291044180893","5.23077482107688","3.41320756406631","-1.86659274890417","-0.483483255924052","3.4892297631643","-1.31047825220287","-0.767982295934595","-4.54807646212567","-3.58286121384727","-7.24511043533406","-2.06789448217875","1.19329463616288","5.15461127526232","1.00545992853134","-3.06958428553011","5.85879604814611","-2.78748314987755","3.6851285365528","1.11950462617327","3.45597956438173","1.57328665034087","-5.78598546568224","-1.05661377769491","4.41932419399783","-0.187139289350096","6.72446068216936","3.29891133636844","-1.11831809132236","-6.91920588639469","-4.52934560029596","-9.1664621435736","-3.92126086799521","-0.417953072223019","-5.27347853972171","2.54168560852377","0.147388265309641","-2.98593912657591","0.886513557828278","3.72358506549614","-6.73036429546831","-9.28813872794085","-0.839070121162343","3.53246080002713","-5.62078353309545","-1.07575003990046","5.357978611648","-5.02878929854008","-2.34546509240272","1.38149820536648","-8.45866875386364","1.60433534869639","-0.405819864692045","-2.30625282406926","3.50494412000957","-5.04192383846088","3.08339888781307","2.90170097220442","0.745134500811102","-0.671393352792676","-7.48266689550558","4.83832401794143","0.220538191417788","0.916559988763703","-2.80512680120688","-1.60833989206963","6.36944478357167","-2.02210034268319","-9.61175532661968","0.790190698698883"
"Random_Index23_13_0014","-3.08090316397833","2.16932033028074","5.71027395107491","3.30366165228532","4.95253377136088","1.89462636454499","5.07069971523181","-12.950737820161","-2.93531990058816","-0.446589785697071","-3.82849352953641","-1.28001482872028","-0.775965716400003","6.95927836090162","-1.49947957112122","3.09301335544075","6.31463978459819","-4.7944119562387","0.138503459733212","1.03016139523038","-4.22203708050356","6.98658490597059","-2.11155151376509","0.18379537597777","2.43613342268096","1.00702342121739","0.516869072011712","-3.83120578832379","-0.510432090207063","-1.12760355386652","-4.03651245850925","-3.22308237935259","-4.0749985235622","-2.88598857552116","3.08160704153202","1.63924699934427","-4.32264239867297","-3.12262094946149","7.13013765981491","-0.0461035433689604","3.38855448795993","1.22284626579658","-1.31009690914681","-3.58028400998128","0.174147987831089","1.01256961710054","5.30554049537202","3.34341876491052","-2.00701746747366","-0.53515175779335","3.65089579298414","-1.45168742333128","-0.884934831308977","-4.31487106830311","-3.57804143427504","-7.17104244174489","-2.03547149886765","1.12873622743183","5.16770305063837","1.13257869197217","-3.32884493546892","5.9515329635735","-3.00874289668048","3.75482356799392","0.984443041195404","3.31445502430125","1.37051402659611","-6.27443187039867","-1.1429589708188","4.6392868861899","-0.316830690415717","6.66745253592962","3.18772154704393","-1.08995271460992","-6.92796013327136","-4.54197757313882","-9.04307895306473","-3.99141143746569","-0.44913134700057","-5.09086788924083","2.42597243425321","0.12399400902145","-3.13326147597198","0.950967713536499","3.82912750186503","-6.78125564998602","-9.24806092007078","-0.834392566385382","3.59141245481305","-5.36748555826179","-1.04106244680722","5.45175959692564","-4.97184382807541","-2.18407088823238","1.50805093011212","-8.44191248458745","1.77058115995719","-0.517030771222244","-2.37116308150783","3.47301388347332","-5.22749400515636","2.96170801079717","3.03309593641257","0.658570007969886","-0.760948167417104","-7.50138521152589","4.75155894626971","0.114398626174154","0.827118131184008","-2.70295561630392","-1.52685667648631","6.30842569859354","-2.04547231254881","-9.54221179293337","0.664050726453466"
"Random_Index23_13_0015","-3.10047633241431","2.11986727276535","5.60353530385295","3.25433322164073","4.78181707923444","2.13502148405144","5.11036829689851","-12.9338880155352","-2.78885692290923","-0.273544037883331","-3.68678283310001","-1.19283773768277","-0.692033789952467","6.83149479500357","-1.4418997021244","3.07880520288231","6.37750882108328","-4.46542564519239","0.174306048556755","0.788183214328116","-4.36640831119602","6.81384899782758","-2.0632241474198","-0.0505085415210723","2.31544776320436","1.1452143415341","0.328026075411765","-3.72171474937226","-0.637790335868207","-1.05048200150309","-3.7667299270524","-3.18025411548712","-4.20531762595291","-2.99307793318684","3.05480859555108","1.64915123189524","-4.14313213679883","-3.05830203233976","7.00322903189132","0.131342612256601","3.27005465348936","1.33038845872194","-1.15258247923405","-3.45514473589808","0.111676799314085","1.0160525667004","5.0409392004141","3.36093374495024","-1.94863753217413","-0.503566738562299","3.44249961739579","-1.41773924205153","-0.875479999620958","-4.48061675698325","-3.7890596475062","-7.17769675635695","-2.18030938783877","1.11456255873455","5.07939461461653","1.11883967112813","-2.94621706705882","5.81066627366293","-2.78772157168687","3.64052531566947","1.08253879151989","3.36944201938172","1.43373819738783","-5.7289799732204","-0.953653923208033","4.41414120646635","-0.296116593190421","6.61134822673667","3.27313836941392","-1.07055505359391","-6.77904526947802","-4.52743882472484","-8.97132037030839","-3.95583403670903","-0.339954523907331","-5.08033580400486","2.51020740743492","0.166038771385197","-3.01900020552766","0.81827219736226","3.72629616225218","-6.58458251278892","-9.23828088621033","-0.796003953647909","3.43631461612515","-5.52212320069566","-1.13342322275532","5.25609426844994","-4.93587076888044","-2.22308184191924","1.26413387741501","-8.47363327368442","1.54344987424225","-0.354033389563444","-2.40583169439697","3.39410434019345","-5.08019702736852","2.99260609467491","2.92052781679886","0.812588607430619","-0.577620663686924","-7.54409089393639","4.72661342703014","0.210506180809053","0.767939077702216","-2.70443488183398","-1.61189605205084","6.32536029132747","-1.88526712840993","-9.58742547654691","0.893207913923892"
"Random_Index23_13_0016","-3.05508935800619","2.15233974112749","5.53271508615846","3.06313173886046","4.82322362689741","2.12381789468485","5.11214232768065","-12.9334698899723","-2.87345578256152","-0.149992031065292","-3.65519456612686","-1.0930677262704","-0.552550554797353","6.90686557692603","-1.36335268008727","3.19639108494523","6.22717538748929","-4.57356523650812","0.335130275230688","0.936244071501573","-4.2158525486578","6.78836961549707","-1.98967805983484","0.0483925242297858","2.17396077198615","1.23162163330477","0.417274325049718","-3.706648747179","-0.57590589206662","-0.948791485264287","-3.91727658935019","-3.05341353507379","-4.0227613019338","-2.91734491580513","3.0522425759312","1.79950376732012","-4.2987853243206","-3.15482760775697","6.94118793358074","0.193518141433381","3.23013769800289","1.48138636035199","-1.16037305232291","-3.5600715069291","0.0933989840591828","0.961759967415435","5.01776036706392","3.14751560065037","-1.80645521087413","-0.724583739887622","3.4866911193121","-1.2325167958689","-0.667570264578234","-4.37546018084961","-3.47207027797185","-7.23100794888678","-2.25951892803252","1.01900161366793","5.0015550283062","1.14471418614396","-3.15134145731473","5.81115089476472","-2.94127864378688","3.59568488234043","1.21397569112497","3.23901004317974","1.70100412080891","-5.77861054474308","-1.01244215249379","4.37198071729223","-0.133585539999892","6.4598814270316","3.10986843060608","-1.05273058149798","-6.91384182260523","-4.38509509380696","-9.10320332430767","-4.15608187114081","-0.402668914106882","-5.19190559146735","2.30994303177865","0.20790740698533","-3.10689645860183","0.82033853502481","3.65797097821302","-6.7286768714857","-9.14360621407781","-0.732711881714221","3.40239588172385","-5.55111295872062","-1.30769830304696","5.44746414393561","-4.97120921472246","-2.26282075844973","1.4341949100647","-8.48862210782834","1.68066539245594","-0.338999598293222","-2.2847850440258","3.42442944926805","-5.01694548799549","2.85113570314922","2.79173931436463","0.945089232332923","-0.575772727869815","-7.61501968038452","4.50099681935669","0.346037493377462","0.719911195282455","-2.61627155868211","-1.70361131143585","6.12078681761523","-2.10763190097271","-9.62099916489194","0.89884375042522"
"Random_Index23_13_0017","-3.07874536815021","2.1496653559714","5.63192724997377","3.21020880330348","4.95294941735674","1.91306587688457","5.08205572528261","-13.0617878819935","-2.8729075842023","-0.376184088452964","-3.81160926235709","-1.28287529715213","-0.709462890367027","6.95760277686935","-1.46047978177333","3.17584984796709","6.28760040502313","-4.72604675792452","0.20920478024696","0.95904571808613","-4.34605067398905","6.93217877367555","-2.15623598850501","0.103424690592065","2.41200012203779","1.18693674665137","0.466001612480475","-3.9305064142867","-0.473477100422795","-1.09214359199906","-4.02532167274334","-3.28843332452847","-4.12563730074793","-2.99363958388811","3.0339844190381","1.74884589097203","-4.35113819232103","-3.12606673595369","7.02829467270595","-0.0150432077207256","3.43038534675238","1.29043253620319","-1.28489602293164","-3.65483239362759","0.154262081679471","1.08618110351799","5.15864039615995","3.40093267142584","-1.99446509091137","-0.576789292177871","3.5530357814102","-1.42106014558876","-0.838838467504073","-4.44302367677596","-3.52985641369111","-7.26318854824026","-2.02448085690789","1.03369942665296","5.17279518909594","1.23430631159495","-3.30126012916937","5.9698779173277","-3.04812055078513","3.73527607192835","1.03307614506233","3.23295201835825","1.56800513873828","-5.87296432308002","-1.30403752399592","4.40657962165519","-0.207693990287067","6.5958919628297","3.26591539932536","-1.15003444987836","-6.82707452549116","-4.69470386849368","-9.08707259199388","-4.04643198341252","-0.487008430069778","-5.19252657078827","2.39124537183221","0.10355437140577","-3.22034551569487","0.921982742677837","3.72734702866045","-6.8559595544721","-9.1787900564546","-0.775860868467464","3.59586141188231","-5.5251870922949","-1.10937936326917","5.43272375230996","-5.19280826701953","-2.20042668440269","1.54774024504628","-8.44273437050436","1.71480020166803","-0.444116845549873","-2.1645943946412","3.40537675581461","-5.26246142919725","2.84019503774017","2.87061873486196","0.655209040822296","-0.747030983372314","-7.57255541585189","4.79549647144701","0.117738154003738","0.881268209766547","-2.75064235632558","-1.76238717844325","6.32589698600819","-1.98847660012906","-9.72467922780683","0.687977111057517"
"Random_Index23_13_0018","-3.14616789271486","1.98051224001678","5.41335995032446","2.97745052886702","4.65170137468752","2.27520852290721","5.26918702992138","-12.9847505580309","-2.61479788437712","-0.157074394650683","-3.63172401817881","-1.14568335879178","-0.442779937416042","6.72099801044219","-1.32590474467162","2.89724582724485","6.18171749086061","-4.57163235431814","0.330390482343669","0.622479983450393","-4.37332063435957","6.64398557101223","-2.00686515026545","-0.211702724299129","2.33443830101823","1.2705190658512","0.254169395658409","-3.7213001914406","-0.722337172876342","-0.920052333853169","-3.64526696921791","-3.04241009163368","-4.047115504012","-3.05928845017042","3.05588500362985","1.68242082110823","-4.06084833857203","-3.02870104912391","6.83739817370086","0.153128902548988","3.09561759596942","1.40878038028973","-1.20920819923124","-3.47977627676772","-0.101430047884487","1.04489783677702","4.94427309547489","3.3146794753364","-1.72966120849645","-0.631471752249269","3.26853491991125","-1.24203210407748","-0.680632002220561","-4.52941184052709","-3.57355611968841","-7.02993699645046","-2.37407054431237","1.04847709227972","4.97369238350768","1.21912303706928","-2.94001356173919","5.74990985552792","-2.70796365319642","3.48357524944827","1.08647674334494","3.30074777122848","1.6812225025974","-5.63377365334688","-1.01113801400001","4.18837250792513","-0.237372370668707","6.46413369241899","3.07374576252371","-0.971163828978","-6.79457457461183","-4.36649089086105","-9.11325510662098","-3.95489393012592","-0.188674784530697","-5.13071225469087","2.27150579236464","0.207990051744772","-2.89560446835059","0.703960243211115","3.45933354558478","-6.59004817164957","-9.12918494905915","-0.725538671874269","3.36433839960482","-5.59591293606031","-1.21564688677554","5.18123033417705","-4.99504353153333","-2.38141439378223","1.14781413036921","-8.28842289826664","1.42402755838718","-0.198279415929966","-2.38380044030032","3.29630624111623","-4.93605900199459","2.83784474080722","2.64970082384088","0.908592618969725","-0.575210421164744","-7.68170257084321","4.61264458669258","0.365549025894624","0.900213307823372","-2.66458320603145","-1.77797927597819","6.20769173649283","-1.73459327451789","-9.58515839339865","0.860413085076524"
"Random_Index23_13_0019","-3.14389018182091","2.26939519949867","5.58710731595387","3.1859069417786","4.78425104917495","2.02017715579604","5.1982983329885","-12.8067659984532","-2.79565656708647","-0.355177138420097","-3.78633713840986","-1.18257806271237","-0.652507718141122","6.92354904317068","-1.43302997598964","3.09815795472853","6.32437011335031","-4.64858951637484","0.204645154142041","0.839511232655976","-4.25337934477091","6.91405567617056","-2.09881478821039","0.0907247063250449","2.33942145116378","1.10151336053271","0.38813441509422","-3.85447697657972","-0.502757968003484","-1.05318878784348","-3.88876916205143","-3.14648472744547","-3.9491976226175","-2.97283589082692","3.0669902399504","1.69941156028887","-4.1604048648913","-3.10644289971852","7.00478478386427","0.075081328052011","3.28218736630463","1.32008126577062","-1.23170517066641","-3.49627303943985","0.13137601666788","1.04437755228278","5.07070023830459","3.38131130442535","-1.92452702129341","-0.569419608477893","3.55093535645369","-1.36105179090849","-0.788782895962371","-4.55663884842703","-3.611630205631","-7.12170315250874","-2.09479387830887","1.09156734815753","5.107537981589","1.16141318917658","-3.20698214233771","5.8452821792349","-2.85457847746797","3.65383081615406","1.07450349998018","3.40843147259243","1.63738032195457","-5.81299423489813","-1.1363424431148","4.35957706363873","-0.173963323217687","6.66706118849721","3.29990415264207","-1.04241326666152","-6.85318643127274","-4.51763197961557","-8.83146435353826","-4.00143483966941","-0.4053923496737","-5.15049946478467","2.46747029350876","0.171090057174553","-3.04268600540732","0.840915830110522","3.73743521733113","-6.70788816049185","-9.12365899659142","-0.83240391478917","3.56885208579825","-5.52048294728715","-1.10453526338467","5.41226481542231","-4.77883207857022","-2.1013612337668","1.39788850264168","-8.33054556989283","1.67016488119502","-0.406050345914689","-2.21964357516308","3.41634265931355","-5.05847145174539","2.91756929249488","2.95291997635177","0.676873041034954","-0.765303233436128","-7.47506234887584","4.77830164278287","0.223376580272665","0.906466353383499","-2.73497514988424","-1.65176601032289","6.26798266464248","-2.0783700569052","-9.64480000769634","0.800498956899851"
"Random_Index23_13_0020","-3.22894790235813","2.14113483112642","5.59133227326925","3.22651964916367","4.77378394684603","2.06741655793564","5.08546627693903","-13.0022827930088","-2.88049154268218","-0.395664455560821","-3.83783451878222","-1.27272308960568","-0.85899361311534","6.76176288593137","-1.48855083634744","3.00329853682229","6.42101861848769","-4.63529559916665","0.284997215240186","0.829419819670766","-4.30466195206838","6.82054086073447","-2.10784568636919","0.0186665283799333","2.40448467227261","1.03157200746303","0.353709647291864","-3.8520031747476","-0.599517034577041","-1.08784571304198","-3.88937046423543","-3.24295644098055","-4.21310837806079","-3.1398406120759","3.1563175641557","1.56118452039461","-4.22302855236353","-3.1200545794692","7.01295306796916","0.0749517389133756","3.35566645450696","1.28505697619395","-1.20345085811536","-3.60737578707937","0.0315290610034487","1.07971813870284","4.93042361445855","3.34726049180105","-1.91702341301703","-0.506275409766745","3.41317103119894","-1.52696684446799","-0.873650313817332","-4.53902208504285","-3.73034002612264","-7.14270978573682","-2.23714340262149","1.19894166306394","5.10722895044769","1.04165349627536","-3.18373649057128","5.84105354561635","-2.84317156694922","3.63078530853064","0.963125167163557","3.41459906552921","1.40227844561925","-5.79711677828374","-1.05955953163711","4.42969420367369","-0.353779782300513","6.62040365819807","3.30141795914512","-1.04751200847989","-6.81534453526582","-4.6833333047454","-9.02742820432978","-4.28614182617439","-0.422323044067131","-5.13696452416015","2.4623154092453","0.115960834463378","-3.08724684785146","0.885259445353296","3.65912104493688","-6.70388053091424","-9.21093028351623","-0.902435569518865","3.51800611426482","-5.491648060443","-1.10843610848628","5.31750296635276","-4.90323264957034","-2.15809803733224","1.39404650398054","-8.32539388743522","1.58488969984009","-0.429671541316844","-2.39562929331664","3.48407617975395","-5.07280646965383","2.92478627512706","2.88329772597055","0.78125008490082","-0.646442297466093","-7.57610227684565","4.68311498004697","0.282378533143829","0.704951469289348","-2.96149213226805","-1.61676122173742","6.28588879449134","-2.02195345404233","-9.64133469884484","0.811160414735913"
"Random_Index23_13_0021","-3.16793724818636","2.19717480249439","5.71548024914896","3.14557056492214","4.89621363533884","2.0602305390377","5.22322227895425","-13.0191929031866","-2.73614910957145","-0.304920302756952","-3.78487842628508","-1.24625167552109","-0.583673039467855","6.91327840129078","-1.45217633235191","3.00725348011378","6.36262564660893","-4.67624467717181","0.229531839026476","0.855574561391727","-4.32669201762583","6.88412654208004","-2.10647172695848","0.0641497233124414","2.37173048421345","1.10689756503756","0.417636373126234","-3.86222478337691","-0.592149679200324","-1.008387923475","-3.9051693772396","-3.14352329571718","-4.05543860171287","-2.98910296854956","3.13749420144126","1.71662016079154","-4.15829112534575","-3.13597031302019","6.91804289913575","0.0114059095948368","3.3477541515558","1.32070523201313","-1.37209487758036","-3.62694697386985","0.144802227790175","1.05724602164772","5.20108723431377","3.40249501382085","-1.92362664209774","-0.56295550578887","3.54532729165904","-1.39054175826568","-0.70456246011615","-4.60626431971556","-3.61540032722352","-7.0962115865914","-2.11805440736518","1.084631005404","5.18647212657404","1.27156153625445","-3.27658933867856","5.97090159646565","-2.94467483696435","3.76462088578788","0.996094522439037","3.35503102315891","1.62713639612419","-5.7754232713271","-1.13321417095686","4.48864100701311","-0.118331965599192","6.68336891089807","3.29903785509453","-1.13801726887863","-6.80742041244983","-4.54880861318018","-9.11708821885706","-3.95576657537876","-0.453796574420033","-5.1875836028353","2.44021204917364","0.215033516705963","-3.13915578593446","0.8120947909714","3.69938396873687","-6.7567815020511","-9.19901714510871","-0.869186112391776","3.58309880703293","-5.67019769133877","-1.13100133100621","5.38379860946126","-4.87236430636933","-2.26627450423175","1.39999606169723","-8.4933031530739","1.74380546666601","-0.400273866648476","-2.19354036372535","3.43667934266798","-5.13320768136645","2.91118136254112","2.86590073638463","0.797056787151124","-0.758137269922818","-7.5738310598986","4.7543164512062","0.209195827472804","0.862650305263034","-2.84657427547313","-1.53679842502388","6.35850554492039","-1.96661289669924","-9.79213428791648","0.799421359560125"
"Random_Index23_13_0022","-3.16596909171743","2.23595397279155","5.65421691578448","3.26789879102291","4.9424761140277","2.01828040721074","5.13421417309194","-12.9298153427766","-2.89998537964613","-0.348103347358587","-3.80421435633035","-1.25714711892443","-0.658385253990863","6.99964147876338","-1.49757542139372","3.13865683763275","6.30829968470888","-4.74018942396251","0.155111046886639","0.989240266776798","-4.32995136637597","6.99456090747766","-2.08760121466736","0.0891486206144938","2.35478975114252","1.05170803976004","0.385432963642497","-3.86349684837025","-0.558128592550434","-1.10834948108991","-3.98056212129265","-3.21568568200127","-4.13098058186513","-2.99774586135239","3.06301497012231","1.62298469415051","-4.28378481330567","-3.18989026587338","7.05957655131818","0.0329691107025648","3.47770462890443","1.34286729425172","-1.28861100828154","-3.63744841902071","0.204305625515752","1.03739782427176","5.22499099887553","3.40841938963724","-1.90601382392233","-0.533467719874936","3.59035204460005","-1.42391371428577","-0.817623462007711","-4.51078425400227","-3.66863073548976","-7.21663771168668","-2.04055108679996","1.0610126953883","5.22289619405521","1.12388752573876","-3.25775274360493","5.95769327606508","-2.89353640255124","3.79427168524654","1.09212828088535","3.3868216192438","1.51964831556614","-5.8592770339025","-1.08189020846181","4.53609469279516","-0.105224851116133","6.64488961883593","3.26980470266252","-1.09155401936045","-6.78831097488202","-4.61623392570446","-8.97000608640329","-3.98145374274654","-0.595227044174372","-5.21302608951843","2.52114713001955","0.145862127477208","-3.09119961433847","0.924717376059271","3.79409282783947","-6.7881840489963","-9.25484853956837","-0.825809057864628","3.59461444801679","-5.5139862040795","-1.07342947031308","5.40849171643382","-4.94738908041206","-2.231071718622","1.44169015623168","-8.57535097859601","1.63632104167639","-0.492248484167216","-2.28191658239964","3.43589006943706","-5.10155929637434","2.91156500810217","2.97429748756841","0.720530730728039","-0.722298265876626","-7.59484297891805","4.76013793903086","0.202588158760985","0.819491013260083","-2.78673006589028","-1.59195999681225","6.34963379853458","-2.10557425128212","-9.64078072636831","0.828550562300208"
"Random_Index23_13_0023","-3.08224173573385","2.0212340806571","5.41390371955933","3.01137250418342","4.7477115048337","2.06911252684732","5.0293617608841","-12.917707616245","-2.86996669707466","-0.280763916540461","-3.75637596041583","-1.11406896108531","-0.566967070143674","6.87697856955708","-1.35820212808692","3.08433949585315","6.27458390215745","-4.69898820663229","0.274698818883994","0.928050514575763","-4.35819195030026","6.72278650776754","-2.00371988578639","0.151032254803179","2.20650224893085","1.29262812926682","0.500277725845376","-3.78152151036954","-0.562728287047973","-0.946517739561008","-3.91382979083639","-3.11357738330561","-4.08463186743047","-3.15743148358732","3.08557773282199","1.65547362157419","-4.33778722032731","-3.30441359932884","7.0207649511907","-0.0182624345098653","3.16735810470034","1.37199352518336","-1.19468740404016","-3.53338509302476","-0.0242910058195175","1.00703327395388","4.94298076799349","3.19819214624634","-1.92463092511486","-0.663023017521691","3.3818109527316","-1.28334765572792","-0.595983896862301","-4.35655549538435","-3.38773910361469","-7.19578139738617","-2.00020098851681","1.03423347437854","5.0428771462505","1.13190818812475","-3.19353529186521","5.70212836623221","-2.89456383574899","3.56815942016248","1.19201199188229","3.28294121624344","1.63868967274067","-5.75738473403018","-1.07432858548194","4.31877783301612","-0.223439503094238","6.53985339813019","3.03922725012368","-1.08734654075321","-6.95455246763399","-4.58472976979726","-9.10015426089872","-4.09488244203417","-0.369650933019209","-5.26305504641514","2.31115667791222","0.210122141755453","-3.09709301514087","0.82213435883755","3.65474990736","-6.77858237144056","-9.12083219665727","-0.61821484275275","3.34561522030717","-5.59332770339433","-1.29684443152717","5.45860937301259","-5.07608017353404","-2.33572343060163","1.44709556818283","-8.49561270224744","1.74165547832825","-0.347108936128629","-2.2740513818239","3.45964672494842","-5.08367110060092","2.91801053014351","2.73512271856592","0.789807462896974","-0.63819622808369","-7.51504025163273","4.58994315392652","0.239401933819407","0.704984374081965","-2.58827138230595","-1.83568094533276","6.16275211719366","-1.96735815437585","-9.5391081228618","0.787533811147393"
"Random_Index23_13_0024","-3.14538174186736","2.0774307710228","5.54653841794665","3.12465299524529","4.88246628190651","2.06386650858233","5.18281271300836","-13.0046125272656","-2.90032656353634","-0.282529558903367","-3.73898164808318","-1.1628415121906","-0.573612476790607","6.95041319267902","-1.42106434426232","3.11120881179191","6.29948800125573","-4.81130144179072","0.26729512591127","0.859591414709956","-4.46435289900682","6.88597175066224","-2.04922379782509","0.0123262463438839","2.31767139355493","1.19501203081584","0.362333299981212","-3.83934581157865","-0.510344273132","-1.02272258289242","-3.94154907421227","-3.09581996379338","-4.03069650011946","-3.07907962381256","3.09922458880673","1.66586996921043","-4.31494420924853","-3.21537552412906","6.98938269549132","0.0734349595707764","3.25707313820896","1.40421121056641","-1.267685250556","-3.62038603407451","0.185984974118711","0.988329636412321","5.04645911923135","3.26536247729395","-2.01555287655387","-0.640693200957968","3.54617517335536","-1.32733452771706","-0.739221724964245","-4.49189134807083","-3.61613722404897","-7.34270976733922","-2.13914186011233","1.13595570978366","5.07479055250791","1.13189756601525","-3.25986496574804","5.84498858874017","-2.85960974433955","3.70776779825438","1.15907034077155","3.36123715021066","1.61915270123037","-5.78037084022914","-1.08647071091231","4.37701372642656","-0.111339544311492","6.62391700982357","3.18148954023478","-1.02652487875433","-6.94027308382977","-4.52384180606348","-9.02122348384326","-4.10813940265199","-0.473174106317686","-5.2802124999871","2.39755264702305","0.21181722319739","-3.05691359783733","0.862808034474049","3.70529973136991","-6.84386882480264","-9.2022892879283","-0.73214047548378","3.45897144329058","-5.71795747312125","-1.10836154035719","5.36819959420605","-5.04978773672631","-2.2420578200377","1.44310582611974","-8.49139884347976","1.72244239708298","-0.411210622636528","-2.27151597457026","3.47201735296109","-5.07167403831435","2.87455696501968","2.81956798060286","0.815610881028291","-0.78996478128526","-7.74052600499495","4.76014091292381","0.279213611269711","0.741199409070527","-2.71361378057963","-1.71859163377592","6.33276372053484","-2.10544461118639","-9.6928580836983","0.874080836719911"
"Random_Index23_13_0025","-3.41406847427873","2.19195238623108","5.61758002379224","3.22994853881958","4.82271939935654","2.10251194327447","5.29336635215678","-12.8818427749872","-2.87948667926106","-0.389464926276089","-3.94919865242637","-1.27084161179708","-0.815574554778847","6.95152155397791","-1.59786682731827","3.04310128162573","6.39040957625286","-4.59559871307648","0.118738034769895","0.780520043328648","-4.3132613309091","6.86147416547035","-2.25420953384355","0.14625376233731","2.42209054537929","1.12958761933599","0.435815749441508","-4.0316598959029","-0.626388433481367","-1.12091263326751","-3.95744980795001","-3.27384485148096","-4.08588197711696","-2.94075824390698","3.08450637478971","1.6862524187615","-4.36933477542066","-3.03526056484633","6.96933085451902","0.00284991658934344","3.40225199058799","1.25225071558851","-1.40647840619588","-3.70384524942562","0.155099141505001","1.04102507891959","5.20236805327194","3.4422654935012","-1.81302927953745","-0.456515457535051","3.50991837575268","-1.49093400050498","-0.877662237037469","-4.52474918385561","-3.67055696870429","-7.24657595415982","-2.18035220762314","1.07670996575384","5.32234901049579","1.33235477573723","-3.20387757505761","6.00981446739922","-2.89470891526113","3.74192866388237","0.975667028721975","3.37506047025364","1.73238308944139","-5.78916272092258","-1.20538120154874","4.38067193636793","-0.246606262684959","6.67028918272836","3.26337393082161","-1.08393149622642","-6.8397565009314","-4.56080820070791","-9.01442886335717","-3.95758693880678","-0.524773208645531","-5.04242381787773","2.4715470656842","0.0870921635044159","-3.08234348654038","0.932873093524428","3.76955991085123","-6.68022106862645","-9.30881695430116","-0.832963698254895","3.52867566550377","-5.6003402193417","-1.04784713133975","5.32206511654083","-4.95290035637897","-2.31414674076974","1.28972574620458","-8.3700773975942","1.62396247460653","-0.499589249360227","-2.17335261190856","3.34545888424691","-5.16215810660568","2.89598290710612","2.91675485740967","0.729467211766042","-0.631392696443559","-7.5136871118215","4.86982494693719","0.149838235097975","0.939608216508989","-2.80398081812815","-1.63562453015036","6.39366816758875","-1.98326460775498","-9.64451333171903","0.770513873849722"
"Random_Index23_13_0026","-3.1535775563377","2.15828477471304","5.58790831176164","3.24180793774701","4.83697499327691","2.01559570683465","5.14353711666802","-12.9386686913058","-2.84665661893021","-0.354416644612125","-3.79935270687718","-1.22214876480994","-0.613573860977846","6.85387419866818","-1.45639629521786","3.14690560828923","6.29573113769336","-4.70074828008983","0.198276759513503","0.947225666448736","-4.25645450811944","6.85549591590661","-2.07225684507691","0.0886859131069436","2.37646288197871","1.10746883474458","0.364407090242842","-3.79202386881904","-0.503053611123646","-1.06733190201097","-3.9449034640615","-3.19827664368684","-4.12119495780499","-2.98704118910737","3.05943516129794","1.74777468287123","-4.29866602057133","-3.1618270068528","7.02529752711557","0.15264997132044","3.38548479243343","1.35901767008193","-1.2357188215902","-3.53306688257087","0.110423199012638","1.00847837896254","5.11084713827135","3.27958365312293","-1.8751309926141","-0.585489819316888","3.52544024837994","-1.37758974647601","-0.772069582517487","-4.37118740986006","-3.64734976826965","-7.14723992557633","-2.04754620374114","1.07698844484887","5.11017256148608","1.20628861408332","-3.256117773961","5.79510822157073","-2.91456072362188","3.64341422715191","1.17795215128529","3.29829064854935","1.62022177697006","-5.86087871087538","-1.19006594224674","4.40259672297022","-0.1501567664647","6.6053255139386","3.18581516980677","-0.943474112360917","-6.79227672764703","-4.45809217535294","-8.86812996727797","-4.02227070291817","-0.453354840857784","-5.18406452776441","2.40023436625744","0.140366536586943","-3.10519883414141","0.899912978201298","3.69429801655246","-6.70709809325329","-9.2022695341973","-0.706512465339214","3.47907619315409","-5.48839470226163","-1.10145251294863","5.30380160404649","-4.92601246499595","-2.15802804041769","1.54906931498793","-8.33037161975933","1.63193604972566","-0.435548492497364","-2.32247547380631","3.46491910115328","-5.01761798575109","2.91087638517879","2.90856869615342","0.816337793235116","-0.649522255010557","-7.49193774271749","4.64490745562756","0.205216267768499","0.770141630759793","-2.6957925457921","-1.59247674781628","6.21704851918449","-2.03282004238281","-9.55341595792929","0.817642165344281"
"Random_Index23_13_0027","-3.09017950124035","2.150423764727","5.61368092364066","3.19520166638576","4.8968682458719","2.09903917545184","5.11675486507861","-12.9921265054899","-2.87209813084934","-0.289412322735894","-3.77425977580156","-1.18988208691725","-0.562682183461678","6.96868724242919","-1.43405676879942","3.06622804120291","6.36711573056482","-4.66264052487123","0.259519416275077","0.917521255202381","-4.39566581788734","6.90677069509072","-2.05446646836576","0.0649917107541489","2.32467193861946","1.1605026450617","0.365892238530407","-3.83408772999662","-0.516527982574683","-1.00903518090972","-4.01061936922106","-3.17098132226859","-4.01277907267093","-3.12708016558348","3.0645420627718","1.79764689929155","-4.33151725951585","-3.21228184894252","7.04232828011488","0.0899612576305868","3.34267230456482","1.48385603256483","-1.32763232426893","-3.54136908654738","0.131356355391159","0.992253498404571","5.13735076606096","3.30045737051219","-1.82554910556444","-0.612262443727999","3.5489879594154","-1.36163049778297","-0.732049429802576","-4.45499430502743","-3.51161566671448","-7.15213247489063","-2.01450652311835","1.11027173191192","5.16214413295082","1.16812244893299","-3.14072243528543","5.86049502518184","-2.87291585303835","3.69974173270561","1.11560804557556","3.34744931451064","1.70025526042023","-5.80906807652049","-1.043098518364","4.41347360650894","-0.0140853490949292","6.66761527103159","3.22425890848448","-1.14278523424382","-6.88270044793516","-4.63792534153057","-9.08309561204196","-4.02180856945483","-0.470199369018726","-5.345281381382","2.42497486464287","0.254778662434817","-3.05552636253698","0.900527544688409","3.68589993761661","-6.744710223737","-9.22473383748051","-0.734288144115232","3.49049553768845","-5.55850388484909","-1.13238982465741","5.42503068167932","-5.05903716846147","-2.26981150178582","1.38066029265656","-8.39455657214474","1.5750364363165","-0.371467116069143","-2.2459947872969","3.48181111495584","-5.03642547279501","2.91317119379667","2.85396913895421","0.810189052012265","-0.731544688543413","-7.5600123169864","4.74430493452046","0.306909349022921","0.758585790245607","-2.69092554638005","-1.73871272847853","6.33195285453014","-2.0302861190908","-9.61433792209952","0.881601654214651"
"Random_Index23_13_0028","-3.05484145549096","2.06674697821196","5.53191953711838","3.09803404050413","4.79430001178549","1.98339124090753","5.14271136649803","-12.8522583444929","-2.81482303318189","-0.248107528435762","-3.66160050270797","-1.08459242836935","-0.463904216455252","6.83973884462624","-1.34801949119878","3.08493597974755","6.18285157895686","-4.75800690784627","0.341451657409082","0.834735495722168","-4.26175593295242","6.77116855277198","-2.02515369942698","-0.110860397974903","2.32179524739001","1.1988469060106","0.299885498724552","-3.66836857408065","-0.614349169243342","-0.971206141497984","-3.86678355247368","-3.02571941731613","-4.00279552038299","-3.00949660887786","3.07936943915629","1.76735908908532","-4.14735416043149","-3.15385367727853","6.86819944986884","0.0552598184445761","3.26618025334423","1.47615056906029","-1.36079943063892","-3.51962071854909","0.0304716283103516","0.917649613441509","5.00293908905129","3.20961653757611","-1.89883205582619","-0.618644539862018","3.46890193541202","-1.20015389212777","-0.650777741512632","-4.44671362509865","-3.56761872673639","-7.01522557760409","-2.10834943653897","1.06189613125461","5.05321108413935","1.09320176410189","-3.05859446291635","5.78528374536495","-2.72194870850325","3.65876277018095","1.1023295562338","3.32923319939539","1.59988913362192","-5.82379272875609","-0.967532867331194","4.35080624064239","-0.0774480900173153","6.46510168323579","3.14712917134402","-1.15769270296142","-6.78701144536381","-4.35528196343719","-8.93814005498098","-3.97642885482997","-0.445903275122236","-5.11920944605208","2.44204090494668","0.156269763049117","-3.00733002988127","0.658507692801069","3.67432719130381","-6.55374603020988","-9.0649928767101","-0.671705795376886","3.40228547361233","-5.71261620828673","-1.11967930145933","5.26989801915654","-4.97957775195565","-2.30073289298475","1.2498000958564","-8.52190114482495","1.6679914070672","-0.321447679278308","-2.31332230439965","3.36524289776543","-4.98924675131455","2.9044036661246","2.841384802085","0.852370260201012","-0.826585385889624","-7.55793331677215","4.60371391679278","0.344569840294344","0.696433801002486","-2.60263592440671","-1.65934844854875","6.20768211943001","-1.97307403222307","-9.56465759407381","0.821749436494318"
"Random_Index23_13_0029","-3.07966974798822","2.10545657113958","5.56665437493778","3.0835691386395","4.87375285083792","2.01389789267631","5.11734534895511","-12.9928467592523","-2.88594550497224","-0.259863085956077","-3.73527573540012","-1.17268032995878","-0.703624102460043","7.06959057170448","-1.40136246795295","3.11109241355362","6.23566202721427","-4.72566875998088","0.313607215520514","0.994950538913698","-4.30509204112209","6.89390789328295","-2.0232066829751","0.147167365134943","2.23286584175463","1.12498128640049","0.417354979577961","-3.71322669032858","-0.520640770869562","-0.98065221786365","-3.98892776377186","-3.16685109840309","-4.03167207593351","-3.07785923560952","2.96062322896161","1.67738128960354","-4.36111490895273","-3.30267881530937","7.04901967277814","0.074073005153498","3.34910778651447","1.43199884987994","-1.2815623723118","-3.55846891478738","0.084293721844987","0.890129628991168","5.08545647290391","3.27516392543446","-2.01011802825233","-0.694508355165551","3.65060430618656","-1.31411771880036","-0.654064616494986","-4.41851151925093","-3.57711914562145","-7.25837520215455","-1.98506847304905","0.963745286899568","5.17271437959473","1.13590917730673","-3.23382353691974","5.84581152505289","-2.87984681543111","3.74512831767574","1.18027441210411","3.22136148161885","1.55553291733468","-5.7399743327957","-1.05779769985075","4.39124804916758","-0.148169551439052","6.58993349403014","3.21850519560929","-1.2456477160145","-7.00033915833912","-4.51342804182057","-9.07851262610824","-4.07208068766444","-0.457083490530694","-5.08408876505345","2.37985851686002","0.270576684881945","-3.07287818868998","0.802936710994115","3.86019202910666","-6.78586485409936","-9.1695171600359","-0.741983627562245","3.50348844792896","-5.6856174353742","-1.2242532952441","5.42022517487007","-5.06361236972932","-2.30318851765655","1.45844721420929","-8.43675828217566","1.6849360448953","-0.443643233188036","-2.27043190002869","3.35824323699364","-5.11984840329275","2.86678690143583","2.92334931692612","0.731245368077762","-0.736568939543984","-7.58939951921684","4.72444298414009","0.216629739424352","0.829697231000945","-2.68648438738798","-1.63364496687172","6.32567607284964","-2.03468406093336","-9.67558720543819","0.902556130232769"
"Random_Index23_13_0030","-3.09593407049554","2.18073941065787","5.61935253329854","3.17608197888612","4.94091786326298","1.95627267792753","5.20442137529537","-12.8530299632003","-2.88756851316506","-0.322604185056698","-3.81350415516237","-1.26587123375318","-0.622232768975732","6.87617959646412","-1.48528944074313","3.06898909406595","6.21389092871054","-4.83977992752746","0.177882139164325","0.973818715271187","-4.23292488669958","6.90363517143614","-2.12706774789884","0.11721816093282","2.32606102239636","1.13578269514964","0.488927416831347","-3.83885576090262","-0.484721788133631","-1.11002587245895","-3.96004965083687","-3.16263951195655","-4.12386152019378","-3.0072653486864","3.05177666777807","1.70656142130938","-4.3060060044373","-3.12993443995759","6.93446885739227","0.0179379039782127","3.33538394746316","1.30896284366884","-1.31028224303717","-3.65229214888031","0.180842237108257","0.993862724594488","5.08608180237209","3.25752757897675","-1.89108692078508","-0.599160903502624","3.55879070019517","-1.42136837437848","-0.850996537269394","-4.36292535329078","-3.54391601254156","-7.12334678202588","-2.02011415138218","1.0708076348501","5.04833105518163","1.12094840052475","-3.21653485653319","5.85849110589461","-2.89916941781409","3.74144276860284","1.04548375665364","3.303798523043","1.54844696246416","-5.80256717888857","-1.1708741650542","4.43272786486164","-0.139615775244265","6.56330055113429","3.14497620134156","-1.00882518851233","-6.84523534779183","-4.52596729509904","-8.88131245112208","-4.02550801177657","-0.468420162738645","-5.18175446208854","2.37395103449162","0.109767068623749","-3.09559796378296","0.965619762147936","3.70956269298355","-6.77426876842412","-9.10562039197862","-0.782601065268317","3.51795043804276","-5.51179807656315","-1.11174536141121","5.37675877583501","-4.96044457202761","-2.16033469770028","1.5122988965441","-8.36161443885868","1.71918772785652","-0.478210874727136","-2.25637132852385","3.42363863080045","-5.07548093706656","2.89362027337287","2.83312501206805","0.716139501399552","-0.714207850182135","-7.49892298283487","4.72907378732605","0.188067254638776","0.78884225643245","-2.70874940027126","-1.59559237337948","6.24732849903395","-2.02786522752587","-9.59655833914576","0.827261320053994"
"Random_Index23_13_0031","-3.14652579547277","2.12328765775253","5.49803892966698","3.00885239922434","4.86837979530998","2.15917611739175","5.21950040673674","-12.8909385968989","-2.75889954997975","-0.246728791098474","-3.73808228023349","-1.18554408020733","-0.492887892727829","6.84078935848557","-1.4581868587919","3.05282915989142","6.27291138818996","-4.6650646115802","0.261487983159528","0.844580661933646","-4.45172253283068","6.78582516106505","-2.05172566265367","0.0137470832346206","2.19385048193169","1.29643941558299","0.350860072515267","-3.7202249126609","-0.589115639490062","-0.970641639481638","-3.82440149159489","-3.02354408330821","-3.97849927862578","-3.02269196749061","3.11524302837129","1.74825062843036","-4.1845987194114","-3.10568376122954","6.9478698342503","0.177490684025628","3.27930456762808","1.45064080622706","-1.19165785946853","-3.621119182739","0.0277177692813241","0.991421535003867","5.04677054013208","3.32900663121743","-1.73308183109625","-0.686363132912842","3.45127007243569","-1.30407223527185","-0.681536721543028","-4.49161666731678","-3.51964979873443","-7.14556257538123","-2.17387051866569","1.12664770057518","5.03116042162348","1.17263225259268","-3.07753859075324","5.83665715724237","-2.90529144197894","3.62485570439575","1.08845518733123","3.35549172417015","1.7582621746464","-5.77604448417889","-1.08709560434044","4.30511221299967","-0.11755984346083","6.52124667551946","3.115789050558","-0.968384878897195","-6.88533044437203","-4.50559902748007","-9.05810698945214","-4.04381579454422","-0.309893526299686","-5.29994452364254","2.33874282517819","0.187931988257343","-3.05343042340574","0.765940481183732","3.62409423507994","-6.72977289901672","-9.19036446861172","-0.701098858462661","3.42750686483308","-5.60699174476783","-1.21369294817671","5.34906229078228","-4.90283427068357","-2.27403660703501","1.34136467231099","-8.48767185498659","1.67002266475542","-0.310709667540689","-2.26850540837114","3.47815279263408","-5.06341853160088","2.91231639121907","2.7582280287451","0.84982097357789","-0.620908625002276","-7.61322134568864","4.59080664387285","0.268298413974015","0.688831504960153","-2.69243588440417","-1.81289510031504","6.20899741404551","-1.94609631194829","-9.57380284339275","0.854924038783492"
"Random_Index23_13_0032","-3.09839059549833","2.10723273797594","5.47442155065681","3.14613209925478","4.80341660065553","2.06248800725013","5.15466458367595","-12.8314513915312","-2.87318404841111","-0.331727608208321","-3.67805507008118","-1.22420253031649","-0.618181494339632","6.98864433692379","-1.44071448489314","3.00188232559333","6.26061090008668","-4.65435262009196","0.306317513020958","0.796226158237716","-4.42197789306033","6.84522231924353","-2.02938116334862","0.0323630827769609","2.29956843906448","1.21352107940247","0.348524726607173","-3.79402094621574","-0.611568294519727","-1.01749006170754","-3.7952652197513","-3.08969006567328","-4.07625670551118","-3.04771024538356","3.08022584807306","1.67094921364854","-4.19595667592113","-3.1383011128717","6.94279286419128","0.103328449430957","3.32336271947203","1.36362938809793","-1.27705018910113","-3.57477110887512","0.148692295608016","1.03045394985135","5.07400525709962","3.28312708851526","-1.90020503324347","-0.597787005675526","3.48996491796832","-1.30015801056639","-0.747319328489863","-4.5144330509974","-3.52185849768835","-7.19493838986153","-2.19167621122669","1.10667615422271","5.10582157000942","1.18524965139266","-3.12617321268196","5.78536086698101","-2.70691892235504","3.73056154113807","1.06836023549153","3.42020443155728","1.6677763828551","-5.80678656259775","-1.04970654270435","4.38050500708469","-0.167615742609616","6.57075824537024","3.21989344428095","-0.962866286159977","-6.87667116830328","-4.57250285637351","-8.95645940914754","-4.03057375537131","-0.425820129226205","-5.14366857736887","2.48047581457004","0.160790181947053","-3.00405526057376","0.756324437889302","3.72849595711596","-6.72068022587553","-9.09884676325161","-0.764217082862338","3.45381715512523","-5.64062847539348","-1.07846619964164","5.2665090042439","-4.96139181456404","-2.25765795865883","1.34166978907332","-8.43035918984637","1.60959547507163","-0.344788318800494","-2.31123886349907","3.39703044502936","-5.02875453769781","2.86242468961832","2.8738646796077","0.788925464198585","-0.688258389242427","-7.6318665531395","4.70349945015538","0.256799125276614","0.785639682796058","-2.73184246228893","-1.6434438455546","6.29164036140045","-1.98033569502219","-9.52992450477019","0.871225013433885"
"Random_Index23_13_0033","-3.19004347784106","2.2335521983218","5.65522090144289","3.23669210565855","4.97291237092987","2.04905425117751","5.26685514663101","-13.0288512663649","-2.8179995137173","-0.276113680718806","-3.78049853085808","-1.22471790994021","-0.618586808843828","7.05543042020239","-1.40641440001649","3.10163095503039","6.36316209334454","-4.73815142227639","0.245305740586309","0.863264941202507","-4.32939873287685","6.96930132149646","-2.13259715368571","0.0770485203801193","2.41434183855752","1.1387342725621","0.279396988272318","-3.85715151140102","-0.509994606427629","-1.04410366383873","-3.89025217761125","-3.16995875441877","-4.1108276084114","-2.98223739091388","3.13380717270874","1.68133002960965","-4.222376792376","-3.18263793485548","7.06445904641621","-0.0150380254268204","3.4047291030298","1.33767295959162","-1.33963464380423","-3.67859736738162","0.126001204941194","0.963047803151783","5.25980318834693","3.40672120405575","-1.9148198009133","-0.5179653724081","3.64033188679821","-1.34297341294683","-0.782228468221305","-4.60480962491521","-3.50576350895905","-7.13991848167382","-2.21263155858381","1.12194265090369","5.26438573344424","1.16062321948921","-3.16786084652918","6.02299049917169","-2.87739179869845","3.77106228546541","1.07414013838433","3.42389622878269","1.59365152751172","-5.86416138099441","-1.07357958558054","4.44121583142801","-0.0812606285662914","6.68131000440715","3.30820172330435","-1.09998499897186","-6.92631520934709","-4.55231892240245","-9.12969596029286","-4.00198512212332","-0.394900204239512","-5.22261643585181","2.55169761281058","0.181641726897343","-2.96716886402079","0.872448354452402","3.84447467801537","-6.75892044843783","-9.27560133648147","-0.929420244843167","3.58804904401158","-5.59531609418446","-1.06899406282782","5.41277120267166","-4.96999275915061","-2.37522916612094","1.3907136110284","-8.5423459690884","1.73725822746382","-0.351739022617746","-2.31264918439557","3.44653836586798","-5.12695182715646","2.96652765784587","3.00502915177975","0.711249643789212","-0.77905065409856","-7.60428559979682","4.84900331315939","0.239915384949637","0.907253635904527","-2.79517223565282","-1.60758347077686","6.42849885567732","-2.03969800093879","-9.72244679251943","0.863953773660608"
"Random_Index23_13_0034","-3.09443512905415","1.98012817303825","5.4498347297882","3.05594094357927","4.73002240807873","2.07529434932823","5.1079167427462","-12.819270839305","-2.810247469004","-0.178691387667445","-3.62516061194669","-1.05768958752807","-0.440912416975977","6.85239664603935","-1.2685724851379","3.14790872324144","6.45262576810816","-4.60049570342092","0.367625595471915","0.910433601936194","-4.39248500749575","6.8173584993751","-1.90172918188993","0.0539901791440897","2.13495196335343","1.2885677570799","0.341289062335617","-3.6765776092257","-0.541586089005446","-0.911609399215682","-3.8570445724823","-2.99030184867064","-3.92767484345593","-3.11185344422044","3.14633211677584","1.74304570923119","-4.45790294733891","-3.06847260014152","6.93328824394265","0.175231186050732","3.22847298451053","1.52008916485893","-1.13581812752546","-3.44988987940107","0.00371511705517479","0.961632422093393","5.05761066171705","3.19086683431906","-1.87401423000333","-0.747060344379176","3.39874222863405","-1.26770423357832","-0.575180192149345","-4.42673027167518","-3.46679556945061","-7.18066231839598","-2.13402800219849","1.14508243423769","5.00792703977978","1.19239728736553","-3.20598934782275","5.78272772908082","-2.91535978906116","3.54973328731148","1.2761419704611","3.40466389969552","1.68021711067227","-5.70838980283761","-1.02140372941826","4.36033816560939","0.0191495371307753","6.60051468686125","3.14435794828946","-1.05738128097567","-6.86636328934628","-4.4084488159492","-9.0349192794932","-4.13563486047649","-0.307910563309798","-5.27018382578023","2.35065469147153","0.265759485269392","-3.09643182788117","0.811382628453361","3.60300589655197","-6.71215555073922","-9.03618242815522","-0.624939092874655","3.33411145615633","-5.54784592827495","-1.26281427123891","5.29572831843612","-5.05699200882204","-2.37498169315801","1.36920342345367","-8.34785885343923","1.64572319889838","-0.290970059745832","-2.25806656705008","3.52223505775244","-4.99045113192157","3.02093181932008","2.76492839463016","0.881771087805357","-0.54986647795732","-7.55530572046259","4.54908681833377","0.427027469570575","0.727321126525765","-2.64297085636676","-1.78986106372587","6.18548815998251","-2.01373561990108","-9.58549135576268","0.816985987246997"
"Random_Index23_13_0035","-3.17652649067785","2.15248531156239","5.53660388123395","3.20037495948217","4.78224521081796","2.1791346422693","5.13701014527777","-12.9660696867648","-2.84318012078728","-0.17706395607788","-3.68822102237241","-1.13970230654718","-0.569563305024464","6.94867654829024","-1.34577834922344","3.02563320822466","6.39015447126629","-4.68420676210416","0.303665042625585","0.803617764510956","-4.45862059603218","6.91777815299153","-1.9163265503584","-0.0478761005826841","2.33836749458979","1.14439236856146","0.291460662560201","-3.70222834399517","-0.660610954310661","-0.9352802608388","-3.85537191983588","-3.08005345381928","-4.02300271842398","-3.07970898575546","3.18025824691419","1.69315711393708","-4.26953605545016","-3.17500859901173","6.97751150913219","0.168787340941393","3.31161842198746","1.50328591117745","-1.19131420355384","-3.54959172398909","0.0130881360755608","0.875722466908645","5.08853510234604","3.31456605575773","-1.86138715069998","-0.573129818443693","3.50739987725268","-1.31387083473236","-0.704015652851567","-4.51016186738621","-3.65797298767709","-7.18367764980672","-2.21126006184892","1.27492335061929","5.07959457276806","1.06942929808729","-3.08327032599815","5.86256085822687","-2.83773251706474","3.6692073402337","1.16012923806943","3.49097019250901","1.54681241577248","-5.80545191039463","-1.02025789354188","4.34709705536287","-0.18156458464194","6.66735001264911","3.18825983122216","-1.09305888314971","-6.90725580888842","-4.4420325931295","-9.08941049195535","-4.06329875559087","-0.406027193305076","-5.174366429724","2.57183739044317","0.41463707438332","-2.92390356557932","0.805576072672152","3.77839549536951","-6.68791004704178","-9.2623607836095","-0.76506453633732","3.46996859147507","-5.65845524553692","-1.11147783443923","5.30334071363805","-5.03328355302404","-2.36901313200483","1.31740677464491","-8.48652810164391","1.59222866724489","-0.296122955774287","-2.38073283822253","3.53327325804347","-4.98769892946808","3.08246372116493","2.94596439260571","0.873471435551846","-0.7133801012803","-7.69587780441168","4.70212706829313","0.45974451895124","0.81085952898912","-2.75078190898967","-1.67705039898744","6.30709432862387","-2.07783175507414","-9.5918029885201","1.1100823144486"
"Random_Index23_13_0036","-3.09045181934005","2.1954009161483","5.51079180082312","3.12389234752034","4.80866234507346","2.11407654204892","5.11536693629195","-13.0053489373299","-2.90418960798885","-0.2940924275624","-3.79017861710949","-1.2093672537438","-0.65755576274051","6.94839282365301","-1.4041870442622","3.21090994068329","6.33248888810982","-4.54442818776985","0.166560203722005","0.921733432014384","-4.30516735558569","6.87395072141389","-1.92707287369244","0.0650585286835377","2.26912537175189","1.14314759322467","0.434755063013094","-3.74553548902768","-0.583780533554831","-1.01930876738792","-3.86543783359295","-3.15867945636725","-4.00401666596857","-3.00659634679703","3.14501907389019","1.65442778162701","-4.29141315827212","-3.20484715734241","7.10028205476848","0.124444521938083","3.28201186551578","1.44965327459064","-1.12920787900333","-3.53434731391772","0.0655949027396033","1.15586343522305","5.06784353298459","3.2558384834633","-1.907966964962","-0.610079213289337","3.44334295630272","-1.37978593728899","-0.744287179628603","-4.47777720492545","-3.65231407003783","-7.29012272551619","-2.1557709854402","1.1216365919111","5.09905709997834","1.02907097126623","-3.13757467892133","5.85343199647067","-2.83198981289396","3.65638382078424","1.1648795884083","3.37977117539302","1.53319483181444","-5.86791250096854","-1.04586996101509","4.41986440010564","-0.217384300000539","6.57535133419887","3.29666429537285","-1.03835351839875","-6.82457330497463","-4.5948021879434","-9.03710121437821","-4.07559343810122","-0.445784594858661","-5.29424764453434","2.37482649821344","0.272413113743007","-2.9738675096024","0.875000901913166","3.66849629329139","-6.76169536939048","-9.28394631862134","-0.737636866945057","3.50842326164558","-5.46632018256033","-1.1784134631987","5.45704837221877","-4.93419237060228","-2.21144352429698","1.45164075314028","-8.48615790545737","1.64751153717353","-0.35886616233572","-2.31211370529947","3.49062533738636","-5.04944610610097","2.91327588434976","2.87514314321728","0.852632357759399","-0.645429345956419","-7.69599041198846","4.64866076824834","0.327726639744947","0.726824357986184","-2.63616913364079","-1.59425567824271","6.20097704641603","-2.1422474924945","-9.65135096904564","0.868599030718218"
"Random_Index23_13_0037","-3.16857171393449","2.1310391509938","5.63568474825679","3.25846062308899","4.83318266061904","2.08194974578868","5.19239505261031","-13.0745471368609","-2.7517236655226","-0.349570732581755","-3.8479311602819","-1.301923458152","-0.658151156268567","6.85715642633141","-1.48000455418299","3.04120024698227","6.32890899390577","-4.73666086921293","0.164330490666074","0.836672134181814","-4.27983539463991","6.80099956633933","-2.08241634768211","0.0255434126859493","2.44428397737016","1.07984018592206","0.373643942428521","-3.85168757340872","-0.571420825552398","-1.10945310549363","-3.9179230639595","-3.20253472010704","-4.28611366768321","-3.06226883860618","3.07334723284242","1.69668265990064","-4.17366226282006","-2.97867241120143","6.99585273796664","0.0961161603140081","3.39531948840503","1.33274243572771","-1.45052490919148","-3.57326356911147","0.0993926957013883","1.11518729826954","5.10478042564968","3.4033294226462","-1.767480169016","-0.582341573545473","3.44649146147158","-1.46602795378937","-0.844933141944449","-4.44029102722419","-3.7268502118297","-7.12783126671764","-2.12877102217092","1.08545095148842","5.17799248634884","1.30750916148385","-3.19834660865189","5.95234534801772","-2.89602222258303","3.71092581436332","1.01948356396036","3.32520794762523","1.53520983817905","-5.87647698924538","-1.23595621467941","4.38069284581325","-0.150193256279287","6.63094664763051","3.25238395255175","-1.04489739092112","-6.69083575634852","-4.60633323396795","-8.83439232821724","-4.09244704379343","-0.404518733253654","-5.13623227998982","2.45433326883545","0.187940082401062","-3.10126106717517","0.925404842576002","3.70852947627344","-6.72465362447226","-9.34865239456965","-0.812513284293961","3.6197363629691","-5.60815681390448","-0.991632919596051","5.28905011274179","-4.97441872029378","-2.25820765662918","1.41107594800124","-8.44087960131855","1.64316104701533","-0.375224073031612","-2.41237680053072","3.36864041859293","-4.99796220039881","2.89252996283787","2.90759945649192","0.796606956035737","-0.627065370009658","-7.65165520326974","4.74346967622239","0.279558306906808","0.819087264311582","-2.79254537906878","-1.59503481781357","6.35294307855051","-1.9879172168473","-9.66652883279708","0.884899304450383"
"Random_Index23_13_0038","-3.09216035997999","2.07618853050559","5.60751095401419","3.15915689409401","4.931528533893","2.04708537500564","5.08873776364882","-13.0948772759013","-3.00277281587231","-0.264058693967616","-3.79579747414397","-1.21379977234587","-0.741414104816044","6.99360513592114","-1.44325711287288","3.2199226525865","6.2745063782624","-4.79009288117211","0.277466014609758","1.06379932964786","-4.40829823272319","6.8819442266528","-2.09577514247537","0.16078985302693","2.27742910790763","1.1734007908051","0.565555311061065","-3.80366865753958","-0.494201755182024","-1.01785233974597","-4.03646138219012","-3.18644548247923","-4.08612054366944","-3.15214214861091","3.00779263550643","1.87506251284755","-4.46491067077226","-3.23350239453786","7.01559326150471","0.0790932300267166","3.35595430138687","1.37897606778263","-1.22517262493903","-3.70117447043403","0.129844804492367","1.02254690109613","4.99070732148385","3.29380814421312","-1.90446227609598","-0.673820318295875","3.53946482368992","-1.35758278563361","-0.684041712814296","-4.33009333377078","-3.49887246230605","-7.29739742749942","-1.98784925860599","1.03473459590719","5.07731728621835","1.16655009233268","-3.38091895937999","5.92089197733803","-2.97720884084541","3.65413724474691","1.10834612712021","3.25753041654519","1.66043701441548","-5.90123347423079","-1.04137206308405","4.4424945978163","-0.0846772211300304","6.57720621459664","3.15920443810108","-1.15080067041436","-6.86243363163763","-4.67700977593222","-9.14081407656673","-4.51787866628203","-0.486133126815055","-5.22968472119766","2.34823912940794","0.15688170357103","-3.23299696243762","0.861119643554133","3.76479081308139","-6.81170344345195","-9.09496017879125","-0.734802561492385","3.50121737319561","-5.54839236207117","-1.19633787822311","5.51734774321966","-5.01254685880123","-2.25544429204768","1.54261351312675","-8.58288576152633","1.75910389245336","-0.489481254478216","-2.2478188044007","3.44217697716024","-5.16788326218886","2.88390965006116","2.80584519099843","0.756717660821717","-0.682122844078991","-7.68008810831066","4.63772129875519","0.196359570056126","0.674253263196463","-2.86258640538106","-1.67922212686034","6.23005146600327","-2.17961657676926","-9.75192280737187","0.793257508791411"
"Random_Index23_13_0039","-3.07835409883663","2.15352871515744","5.56924152817907","3.11238565466463","4.86325163944121","2.07478221174726","5.21031183829317","-12.9833508884322","-2.88400839111764","-0.304842112566792","-3.75506535602487","-1.20251173806935","-0.589420318395982","6.95128240420184","-1.43222623959256","3.22895771177823","6.31634125370865","-4.7471246772512","0.243927069165046","0.908674753773562","-4.34207887594727","6.86442432842276","-2.02906074168428","0.0917229664717313","2.25498593608912","1.17102672028744","0.42566789347566","-3.74650252299592","-0.530184937595194","-0.993478200002849","-3.87169882469829","-3.09624955470499","-4.05356550910506","-3.06799007717255","3.14710214718133","1.77568509510702","-4.28292382501513","-3.08697514057183","7.04458216253729","0.171823639954608","3.27893868711604","1.41118728720361","-1.24472341071737","-3.56936492629064","0.0726884284982302","1.06119320275309","5.06590629484487","3.25107424431808","-2.01819330916045","-0.694712579192553","3.4656252155571","-1.31685363182627","-0.741356461876803","-4.38453193192804","-3.59921205242925","-7.21306600362842","-2.05688208777011","1.11041501006452","5.06798399695205","1.11808527487031","-3.160417095732","5.83579900143267","-2.94223322980377","3.62481087396361","1.18207002111772","3.36690352719846","1.68994207424998","-5.87129093173891","-1.0867960270494","4.43962916339083","-0.0768721506508618","6.60057804214508","3.19938088841598","-0.993375629336924","-6.81677448612402","-4.49150852316306","-8.98931654583577","-4.12056085517185","-0.430661512337293","-5.24895971795828","2.4039042078722","0.206218249916569","-3.12256226615669","0.824302337932823","3.7414266008418","-6.74510954096768","-9.14311809029386","-0.710244017408908","3.44817822324075","-5.56886990235251","-1.22226038007465","5.43411774714323","-4.95080565567328","-2.20700840203478","1.40813814394041","-8.44570371590167","1.67424355856755","-0.392109423120428","-2.25345272871986","3.48911984718891","-5.0579997585931","2.96211400056982","2.82254517512066","0.792999851508314","-0.696910108406577","-7.70988538175037","4.61537856966757","0.197915978974457","0.786576788134663","-2.73258935683898","-1.66620584436837","6.22863173039571","-2.08434485707371","-9.56994041374472","0.78524738047771"
"Random_Index23_13_0040","-3.19790886780603","2.19211444878345","5.70020607753943","3.26777306430105","4.90023186567987","1.97657757694732","5.06068775846396","-13.0886853725489","-2.88973350892291","-0.331337491554748","-3.79764558395407","-1.19118731603049","-0.641575659897792","6.88982228467152","-1.39490210115474","3.03783648845089","6.2128406405366","-4.64488900987391","0.184538816960621","0.963358972824202","-4.19861074817377","6.88534849478394","-2.10423791858663","0.202842119718722","2.51165801517059","1.08785489939468","0.441767736950749","-3.89156026733419","-0.493092660262583","-1.06789928458522","-4.05287473694108","-3.33342459968415","-4.19111655450071","-2.84489268398159","2.94050454940506","1.74783909674162","-4.30429798867609","-3.17199088702752","6.9863803068557","-0.0690094489271721","3.40983679211946","1.3618409192622","-1.40475838508351","-3.65622759442468","0.169078068614482","0.970907796210273","5.30281777647412","3.43106815974383","-1.89239731163001","-0.49948109993073","3.63357414396221","-1.39070391856108","-0.872675345343232","-4.42628789348964","-3.51276051593227","-7.16593598147771","-1.99530092531677","0.999428534777464","5.20750133023306","1.2563561081456","-3.22829143592261","5.96334902513612","-2.95552089618192","3.71768304722834","0.947573905531822","3.2208999644798","1.4717735624838","-5.88754812884266","-1.08372752535238","4.47508455521954","-0.143208796623692","6.57898411495042","3.31266291023641","-1.18989516643373","-6.79177075013782","-4.61681277279773","-8.99462410517768","-3.98717615188092","-0.553409890481926","-5.06663179497647","2.42765893249156","0.0908405977182071","-3.16683987138699","0.988993993637915","3.73005600456348","-6.70886234704134","-9.20842270350493","-0.909129153969899","3.66291896742615","-5.48541493282706","-1.00406567979198","5.36894650603192","-4.96341921696441","-2.17169625962152","1.51375171986265","-8.30676577319464","1.78479190640904","-0.517648223746364","-2.26739938759568","3.30352491338119","-5.18839087848182","2.83981498138688","2.89533250973233","0.633763416081651","-0.765122144674648","-7.49809825248244","4.76961611414934","0.189489630428356","0.840166558371958","-2.81646197468656","-1.53445025456755","6.20780612573179","-1.98889510839218","-9.6038398361915","0.697048247388915"
"Random_Index23_13_0041","-3.23071864105717","2.26168998870752","5.66299501963026","3.2208237918544","4.92332253810197","1.97992131477262","5.16539698141071","-12.9910786993027","-3.01278564179156","-0.449908411703164","-3.87499242406325","-1.28050762234841","-0.829482379673977","7.08828589073857","-1.50883905634542","3.33758501487775","6.37101601687689","-4.7820006595428","0.094124371333288","1.08331425677142","-4.28746517902492","7.07162620838367","-2.0924909623218","0.241008694427302","2.31441731089131","1.15479317869674","0.480998967151278","-3.86897400552454","-0.4821817684201","-1.14314869937584","-4.0610067091431","-3.24299894376214","-4.12427455353208","-3.0161759989122","3.07747906832303","1.69701551040558","-4.37527601072323","-3.26475767037558","7.14094756453957","-0.00263203205016411","3.4664546274172","1.39555492262805","-1.22471100248362","-3.69301807761234","0.227529390636807","1.03040984120098","5.18108114593355","3.24251943836237","-1.98673844057971","-0.663271417785567","3.5872683687082","-1.33811185119419","-0.811476283372891","-4.43572548128869","-3.64734030029063","-7.36379846413423","-2.05336163000968","1.12749246491389","5.11573372590051","1.11799863271435","-3.26227061898415","5.85743521948301","-2.93080660827929","3.78013208419496","1.12422508308924","3.39353937150238","1.49642307940474","-5.88157771751893","-1.18353418520196","4.60562481355683","-0.0787806487963068","6.634641403085","3.26443591398868","-1.01953045762555","-7.0424364611948","-4.64953044439193","-8.89334461731266","-4.15541935673657","-0.512684017177087","-5.24453209505501","2.41755944997814","0.158829329483801","-3.17820282301732","0.953659332925195","3.7968603257397","-6.8363309273589","-9.30928614473862","-0.784547368037074","3.54536892677263","-5.55701824987049","-1.19434784581989","5.54059251375107","-4.99245922344736","-2.16084344325149","1.59600076658133","-8.51744850648818","1.79159301492123","-0.553530033373886","-2.24545445190613","3.50050864105978","-5.17147072788957","2.96227415108255","2.88909843005746","0.760244609189973","-0.70851155179281","-7.54965477319006","4.65350189012381","0.205503202233613","0.737499547782243","-2.74138109276113","-1.58210764611936","6.25382179549314","-2.11840502603261","-9.67975593030271","0.767753663127181"
"Random_Index23_13_0042","-3.21925453497715","2.15933603845564","5.69586157307684","3.16593380040403","4.89368150813164","2.10734477528163","5.13018756959187","-12.9383376840377","-2.81663922311658","-0.314209099443782","-3.78254541469614","-1.27057954379753","-0.688145181266017","6.81354523925512","-1.43018432776146","3.04518372483","6.31847548415248","-4.76381831766304","0.125360554352824","0.830916600459612","-4.2111751257399","6.87236920427992","-2.03397864199885","0.170459188688809","2.41457227933776","1.05394879421134","0.315488535205507","-3.82083350077742","-0.621467961787835","-1.07705122183154","-3.87475569613218","-3.24364516691294","-4.09079538892796","-2.93995840065536","3.14044132252856","1.63777469683996","-4.19296732994173","-3.05247886067173","6.94551801210376","-0.0704137283429563","3.30319315576712","1.30649688945727","-1.4369517102967","-3.61342267877988","0.14063807485469","1.0579145668503","5.11333287885614","3.31733569754307","-1.87530923130844","-0.495323464840502","3.57232493449847","-1.40401574529415","-0.799722086458352","-4.52047911031164","-3.5393608137186","-7.11047660284068","-2.12180353916311","1.1818471595179","5.11346241581953","1.19141869558971","-3.17307004781782","5.89756567837191","-2.96710331589765","3.72346809194713","0.969496259121082","3.36728590983859","1.51167260153516","-5.70824222563837","-1.11519475188277","4.45323101245947","-0.170439816632869","6.5806757706225","3.27546313462758","-1.19242605374429","-6.85739721662098","-4.44393520498317","-8.97149350416063","-3.90236473913254","-0.389603856047817","-5.11599728272881","2.43347771376233","0.236483094676331","-3.01950548550811","0.778474338502069","3.65615907436449","-6.70426206894041","-9.31376772954295","-0.818464614098451","3.56430996904044","-5.59589730587998","-1.10115394810785","5.41217126500748","-4.8974491520136","-2.22225651719977","1.46719523328553","-8.38010782667142","1.76222513909808","-0.42712393324574","-2.19406408074095","3.46399391374724","-5.13831132888292","2.89766153233567","2.89300488834228","0.746780900568956","-0.778605239906091","-7.48418999275076","4.76591519663083","0.258986629396924","0.876540488282803","-2.77482967784023","-1.56620531940063","6.3003848533047","-2.10387192688186","-9.63661022448961","0.862029840011823"
"Random_Index23_13_0043","-3.09887893503133","2.11166712948015","5.4936264699947","3.17913598653375","4.76619573383678","1.97288574248709","5.20293124849009","-12.8428485924118","-2.89599235391365","-0.334083654602699","-3.80666574971653","-1.24095643714729","-0.644782397864227","6.90238944497609","-1.47252768284521","3.15615244199704","6.26557585212419","-4.701176644395","0.189695908609895","0.983299291887441","-4.3349027889815","6.86830056574233","-2.07610515325188","0.136772436207974","2.18921105918322","1.1033520739186","0.458301137200799","-3.7662330321991","-0.575861123889976","-1.04610880161415","-3.93740696796969","-3.06359772343488","-3.98726121995339","-2.98963391667098","2.91773684216556","1.67029071536318","-4.33344739990809","-3.10049177975672","6.99376507813987","0.0707292487230096","3.2987512939733","1.38548498200687","-1.23170320333873","-3.56865474098547","0.162867064187112","0.97563288383279","5.00898755195916","3.28711648161635","-1.84312035078391","-0.631093739048141","3.5089661145955","-1.34169569203339","-0.69126639025607","-4.42380015917642","-3.47745333483839","-7.18715045416179","-2.05757816532563","0.953378646028475","5.03660763374932","1.13475539244628","-3.20932942115636","5.80961112201903","-2.92048339916103","3.66470143012887","1.1216913929941","3.27396857078674","1.6380428244503","-5.79236275695057","-1.07334135893405","4.37884043402557","-0.161731863212641","6.60326377417196","3.10366116119299","-0.941039676331051","-6.80703356825062","-4.39732870908537","-8.86220638612466","-4.08502408968602","-0.515337478186469","-5.14468661681342","2.44172330766722","0.132435815800266","-3.13113221806145","0.923440774408893","3.72366888742857","-6.7233211088279","-9.16078614391741","-0.7461371973131","3.45024895519212","-5.50714534872548","-1.14617064104336","5.38873807606811","-4.98277520468156","-2.17344430216573","1.50477551731959","-8.24866468147527","1.71667783522325","-0.460388928081207","-2.26912237148449","3.28611111299996","-5.03352140874538","2.84200155129741","2.87842323841649","0.764984519748481","-0.6920843653477","-7.58940872928046","4.66003849212434","0.203887441661866","0.774797975550938","-2.67550549784793","-1.6527467721675","6.20175226587506","-2.12256949746892","-9.47731948119131","0.823581826948188"
"Random_Index23_13_0044","-3.08641323525817","2.10287011714217","5.49327546043466","3.08663586314685","4.70261586003393","2.13012672759367","5.31821717804217","-12.9384178180605","-2.80754178644718","-0.252755269866159","-3.72814502273793","-1.15666997501513","-0.597466779293476","6.87803524824625","-1.40246384360599","3.10386880958704","6.36833018840503","-4.67761421731724","0.3036803871975","0.846718995176547","-4.36982643763823","6.78534953095645","-2.02354941844303","0.031201181084229","2.26962766225904","1.15961895673538","0.361574490564487","-3.75263483589413","-0.562008878771853","-1.08834646711775","-3.84675300803801","-3.03713119672662","-4.0772165643123","-3.13949830873445","3.11069072130692","1.68489398406287","-4.2897274371367","-3.10545328279906","6.96840859511061","0.19156600836747","3.25055988009789","1.45328528485097","-1.25655946167922","-3.53487191239813","-0.00730331797738605","0.99499952319027","4.99565290353796","3.21788574280249","-1.81194938425812","-0.745437880515005","3.39123532887431","-1.36229479452507","-0.769395916034664","-4.50516825586867","-3.53276356140828","-7.32548953066465","-2.20382557610899","1.12986563426668","5.05010076246855","1.20843683650572","-3.09575311211718","5.72835990791928","-2.80374543598126","3.5170533093484","1.13215020600764","3.39865865116827","1.63554082589509","-5.80038439351128","-1.18199748169828","4.26495890955097","-0.139182954764493","6.53905338204384","3.04383670046371","-1.06561638060577","-6.87999107038458","-4.40595938283704","-8.94624767935223","-4.19727320119173","-0.332362538686925","-5.24250663517485","2.35982431836773","0.20620269337366","-2.98581479450241","0.810963930637659","3.62367444330209","-6.66302961395972","-9.17328480729213","-0.691053654630586","3.35774510360135","-5.64931580706435","-1.24425583837509","5.31379808748585","-4.97462710260558","-2.27196922808383","1.39675430309007","-8.38865490588927","1.58395911868645","-0.333377829560816","-2.31997176555955","3.48275081832123","-4.95791168556732","3.00546773050054","2.78876178411709","0.849843013891252","-0.603040864843202","-7.60234641269213","4.58315802509595","0.281165954383006","0.682116369470072","-2.74299213724129","-1.72001507297622","6.1811641926507","-2.04686553331259","-9.63413633002265","0.926713759940002"
"Random_Index23_13_0045","-3.2188943786603","2.15258513873831","5.49981046682498","3.16423413125252","4.73275995591437","2.16630080288304","5.18719046160364","-12.9565085242331","-2.76113813169945","-0.279443902649296","-3.73709178515614","-1.25214086819462","-0.609760946902329","6.8915174513606","-1.42655027558103","3.07546664964111","6.28653568971493","-4.65264417009107","0.23499173637762","0.893437343683887","-4.45208240713924","6.85782264535908","-2.01798503582775","0.0207208277840276","2.2720067927177","1.15017912762583","0.362387940094774","-3.75860948811108","-0.681371517011613","-1.00284004263028","-3.8495022385243","-3.09969269253118","-4.11227691215236","-3.04725021355924","3.11066608604366","1.66910896008883","-4.19780796479612","-3.12585341615813","7.02435952746527","0.15096856594091","3.2600654502548","1.40202564756806","-1.17270540974107","-3.52521049378373","0.0370221859854672","1.02806012716016","5.05644673256295","3.2995363454766","-1.8031521962012","-0.605640895099326","3.37713823510258","-1.40218676881293","-0.784153907852544","-4.45070962395918","-3.69162223687298","-7.15662290399256","-2.13337586046893","1.10282294312304","5.09280416188741","1.16422141990645","-3.12487340157736","5.80888962000131","-2.8852241825172","3.70051266485848","1.07234187551863","3.34806992781244","1.53551875987213","-5.87483361863337","-1.0669168302723","4.40513262838863","-0.14410742318045","6.62666978990656","3.21741956913219","-0.99640878210069","-6.76656423318338","-4.47387162535387","-8.97287004075722","-4.07866030472928","-0.33743117770608","-5.2373789309739","2.49077579234202","0.195930425961823","-3.04804106121649","0.843691837307965","3.72186514701817","-6.70561168288889","-9.27468950838223","-0.701240623976966","3.47866346294207","-5.58003965234485","-1.14995738591529","5.28285930618446","-4.94002481712485","-2.23878757670614","1.38620577561093","-8.4003326640491","1.52864395716194","-0.352838770300128","-2.32804013230795","3.45523802743889","-5.0068133583353","2.87586986701052","2.9199967866845","0.881055492587583","-0.611906003750861","-7.68836405239701","4.68246753837281","0.294947600705105","0.739102453337058","-2.72343752517016","-1.66923113912518","6.27695445487225","-2.04350065631142","-9.54552403525059","0.876474323136203"
"Random_Index23_13_0046","-2.92167977885822","2.21279102709563","5.63817928212563","3.28019672595412","4.98561854848067","1.89540986147495","5.14148663160056","-12.8954196014818","-2.85337799910413","-0.409564408562258","-3.76236610506685","-1.25856141325902","-0.748727481440834","6.88599696997506","-1.44066327896094","3.15152612990244","6.28516102098051","-4.66677641079898","0.172490437262176","0.922263429818074","-4.25640413385765","6.93748352617221","-2.15393770474203","0.172288469943444","2.36422091145108","0.956470415906101","0.357475933857165","-3.8318481645926","-0.383260829485386","-1.11290149972494","-4.02501259769357","-3.2711598139283","-4.21434780125935","-2.88163973972579","2.95210256319509","1.72293476873612","-4.2557649612351","-3.23507113254187","6.94393904794531","-0.0827155946982889","3.47619360922145","1.25299496525919","-1.27062846018364","-3.60685643189332","0.259274255339019","0.950902397304746","5.25819145563962","3.32981182284424","-1.86111454755082","-0.55855330457847","3.57646312106344","-1.36543625088617","-0.88754474349764","-4.43036920230867","-3.64286466432553","-7.21780790369771","-1.97271837995986","0.955616928086326","5.1300681386812","1.15213860337268","-3.31715157390789","5.93029980320061","-2.91688780202236","3.80880248650948","0.978104279590913","3.23852183921164","1.49845430458677","-5.89400230777033","-1.11084393809941","4.52454973505774","-0.138564386290464","6.67504310109423","3.46727751345135","-1.12544487817525","-6.74914069342488","-4.5044255506997","-8.8905198773993","-3.9335835390747","-0.575902126265934","-5.10524209143447","2.50517797684716","0.0548307188643997","-3.14067755848877","0.879278306707851","3.77994233631995","-6.68402500890222","-9.18809976124461","-0.911324747042254","3.56402033505909","-5.51541549586782","-1.10226536580655","5.40397696622198","-4.96097657852616","-2.19905259177894","1.40379909062243","-8.40463013674141","1.68719038050568","-0.526345749827938","-2.32294354455926","3.31464003869925","-5.19854120317316","2.78991624101673","3.02946699814353","0.648732455118175","-0.846116441167785","-7.44889518511549","4.88185694346782","0.118022974672925","0.968852969060437","-2.87200582589384","-1.5361757495029","6.29232817014069","-1.99394535197101","-9.59190044232468","0.614850957486717"
"Random_Index23_13_0047","-2.92752491777933","2.00974190561888","5.35760899566295","2.90331772378766","4.86126169311374","2.02009816348782","5.05849902379128","-12.8665882414452","-2.817579680481","-0.0471660876813819","-3.59136016910188","-0.974091812021982","-0.430754167571049","6.89968169444248","-1.28832381088419","3.07343479822891","6.195081694005","-4.66653051389638","0.434236820759255","0.866620075876894","-4.26833268862372","6.8704772852143","-1.90690104529953","0.0901859979829344","2.12557504291646","1.33740942144479","0.446431469662339","-3.68755157730985","-0.588745448927347","-0.757551224485512","-3.93397204541077","-2.95148087218086","-4.01021380943202","-2.92761579314288","3.01059431331725","1.84725096288572","-4.31817808722285","-3.44104016986751","6.92435048262191","0.00451673566110118","3.10507191511098","1.44260104471858","-1.13303109884196","-3.58319829485481","-0.116349849424607","0.894213544065709","5.0733854629733","3.17083427838812","-1.90727454986857","-0.75652388736704","3.48290703192709","-1.13930671932368","-0.5552046581892","-4.36548414967218","-3.29301680612191","-7.07552881855833","-2.12616987134788","1.01812022847094","4.96545527096877","1.15033313334242","-3.15823038392706","5.66548521275391","-2.88855381933394","3.57011873227203","1.13938590744045","3.24302298124629","1.65451686326894","-5.7421930030961","-0.88450467667257","4.32444867433359","0.0023272266195393","6.55432228757823","3.11481467986134","-1.17576997946205","-7.11528363206765","-4.44398920282165","-9.2544667292934","-3.98529298630643","-0.30616434360301","-5.23436854199999","2.25488828679843","0.215310345053323","-3.12053428971909","0.652267864867384","3.54699263932179","-6.65386878944124","-9.05757357096416","-0.594911335274602","3.37285730861245","-5.60424656255563","-1.36186869276865","5.3430551823985","-5.10837467781656","-2.57942397077114","1.4103831879169","-8.52151833496599","1.67717853129017","-0.385308323865241","-2.34259330159548","3.38382808931823","-5.08255786064979","2.74208096956154","2.68718481088024","0.776092509388685","-0.715024169754516","-7.51345458902371","4.54632640502747","0.27833337822109","0.81422087818781","-2.58936395904347","-1.72920295561121","6.09668975256347","-1.82785018312772","-9.65961010167995","0.726340510416136"
"Random_Index23_13_0048","-3.00498862095155","2.19234212616746","5.67840138696898","3.21032985782719","4.91846688652659","2.06130116792868","5.10682676459562","-12.8494874431135","-2.85419312325993","-0.280613914188875","-3.66124688393712","-1.05659301631312","-0.595627485867544","6.90051166374324","-1.39883387985721","2.92690869472195","6.20198247071878","-4.59024657776244","0.298805177517765","0.822026137356845","-4.36514394676314","6.92462747429879","-2.11287869682966","0.0814881774801511","2.46074249430096","1.1059932337283","0.237648398080954","-3.79605364678131","-0.685024201304855","-1.00304974100085","-3.93670901632293","-3.16428351976222","-4.07825168049254","-3.06578048659271","3.00010433180832","1.76604606239026","-4.14795103172185","-3.28417561625089","6.8762921999943","-0.113638438911674","3.31034202770801","1.3338216301673","-1.35157279479104","-3.54449308079462","0.11443321170629","0.741674023571764","5.16814964808556","3.33422954757955","-1.97668942036352","-0.455136592300746","3.60068290594309","-1.27591772237955","-0.787505245650517","-4.44828110201184","-3.6642159558084","-7.11282854184833","-2.07125328155696","1.04016191252711","5.22997738830727","1.19965096100502","-3.07181704954541","5.86056458754177","-2.78682895461012","3.78122086301009","0.973630796113495","3.28376022036614","1.54613692717116","-5.84014589553827","-0.994171060338569","4.39575072336509","-0.223287163824783","6.57800307746022","3.28338285985182","-1.18011253970444","-6.98798849962645","-4.50640987383183","-8.98667250751167","-3.9386108180075","-0.458458872624629","-5.14589122028811","2.59217960233304","0.0304848391743195","-3.0475310653852","0.775782800448808","3.70605396395564","-6.58207870707414","-9.13531759564406","-0.874442052353516","3.47504626887193","-5.65707507024021","-0.99296466629675","5.25844204353596","-4.90334057659145","-2.32907819597527","1.42018332455647","-8.55053010238778","1.64470734041735","-0.411439082620122","-2.35178330315887","3.39051871205947","-5.06183580148265","2.83754447454881","2.98691208660393","0.620717170186437","-0.818060214846155","-7.49431859039705","4.8101560932281","0.238017022571615","0.915696430103089","-2.7814616982357","-1.50003387101738","6.38211027201443","-1.92022925839563","-9.62850837303692","0.72855226432949"
"Random_Index23_13_0049","-3.15859913957622","2.17327433626749","5.45644799423765","3.19260762390828","4.82332770910691","2.00583049521239","5.01955252635148","-12.8198122120012","-2.99499334284782","-0.298940449500242","-3.66543514817689","-1.09398877759803","-0.554175493476711","7.00401934002499","-1.40010490126124","3.17964093269407","6.31735079644279","-4.71103776190881","0.27894388356696","0.97235494679828","-4.35193737695409","6.95499040923572","-2.03027958852075","0.0915583067140722","2.20942527378132","1.12435031108322","0.387390239315203","-3.74411804605394","-0.606919217696277","-0.958054839323828","-3.91941894455714","-3.01576609316888","-4.02346033835164","-3.07700965820566","3.15990970215322","1.57669289923824","-4.36961336741016","-3.28765883593024","6.99636994783869","0.0180536471093562","3.25862857769465","1.42464190098114","-1.16663562771667","-3.5441245361488","0.04240951462692","0.867157819555522","5.02756914138987","3.30407441105608","-1.99501136793675","-0.616973093888371","3.48543637653635","-1.17317832628418","-0.643474186864589","-4.44632642235526","-3.49626769286387","-7.19424121456566","-2.11947749429771","1.18129857236896","5.11238189973317","1.04544276374729","-3.22355970502293","5.75435741320716","-2.87392167459055","3.70817502589511","1.12546974187039","3.35690638404519","1.62644431192688","-5.86114182171607","-0.982453630066254","4.47320316361654","-0.18783631147944","6.61830561355391","3.09891629647518","-1.04592531283238","-6.92265590284975","-4.54137196672302","-9.06795873217364","-4.12239401768751","-0.454748740896936","-5.33122120841647","2.48710006252489","0.118987992426297","-3.08239224499119","0.777658229479588","3.77887926437862","-6.71265728371415","-9.13627232321027","-0.673597087619276","3.39505987885355","-5.61303651205361","-1.1496650753681","5.33064251775037","-4.95579723270438","-2.26541401663696","1.39279090804487","-8.64737936805513","1.74758740759464","-0.41003391724647","-2.2954365259441","3.56363995563537","-4.98734257512167","2.96289220110206","2.9608657505789","0.740260113213868","-0.786853074867674","-7.55283890354315","4.63564136028189","0.244116592642777","0.709447064332985","-2.57458642353932","-1.68348509905503","6.2603106725931","-2.11182750027625","-9.43103749720383","0.784484906723741"
"Random_Index23_13_0050","-3.30401427328739","2.23498467360305","5.69400569818111","3.29365292886518","4.91945103488525","2.14260876967817","5.19711655779485","-13.066355423334","-2.85397279589173","-0.450627466836929","-3.90194952698774","-1.35838029794022","-0.785026872171149","6.91460954973178","-1.58335894988961","3.05165893572504","6.43004675868077","-4.62373695961546","0.100170432447612","0.869769796137585","-4.24657396176826","6.92486997841212","-2.12213632976134","0.172415633714433","2.47970885964488","1.00102505869989","0.439866362245741","-3.93232130391232","-0.565003901520821","-1.12180676616588","-3.85910566244642","-3.26404704994898","-4.12871529315763","-3.00726526800055","3.18731648770975","1.52500500939669","-4.20042598322473","-3.02984199639922","7.06121787582143","0.0541666988693836","3.45152203221848","1.26180040299478","-1.33597634701091","-3.6194034577576","0.180789423485848","1.17027461506583","5.16707974316142","3.4827224120306","-1.96467267349993","-0.440173503323208","3.47963456859886","-1.52215754848471","-0.89981923092784","-4.5730671138274","-3.71209597933363","-7.15384368330333","-2.12318590706057","1.15310801030413","5.26309569508193","1.31370188081686","-3.13303239234579","6.00560157221938","-2.8497407969988","3.73389724582133","0.987302881617457","3.37587117272494","1.52118299799409","-5.80739587581268","-1.1759623202656","4.57492878454393","-0.255846776141385","6.68432801020904","3.36700049257049","-0.964742364906435","-6.80787560959966","-4.641622615119","-9.06540036896847","-3.91969720994916","-0.3930541502155","-5.24881293936697","2.48274176074695","0.183475546151748","-2.94108164153037","0.901779144960182","3.66978755078289","-6.80273300180986","-9.25721080073671","-0.95438886874484","3.71615162922335","-5.48323233479944","-1.07110510650413","5.41940226571984","-4.94553623613102","-2.13176941919292","1.41970727514608","-8.38984033057149","1.66958250790353","-0.456088784442352","-2.22076516406952","3.45122698760034","-5.10299794010358","2.8904576154817","2.9457141059519","0.771384425545216","-0.578616771479935","-7.63875841547654","4.75259588342123","0.316400683183143","0.792229764160967","-2.84917173571808","-1.65190621582201","6.3637273350509","-2.00756822171281","-9.6707387032657","0.857474482167708"
"Random_Index23_13_0051","-3.06916047976646","2.18558788672385","5.71533952142094","3.15456621236886","4.8278018863568","2.0770521917271","5.27483067830329","-12.9500243672467","-2.72670135567026","-0.315330269993902","-3.75200758477166","-1.1995442693284","-0.631381683621306","6.85410512956455","-1.42567927659216","3.11484058739398","6.3751009392764","-4.73754665885056","0.252819490826252","0.932214829874194","-4.21488420914267","6.88205372430945","-2.07276007719326","0.0840675810971623","2.36870678349021","1.1194484545313","0.407815467354874","-3.85539477611562","-0.624647485297877","-1.01622751360548","-3.86861433024329","-3.1899732963859","-4.09346804272335","-2.96422334943423","3.12043236314481","1.65620114650795","-4.21336008785801","-3.0253552940107","6.97812368003878","0.0414769244860075","3.37240652908158","1.40987527410927","-1.23243391275657","-3.57292851895081","0.212631176769028","1.00138217229404","5.10074962430666","3.40287554779623","-1.7928247873699","-0.562253746048673","3.47547786205597","-1.34598310293581","-0.780511546403255","-4.54608890681682","-3.64424085838474","-7.11817484638485","-2.07962814992366","1.16351110034139","5.18791839427257","1.17568905799423","-3.17945652234357","5.89630582198235","-2.8815306663284","3.66641938191847","1.06721228497414","3.40499709767373","1.60982536908863","-5.79707153989419","-1.08381999468798","4.44063070018979","-0.207883518375962","6.62681085782175","3.23119346173178","-1.09441500707236","-6.77278787643947","-4.52037013588243","-8.96872821663448","-3.96878959783697","-0.36064545308858","-5.17131933190929","2.43607954051883","0.103418847870736","-3.0967113681944","0.920869010117342","3.69285800729001","-6.68620216927496","-9.16586740556489","-0.806247670499319","3.58247468183407","-5.54871856755337","-1.16789246356168","5.45037952039809","-4.87192362068172","-2.17272846001697","1.44233844112843","-8.43677935109788","1.70272646551974","-0.35272053705838","-2.29515464961732","3.47509020150068","-5.075613786639","2.94973679768381","2.8438756951192","0.744811695011424","-0.656192955728247","-7.53816582357201","4.69271598311167","0.220759374036504","0.725550628326253","-2.79202310924143","-1.65594272315014","6.2643090441437","-1.94248945311074","-9.67221713461648","0.766665576909338"
"Random_Index23_13_0052","-3.21377981207607","2.08949647711221","5.52418356125419","3.07665807900961","4.85759780810677","2.11010701641193","5.14570519105505","-12.9458075608033","-2.91253446593354","-0.249039786864084","-3.73826256336584","-1.15798257429638","-0.462584288048052","6.99019983248537","-1.43004136432365","3.15101384097498","6.34788100690831","-4.74830500982155","0.243681669107222","0.847758391104556","-4.47601507098777","6.83984938047355","-2.03413564700692","0.0476316625837383","2.1583132017642","1.20956131835965","0.39647657761483","-3.80525133164963","-0.586127466465604","-0.961544891128599","-3.91986609331256","-3.0791686610162","-4.05887865230577","-3.07886614565637","3.19175573300991","1.71517898646748","-4.35699362476862","-3.17635252384046","6.93301198448131","0.0397328248042483","3.33004800124325","1.46084616207472","-1.21332568682886","-3.61550653060998","-0.0040429357676383","1.04127500896727","5.10942275129499","3.18831937858947","-1.92559364616658","-0.671536832163682","3.45415744694459","-1.37965713644314","-0.737901558957116","-4.52318715407053","-3.60369672186426","-7.17720702361721","-2.09601641168198","1.18882466405359","5.02047572354959","1.16824330650883","-3.28220065424092","5.83359350294251","-2.84752171773723","3.64521417328764","1.12559102446744","3.46584293847082","1.62398967685197","-5.81255945620385","-1.19685825409094","4.31728579999216","-0.00433016065131892","6.61339034184385","3.18385877975367","-1.05181708661562","-6.9056077296495","-4.44300695686027","-9.05664487948517","-4.06535789298741","-0.380944600524232","-5.38292189255111","2.38178105456548","0.213922291253661","-3.10214208144398","0.802417009423419","3.68847808993232","-6.78786858961933","-9.35320208876091","-0.856601285326511","3.38683063838962","-5.71269446956442","-1.21786821501443","5.44727505540502","-5.04201330472659","-2.34731687053684","1.45539175773166","-8.39915793463064","1.68766024678126","-0.369741737810176","-2.23768702798494","3.57138022819802","-5.07438072346217","3.02465905126983","2.81467444864452","0.815818216463534","-0.702444364647335","-7.61625067632476","4.65961236283821","0.322533975935468","0.746917255167878","-2.79148181727365","-1.74399863236488","6.21012474521851","-2.03015588948636","-9.70472341979325","0.83215095589857"
"Random_Index23_13_0053","-3.1683878610176","2.18115829703642","5.50854238874227","3.1048649828446","4.79554869520373","2.06473200044277","5.16541547964347","-12.9824481470728","-2.81656009701703","-0.353321138740293","-3.80490848815011","-1.20679434279357","-0.67057317226882","6.88548614205252","-1.47459184995278","3.0140628029437","6.35050658765825","-4.58211337327802","0.210332369561259","0.95763951808211","-4.26846861696552","6.7932898558477","-2.21686046341594","0.0740380891611868","2.30468321127607","1.15096794402255","0.440165461415936","-3.84975511852576","-0.555225334908575","-1.03737861679688","-3.8322745615823","-3.03307702189076","-4.04080802739582","-2.98564604893966","3.09173363455672","1.63767850042444","-4.20604955067905","-3.13561135384547","6.94280875953633","-0.00299970392829711","3.29957697627455","1.33585587429208","-1.33046831925346","-3.56570068830458","0.0726537309867443","1.09356667571253","5.02525130131425","3.37031833234501","-1.86363307630118","-0.58004395412187","3.46465934220343","-1.4077367680381","-0.658854530317953","-4.49908808595229","-3.48971150784504","-7.19951135864521","-2.10062788033488","1.05303994613081","5.08213425903057","1.22983143683299","-3.14897363918225","5.8430878209791","-2.96949687054703","3.60641594304773","1.01241358834475","3.40401646202966","1.61468368798339","-5.729404996247","-1.03702177470452","4.36576837143553","-0.107765830384295","6.58072346429432","3.18602519623774","-1.00838335274588","-6.86804740751329","-4.55034284459673","-8.95162054929568","-3.97361817752663","-0.411574380914077","-5.16293397019821","2.32906131100387","0.119552913763403","-3.15252787381966","0.863616785063253","3.63773441723297","-6.75391339412541","-9.13184143572666","-0.792459661560479","3.52242867665568","-5.4314072441216","-1.22933395010962","5.36362817836315","-4.89417466899167","-2.20335528150834","1.43321311704985","-8.23945849242094","1.69708837599101","-0.416838135851953","-2.21004047413849","3.38891465122703","-5.03757282659444","2.89642666308961","2.79902659670296","0.702619052336017","-0.660294186693703","-7.51216647616229","4.69001987463987","0.191891681856329","0.678386367654634","-2.68941152310363","-1.7322431322026","6.20979378315113","-1.95228305520354","-9.59383699026084","0.739124337382392"
"Random_Index23_13_0054","-3.12662282417975","2.08372735562231","5.54829998385532","3.13500578977151","4.82042266701681","2.08601436009506","5.2319974424429","-12.9298499658865","-2.84402795168995","-0.273769474897486","-3.68330307169087","-1.143358658518","-0.588702464998836","6.90879581873683","-1.42249399839857","3.15509160243486","6.30285504422991","-4.76055667916947","0.334719973430732","0.961273175820851","-4.39293830428436","6.82458954747332","-2.08169578335162","0.0435887642542655","2.25867950847209","1.20308992778094","0.44325402401145","-3.7382630402723","-0.639425508369936","-1.02480699966786","-3.90253782610951","-3.07715492673968","-4.09293302283157","-3.10909209037543","3.07885027999009","1.69008951616352","-4.40057758778341","-3.32943369290183","6.94054425979769","0.12415672603658","3.27545164901521","1.42575566575319","-1.12962391939864","-3.57414874379273","0.125198780233171","0.95462958887103","5.17573357333765","3.18927070465472","-1.806304407683","-0.721375210837781","3.37308615171316","-1.34975527441414","-0.743976740500697","-4.51660355306133","-3.64432818319654","-7.20207775346965","-2.15092721696505","1.10326859840209","5.11062053904269","1.14824053714407","-3.25166234555259","5.81902430440732","-2.94382825130768","3.59257952645701","1.19240503930039","3.37886663263345","1.68956867669269","-5.74386170995184","-1.03246377278918","4.39307992242619","-0.177742904618442","6.5846141366228","3.10777091204683","-1.03958506043813","-6.78716112103463","-4.53267263418606","-9.07357607029014","-4.30213923035309","-0.404065407460893","-5.43919608741815","2.38204809318212","0.148057933132167","-3.07742755729101","0.733151980089877","3.60889183321619","-6.75965983183258","-9.2201359086428","-0.746821460117384","3.36427011675826","-5.60668739434418","-1.25261618837372","5.41810539669111","-5.0369853300633","-2.20930676536704","1.47447520163453","-8.40115809260046","1.62290970933187","-0.381453948016504","-2.28185214104611","3.48964773705478","-4.99364228857554","2.99093562828529","2.81966267930857","0.833457921290759","-0.530705213616005","-7.63006386545836","4.63901137735825","0.299378885751405","0.869138537483734","-2.79117249030974","-1.75081467068259","6.21741669438626","-2.01126077286498","-9.67075059974372","0.787264155996801"
"Random_Index23_13_0055","-3.09324948562145","2.07003773667201","5.43842765179688","3.08319072469776","4.68721952494374","2.14347383857166","5.11746675450536","-12.7838218014451","-2.74573221042217","-0.066832937717867","-3.57294706631889","-0.970479192171046","-0.397760745904728","6.80586684375396","-1.26606121134746","3.09344735608308","6.25515251770012","-4.56299262939732","0.413949248022116","0.910011908472142","-4.34758523057879","6.71968893789482","-1.93264624074584","0.0124325881656584","2.23639664860952","1.24251890037955","0.32145500809512","-3.62006299802608","-0.596015903752817","-0.911057240062325","-3.78153835053854","-2.92897334872263","-4.02108285118711","-3.02916817295046","3.03019170883942","1.75024624944638","-4.20353560282288","-3.14326916390402","6.84253344885856","0.225654509368577","3.16496452568421","1.49813340510211","-1.1691605425167","-3.46136878643835","0.00402654834445408","0.906039595956388","4.99153826171606","3.19745363671517","-1.73358045113867","-0.743802552957783","3.50224879826354","-1.14038710944936","-0.601656333136814","-4.36420120373015","-3.40820666496774","-7.06148489565533","-2.23740930622144","1.0323416655398","5.04590270223748","1.12708452607951","-3.05626052018646","5.77740235369321","-2.86438245411361","3.5272700495705","1.27151831812177","3.27800540088198","1.79215680232146","-5.67199003743726","-1.01387847177349","4.28254189603708","-0.0754475562453995","6.4605768049896","3.00510997756066","-1.04705221095662","-6.87296031919465","-4.29145980290517","-8.9920799974027","-4.10684295432918","-0.282446072063856","-5.20684005067628","2.29037223562294","0.229532499601826","-2.98947760623732","0.740034803460745","3.5452336176658","-6.60647404074581","-9.02880023913093","-0.574108963183214","3.33928509691197","-5.48898564623691","-1.3098400385048","5.22037170405875","-4.98078886074154","-2.46852695590015","1.3597946941418","-8.34077559748041","1.61767167083225","-0.232239043539204","-2.34804172652625","3.36543489340939","-5.01760364910782","2.89544845553112","2.79438527591251","0.90833589200955","-0.534382946331884","-7.51644118472578","4.58566463259617","0.43602200210184","0.789149988833537","-2.59685412649212","-1.65276865148515","6.14548790514248","-2.01662488683692","-9.54530275723837","0.815375748029334"
"Random_Index23_13_0056","-3.19330642209373","2.17823338500638","5.63391942960397","3.12668757054299","4.85715198408298","2.11962860068284","5.20352049902346","-12.956713924091","-2.92119096709634","-0.175493234735457","-3.6979037515837","-1.17913717083328","-0.573233976778255","7.00408959735614","-1.310643918372","3.14403447198129","6.40987256707342","-4.78956799831319","0.299275352036784","0.960990081892846","-4.38868523483026","6.8880714227006","-1.99525846374737","0.112757058665064","2.24330442166388","1.2428728293722","0.470711835388186","-3.80670433628313","-0.543684277121431","-0.981281839777759","-3.88448739224951","-3.09999329254054","-3.97627816878621","-3.11314692165052","3.17291847853381","1.63724542447368","-4.33739855513347","-3.19299648928836","7.06781994303275","0.123042830200265","3.3242878724002","1.43670478199051","-1.23328654935197","-3.66495203272532","0.109232855937009","1.11612319619625","5.09875297630066","3.34392790408284","-1.91241584861381","-0.675451137925921","3.47087894751077","-1.30854552697565","-0.751294263320607","-4.5732453354225","-3.4765328811984","-7.28877051200047","-2.14812267734157","1.15250308913169","5.15042408283128","1.15236892532493","-3.29409507652106","5.87240315779018","-2.92077382399741","3.66930716587617","1.1282521745691","3.43317274410557","1.66969145231991","-5.8033298387102","-1.1202837138105","4.44693393491723","-0.0866355794368079","6.6698837121153","3.23743803078363","-1.11121469166291","-6.9021720837697","-4.44483486354179","-9.11996052972512","-4.13680701050402","-0.38480080351755","-5.36838555473757","2.39929807549111","0.30694063900623","-2.99329153895648","0.859740839723328","3.73919473038409","-6.82526441872548","-9.11758215919004","-0.765294989216115","3.51248632680611","-5.57301397354442","-1.25269305590453","5.44098551661819","-5.05516496525055","-2.25090099538324","1.48740281332244","-8.41987765200449","1.71554748607736","-0.303436911807612","-2.1739633720585","3.53292116709526","-5.21042602491765","2.95390474165063","2.82428536191116","0.855276268963327","-0.579301598603528","-7.73894323563879","4.7012497221875","0.378432665697445","0.703945878014114","-2.71389372209846","-1.69578775457922","6.28865283594097","-2.07304810033736","-9.8341443348953","0.924007334564734"
"Random_Index23_13_0057","-3.11874562161825","2.21761809329049","5.58880078232161","3.07414510595826","4.87786774080372","2.08572608671553","5.14906061978981","-12.9455496995739","-2.86265621143361","-0.237499606732401","-3.72633324240663","-1.15004998556481","-0.602477259604489","6.94239265940997","-1.4275468818211","3.02077846262038","6.29948648502908","-4.69543662104819","0.307656675610349","0.84750672855529","-4.34737943993011","6.829457018732","-2.04009653555862","0.0962163895908589","2.2919134576433","1.137438227374","0.452440536106202","-3.72014984015178","-0.572189423373799","-0.961723202981233","-3.81801160422581","-3.09190649603886","-4.01000484115147","-2.97516358900147","3.11060494366293","1.71945663640121","-4.1923158706678","-3.22402011085267","6.97645424918627","0.0994798395703921","3.33982766546964","1.52170912805743","-1.3100173993197","-3.6021195323717","0.0988497268841362","1.0270737054478","5.12546704828798","3.3226172460238","-1.83349421816853","-0.609382131173481","3.48797698188656","-1.31736765913693","-0.683457008363764","-4.57415775297464","-3.56992148943534","-7.17290174477716","-2.11045118844459","1.10674256878296","5.10245641525279","1.18916319183279","-3.13947661372527","5.83311934232476","-2.86499482371402","3.73461112811016","1.15096805605568","3.34217996929963","1.66387080578491","-5.82002182507338","-1.01333914522482","4.42934982650641","-0.116579564241052","6.62309314004149","3.24765898468403","-1.15911795402007","-6.79936780950287","-4.5165788263058","-9.07188159953541","-3.97363740426734","-0.411928863138849","-5.25171259380167","2.41728159335905","0.231545420238244","-3.07382362116048","0.851437026421067","3.704203609335","-6.73346838057378","-9.23411290654247","-0.74467709402583","3.49616920551903","-5.65665172261901","-1.1722955362514","5.42059851744237","-4.98788836643838","-2.22547022746174","1.43593039494172","-8.44911413965425","1.69813631074308","-0.344700432704303","-2.2334336418726","3.43731809171005","-5.06032378125254","2.92368581091926","2.84825489685507","0.7702142916751","-0.744371359047441","-7.63089747937934","4.69071177066701","0.261444204646974","0.819415415692217","-2.7501655762952","-1.63283247496049","6.28318279945812","-2.04769476527411","-9.70027942384157","0.838228250139008"
"Random_Index23_13_0058","-3.16300348020827","2.30364617579885","5.71904553996957","3.25736662443565","5.01427567961294","2.15285620395029","5.1265351631568","-13.1327887179577","-3.00036715135485","-0.320391920747712","-3.72498613402061","-1.3140315414079","-0.654818545780557","6.94968386340104","-1.35236498550322","3.14855736620663","6.35842445737721","-4.75596704577872","0.242008604632539","0.903257377054192","-4.36332974165401","6.80969928767843","-2.0553703240754","0.109999567738559","2.40687830601197","1.1170888351225","0.370701708685251","-3.86213855982143","-0.543415562027667","-1.01433667303302","-4.01257068164523","-3.1598675684976","-4.08094692447717","-3.02155836691736","3.14355380065114","1.66749448788964","-4.27230127825273","-3.11345329795171","7.02224384141179","0.129011624742631","3.39067335062222","1.46588107981719","-1.22478361369502","-3.58150545690553","0.170150702372319","0.869498658221012","5.27853115099899","3.38862633423004","-1.95509337215102","-0.54670589995247","3.58842585008616","-1.39541559443323","-0.812516508767168","-4.49139863950773","-3.68156176943793","-7.15997935454728","-2.01744904648479","1.07843006227204","5.21672089569757","1.12344966368476","-3.28484462448923","5.96960139799694","-2.9029990715428","3.78092939772388","1.08852255927009","3.45213340347036","1.46505430003368","-5.90836268995094","-1.03927923398767","4.43791591285742","-0.222753054156706","6.73227563035804","3.32708369403525","-1.11836421758991","-6.90676685098756","-4.47421888892879","-9.15357278567346","-4.07168489163557","-0.342446397286014","-5.19621289794632","2.48996051550279","0.220633675662487","-3.08505424236557","0.93736960391015","3.70688563598136","-6.80165056707096","-9.26596820959187","-0.770903583615835","3.58532754395203","-5.64561654104193","-1.08804728615402","5.36239672094735","-4.82003135620857","-2.22778611854045","1.4903925951211","-8.58800800389409","1.76168544008406","-0.37796823534814","-2.32354419844241","3.51663596887361","-5.13023005931022","3.15145323229433","2.93155760342827","0.85679187828672","-0.702737832615835","-7.67413342748211","4.70316666519756","0.284594278110612","0.812396846771098","-2.75458886240321","-1.62203357306868","6.35261234596745","-2.0383274968674","-9.64463141909887","0.852461498512856"
"Random_Index23_13_0059","-3.09341181218658","2.0582916579825","5.57139973079989","3.06001396473557","4.86597526048315","2.06491735064141","5.12653407452817","-13.0434792084222","-2.8301411971214","-0.211982383045269","-3.64637191480324","-1.11090332005877","-0.512862847767039","6.97119387949114","-1.30235627581677","3.14036278650818","6.45678240307419","-4.70405619818588","0.349085041644717","0.949244257146715","-4.49805363116537","6.86131391547368","-1.96506312386301","0.10609065974214","2.23900290766507","1.30854556272546","0.507699937634673","-3.74907437852605","-0.495146518356667","-0.927333806197957","-3.88919496953469","-3.07432567219852","-3.96589300242477","-3.20920067269895","3.09378387734607","1.79370851673375","-4.37752749294712","-3.32501669142735","7.07875328284019","0.160970774257068","3.26115098971244","1.48046250766487","-1.11203211244842","-3.53631694781353","0.00365571916710202","1.03295888793449","5.1241612924366","3.31270559045964","-1.93951318373369","-0.73324782564496","3.45692665543017","-1.24454012378543","-0.624720003917248","-4.510796866883","-3.58874562790936","-7.28716799573938","-2.06822420124254","1.11569508518293","5.01460024844096","1.12689131872212","-3.21454724101636","5.74977003681602","-2.88156679617522","3.61966297108888","1.23258544059882","3.49226478126022","1.64281913779091","-5.74633560538528","-1.04634818862549","4.47206649298349","-0.060277757504037","6.66476710546093","3.37470374378063","-1.05455434107453","-6.97287544815289","-4.53144161331776","-9.08198284264583","-4.08951523412821","-0.312871536929199","-5.40936645688537","2.42513097586489","0.242131791213435","-3.14969000839542","0.820475486852287","3.61853913338832","-6.71232594262377","-9.12496877182675","-0.693331278292733","3.45864062116434","-5.6397043627154","-1.28009614245864","5.38488769764293","-5.14725688267439","-2.28856393737529","1.47817023768664","-8.57008046323318","1.76838772115917","-0.365892699924028","-2.2572555997053","3.4794381998907","-5.11875360526217","2.99064968232199","2.78514489801546","0.841529164290435","-0.617765972425719","-7.62441218946214","4.65319206475635","0.236817361974867","0.772062687385104","-2.69269605197749","-1.8168594034474","6.25912246800961","-1.95641750792848","-9.71559250008694","0.804300301248058"
"Random_Index23_13_0060","-3.29068891519238","2.24455545029503","5.78291136382323","3.20148463105685","5.07843342747326","1.90137967094083","5.13656285303338","-13.0275669420174","-2.98322386830376","-0.380356390940692","-3.97455452798244","-1.32431021437466","-0.699521727316551","6.8476795674763","-1.56186812953331","3.05440762828757","6.30735452467184","-4.74932364733218","0.0544201886926236","0.823210043545893","-4.17945577707605","6.83249820691103","-2.28004505168375","0.167490184739189","2.51308246836692","1.12174641837499","0.338693156015411","-4.05140925453002","-0.406478161582742","-1.17952043940283","-4.02157004377124","-3.30089147519248","-4.11801068574873","-2.96704513832285","3.02770523849217","1.56872276346979","-4.07962057927068","-3.03921917481483","6.90078060650238","-0.168232630034321","3.41535751595577","1.05675264962096","-1.27396001588886","-3.70342648608241","0.305412870597321","0.964691469849281","5.29494287996275","3.37114165505102","-2.18063476838962","-0.383614336672256","3.6610415815548","-1.44420800167268","-0.870677329943452","-4.54511317182527","-3.57079162613445","-7.09751466977347","-2.06459430433907","1.00173144830227","5.17685943925669","1.19465749343998","-3.17197721916677","5.95952969153784","-3.02662283875577","3.8628289955088","0.886488325497562","3.32166874584632","1.4878038637405","-5.85802133848687","-1.0415777397159","4.43510881594644","-0.148473207810413","6.71581982258921","3.46144194651331","-1.14644273106881","-6.85503071689773","-4.44876857551243","-9.06261245114188","-3.84453532391874","-0.458372001524236","-5.09710211628602","2.58237620572474","-0.000417508256861187","-3.17142546774222","0.775068327271085","3.69633793086305","-6.77546593235617","-9.17921955469839","-0.833270250856004","3.61336593052717","-5.64371900645031","-1.01295384692178","5.34019708403176","-4.75416429921699","-2.19723979859694","1.37787592192947","-8.33698367415671","1.82537578344651","-0.567154137101031","-2.16478989511181","3.33805682783803","-5.25602330538195","2.89202983807928","2.94801539602753","0.568922476783901","-0.838993030227934","-7.48569585092054","4.82817988435314","0.0371220348046988","1.12550976743771","-2.78645948696372","-1.46229587082551","6.4682595026449","-1.95927590812877","-9.7308395929267","0.649938693588642"
"Random_Index23_13_0061","-3.16038079846013","2.26966585326868","5.7383981519051","3.2459872592251","5.12754752897549","1.96300410963966","5.21162854909187","-12.8821455576201","-2.86022795933212","-0.408572850406302","-3.84728080218583","-1.28360809686526","-0.611064988726738","6.98871590502168","-1.51150010947051","3.19904266676478","6.22945801463813","-4.77963997091682","0.168351790286198","1.02757789058039","-4.30747614915508","7.00137372084796","-2.11672075403433","0.222436106333827","2.41561077851108","1.09797623768583","0.427084517606551","-3.86584184491885","-0.534023859277201","-1.11442716480544","-3.94224990443315","-3.17470567077746","-4.20675545124193","-2.79079969049989","3.06404025926428","1.84387686605845","-4.13423502313156","-3.2298093420705","7.00928959841117","-0.0176455857446532","3.4868013634584","1.28241560604668","-1.32122585866615","-3.72793063836779","0.35017722222912","0.948411701345881","5.2210413094408","3.33110567938365","-1.9612544577686","-0.465703425244074","3.69448885469803","-1.38167052272004","-0.845526808143224","-4.51815600109851","-3.58289598865702","-7.13862222946735","-2.06654085486411","1.0843714232336","5.20365510619977","1.17886697876639","-3.21000748523031","5.98411952030631","-2.99136915573095","3.79731964224344","0.931797836945266","3.32944727666905","1.56228810471084","-5.89406543154757","-1.09373095611659","4.59551476962749","-0.0864186311784302","6.62606645238404","3.33405510518251","-1.04132285292973","-6.82409188600951","-4.51022091006463","-8.94417892711384","-4.00124080111843","-0.552848590132054","-5.25948221133832","2.46088679285093","0.0436643704861001","-3.15045494299254","0.935278870115694","3.75701416875917","-6.72112249370555","-9.28383689737208","-0.868703546483852","3.57390779775827","-5.63671623168438","-1.10336485331623","5.50455912329486","-4.89014388392693","-2.18073980894397","1.54424986450581","-8.42395476589163","1.88631105549206","-0.523085188724172","-2.36874195312084","3.43593309339594","-5.18028178453753","2.85290267901873","2.95775577596813","0.68854353594442","-0.734761115299742","-7.55806087834886","4.72311527915041","0.0910330293867726","0.782558736096037","-2.85276418205155","-1.44711512696284","6.26586587601805","-1.90122427860239","-9.65279237265519","0.644148099053424"
"Random_Index23_13_0062","-3.02240712818051","2.0848387335004","5.57928620839229","3.16691107082978","4.86888424249669","2.11129741928296","5.10393585493066","-12.9306547842098","-2.97633192361461","-0.214260799506754","-3.75702219589676","-1.18121739007889","-0.553561141879179","6.87199491790203","-1.41891111116976","3.06097361171355","6.30678279208923","-4.64933594367754","0.286807822363402","0.853445283244861","-4.34828614751927","6.87335087701144","-2.01678720486791","0.139873693073292","2.29736370464862","1.18017018460009","0.43167322540564","-3.78182800879706","-0.566942647583112","-0.929665938527512","-3.86842477307382","-3.10784236666979","-4.04884754120722","-3.0094193827453","3.07793778557934","1.68365677348219","-4.27083328456192","-3.11158782130161","7.00059312360626","0.0493410914834081","3.21829442311008","1.38857229291115","-1.25881360011259","-3.61251059910948","0.0655231280421315","0.997798035999196","5.21446800627074","3.28978386243777","-1.91544405244257","-0.626139816478261","3.60935264895651","-1.32678113321845","-0.69138764246711","-4.465329032164","-3.50238678232906","-7.17829697164293","-2.0625509132238","1.06559374538196","5.11237749588107","1.11661392480008","-3.20522429901812","5.82276855260473","-2.90338439794869","3.69865305090379","1.09989256530645","3.30672424174255","1.6029626584994","-5.78608879434634","-0.998436970729978","4.40436240730719","-0.131706447345781","6.55897497091444","3.12838980077306","-1.13719651923488","-6.94571720749191","-4.51569554383653","-9.15673878409664","-4.02349795217495","-0.401646123121294","-5.22865525814803","2.38415717886768","0.19020296206137","-3.04577731757027","0.822900538649077","3.65259726131753","-6.70534954114404","-9.24447387723467","-0.773494113886163","3.45069039057039","-5.65329478160461","-1.21191635497474","5.4174630270899","-4.98534042677225","-2.30836788747009","1.43821367659313","-8.4708061967605","1.77173768890221","-0.431753284672965","-2.23677205842201","3.40682502574115","-5.05412900384594","2.88787143141938","2.83063348759378","0.700358210862162","-0.742515120376661","-7.58289916542853","4.71833439726741","0.293811439809006","0.870989135495885","-2.56913262055368","-1.69967348795359","6.23316353335205","-1.97309343505013","-9.63134031169073","0.854571924927859"
"Random_Index23_13_0063","-3.07421645642418","2.20683607471466","5.74299193868041","3.25503373490255","4.85663832375745","2.14519093615669","5.24756655508052","-13.276118546626","-2.93577907626528","-0.34766275299645","-3.89339449396979","-1.36620054161792","-0.685087267634629","7.05809408227529","-1.55119699955675","3.10825625504692","6.39124481096276","-4.75781063272131","0.161245763005635","0.861416268409271","-4.41182859764758","7.00848561708127","-2.11682170868384","0.0817227917966245","2.31508532439184","1.11706367033964","0.401488120425292","-3.94078269990134","-0.510893067889931","-1.11906796336905","-3.97348953631021","-3.24100213369122","-4.26043965895006","-3.0176786439555","3.16648128294973","1.73809804720598","-4.34608787043414","-3.15416380296859","7.19917421565606","0.140608821211527","3.44386599578184","1.42606862390063","-1.35312254596252","-3.62607718845582","0.0840951189777581","0.996522197156047","5.20987439565831","3.39392092816375","-1.81090994777538","-0.56965666117622","3.54158881230485","-1.48140748847121","-0.822348429949157","-4.54715369226401","-3.72538520900068","-7.4437996065653","-2.29589419612312","1.07884795227716","5.29991538155899","1.14803081614353","-3.24787249941072","5.94716991466468","-2.98587904223453","3.76644725833479","1.07438787998295","3.37718447116885","1.48024519723668","-5.93361324942445","-1.2503958436166","4.50993193462561","-0.22449147060694","6.76126142295106","3.25861370918348","-1.06521996377498","-6.91443623008909","-4.64753310055524","-9.11808648310108","-4.13859144604933","-0.4688108179377","-5.24846384895002","2.51869826200964","0.227161021758852","-3.12972229344993","0.970326355551756","3.90680385354091","-6.80808551426343","-9.36226257687791","-0.821015901264758","3.59208839788941","-5.50551698779502","-1.10631365945406","5.40968849761662","-5.03465453255997","-2.23236340091677","1.42335875201423","-8.52721625185131","1.58651128441598","-0.395280078599054","-2.34604799374861","3.4683027434907","-5.12501294031819","3.05711484184838","2.96726696122873","0.802993068859288","-0.62840375042869","-7.66243100420576","4.80097999627679","0.249669661277155","0.740103218285486","-2.86678395751398","-1.66605796673855","6.44134908007199","-2.1003076412681","-9.8268032790281","0.987004092965233"
"Random_Index23_13_0064","-3.13039713060831","2.18373502445484","5.61987773031787","3.11641172783043","4.80527525790652","2.20545071454473","5.18956802705574","-13.0971315095367","-2.82175986105404","-0.246683750926118","-3.65210409766404","-1.18281796111387","-0.598620778061822","6.89758820020661","-1.28170694308065","3.05198562356878","6.46210469296435","-4.73456576341464","0.286511877387012","0.817713136456086","-4.38268007795397","6.80342169766775","-1.95418916577291","0.018498956146008","2.30787458019173","1.18913666819665","0.335859700257394","-3.72705575322336","-0.514102836960169","-0.984827515493911","-3.81946777433366","-3.07627683685836","-4.06041125773246","-3.07540629071942","3.34767388134537","1.63087987531486","-4.28071803732131","-3.11296114688281","6.98602370190047","0.122082658335447","3.27687590694486","1.45873062636471","-1.21116553418691","-3.5224146006647","-0.0328984160901339","1.03997732806589","5.08489784745049","3.34067728547861","-1.87734276703744","-0.611935091260393","3.44316203473786","-1.34447024932911","-0.665954532657849","-4.45949423652725","-3.52403041469898","-7.1776638074448","-2.16150849990982","1.32253843025089","5.11620939896654","1.1191935152165","-3.16173595440439","5.84535376595366","-2.80142013225841","3.6482620052508","1.07288871244316","3.5673619090459","1.52753415544465","-5.81972289680461","-1.054255651096","4.33625413576595","-0.177551315972957","6.67921961906059","3.22790019052055","-1.06539917129124","-6.84347667906178","-4.46452743280792","-9.12281516556734","-4.0313338622357","-0.299585241737573","-5.22537804577045","2.45032659410693","0.259870092836337","-2.99125723870873","0.827530065812702","3.70950174534003","-6.61864421113402","-9.30218771830395","-0.73200516591345","3.4482162004986","-5.58602926645382","-1.11847160424677","5.34803466308865","-5.04712120747886","-2.34303450965303","1.42588363534884","-8.3804903836596","1.61027985549692","-0.312526954631867","-2.31569104793992","3.69824443196461","-4.92428341762637","3.10090459075173","2.84168561243702","0.859019345387695","-0.637803874247793","-7.60609986903114","4.70798788028598","0.346388520562496","0.74710343889113","-2.7158575071381","-1.66263772810293","6.34247421177119","-1.99622093511567","-9.61127644164895","0.896364933298992"
"Random_Index23_13_0065","-3.09451885327563","2.11616261297036","5.57492889589184","3.066339360931","4.79421784853342","2.03025431933059","5.09758677266711","-12.8551931945419","-2.74751253298002","-0.230014665340875","-3.6334650695815","-1.1054804274577","-0.556287094130251","6.82338284427609","-1.31952358589515","3.08240258089904","6.31199989195215","-4.61316208821231","0.277254973857172","0.919323794787766","-4.26516619094239","6.80690115838187","-1.98283614127691","0.0364535258412342","2.22675203164694","1.20098954221215","0.365898927691516","-3.73585358221233","-0.5398508210353","-0.945042068075441","-3.87881199578756","-3.06973089387594","-3.9752146359399","-2.9911862548375","3.05602715677296","1.72906100794278","-4.30652477844381","-3.18661293299381","6.89564114316007","0.0873839133153097","3.294749265438","1.4354273483521","-1.14425024063345","-3.46435936656361","-0.0747841166140794","0.86423429069159","5.06730099810171","3.26420455260483","-1.94252709595847","-0.656503869867377","3.44160595666558","-1.2360075727799","-0.646166330122986","-4.45682142849055","-3.54040394429762","-7.06445917749188","-2.1514916389926","1.09374407891182","5.07135114986491","1.11382738014517","-3.12051585322898","5.75919756640441","-2.87957629068745","3.60315876251403","1.15102486631794","3.32202156520381","1.58869627927709","-5.72109456679465","-1.04237968420721","4.35452622156123","-0.150338287297715","6.5506593611852","3.12485236317904","-1.16754701519015","-6.81893019529536","-4.39703511732262","-9.16934014232942","-3.92612990421187","-0.29498890799494","-5.15703195452801","2.33240345665821","0.14655970126903","-3.17693353162447","0.665917701205875","3.62728236086324","-6.68501240777599","-9.10964377331288","-0.610802626627285","3.48547686127761","-5.65143468603143","-1.20601631026111","5.3677224423296","-4.95811395897942","-2.41172134175476","1.35110264328062","-8.45434862678105","1.68084541087523","-0.309500434546431","-2.28499592914346","3.41422759537654","-5.09094011411537","2.89124704656541","2.80232268494842","0.800032858840817","-0.625586140402242","-7.51911182099648","4.63122396178341","0.243802407707837","0.703314956249835","-2.64472649722358","-1.77986864993096","6.2207113961801","-1.85265669295738","-9.63238954628764","0.772524751170597"
"Random_Index23_13_0066","-3.09599381607287","2.13441597140758","5.50178485117623","3.01145961674588","4.86347427470966","1.99577288228184","5.2597934912867","-12.7030808162332","-2.88215892424802","-0.260763312458516","-3.74182584816294","-1.14734789316924","-0.542244477852397","6.98540622624622","-1.47405710298603","3.26236464639266","6.21239638483768","-4.72135536937295","0.287529795341651","1.02478193676415","-4.3337693100749","6.78669434908681","-2.13128306225131","0.184764613375386","2.16815136517153","1.31977885347531","0.532460869660515","-3.8001454869484","-0.481400430920045","-0.957287289766293","-3.90524382659048","-2.96796366947369","-3.91139428888625","-2.9492531889883","3.02421732363781","1.76553651490336","-4.29119484779057","-3.12211169861616","6.90334487237347","0.0485431986884298","3.2869417892066","1.44483520108906","-1.22104744230527","-3.75172383650519","0.108386358142251","1.03061972336825","5.01901544533762","3.25116916324382","-1.88179933119677","-0.724539326188877","3.57327337133107","-1.2412560239274","-0.570455069239593","-4.42488254824261","-3.30921857531833","-7.21749298416035","-2.01445902666964","1.02020127529455","5.03437444506336","1.28595884417392","-3.26020770023537","5.86056414525995","-2.96902710298228","3.64221723224767","1.16225303283475","3.30503513284272","1.74908546822811","-5.87241638354759","-1.08780672651472","4.34711939889767","0.0319751496555288","6.44523030821255","3.10127338172666","-1.05629007760156","-6.89809440749679","-4.52366222335433","-9.07608896974653","-4.07794831377849","-0.497465139010083","-5.2373968750943","2.31127901146593","0.18911435189389","-3.09703978478007","0.88662721012755","3.72121295379611","-6.80863549718674","-9.02495784260191","-0.845082237641167","3.45069467107986","-5.65876700638208","-1.27363565326335","5.55336084594192","-4.91311494368875","-2.22790348785089","1.48178512931625","-8.44332975464414","1.87276464406404","-0.405088306973833","-2.08079356118345","3.40286380785093","-5.16334693453039","2.85357543438528","2.75732199459517","0.713797132339361","-0.73841964894523","-7.65929045633339","4.59588870863355","0.23240140865729","0.762968991676298","-2.67048276399051","-1.69404275159201","6.16078100892903","-2.04718452173755","-9.72193634001205","0.774766381853722"
"Random_Index23_13_0067","-3.07851473621318","2.06332123251641","5.57741245505451","3.14987305575251","4.95827606896392","2.05328952438358","5.16836034757913","-12.8681487204009","-2.8265246746427","-0.275460711597155","-3.7820083019109","-1.17733257811404","-0.542719862094562","6.96597637602036","-1.43171111721408","3.18855278422602","6.2969111351091","-4.69610303040172","0.254585378013947","1.022221732495","-4.29025409875293","6.91964570060575","-2.03878373342849","0.182033331458658","2.2935006290057","1.21927239696639","0.576077060303893","-3.7709365386391","-0.430643499162628","-0.948735194464827","-3.96223319257713","-3.11957993701916","-3.93439374112789","-2.97198208991132","3.05513117053995","1.77051571916716","-4.31605214652429","-3.14530948446917","7.04937989738615","0.124994176678686","3.36910208028481","1.43710533649222","-1.23514464488378","-3.63916190452901","0.128573697914605","1.10483190851151","5.12333243705026","3.37341548333562","-1.86444367742051","-0.608246241759284","3.60600823487506","-1.24126476615084","-0.678357554889714","-4.38471522344959","-3.55214025966945","-7.30852346903076","-2.01188356977895","1.02428469333684","5.10856857510423","1.17947679811312","-3.25394353382241","5.84976911341053","-2.98262957741306","3.69490427940129","1.21802474274704","3.31801264598736","1.70359015712681","-5.91701979814891","-1.09274625616009","4.40133829186709","0.0679762718179412","6.64615747464718","3.12727722790613","-1.17805700175491","-7.01700729128454","-4.5089996203193","-9.07167737348562","-4.1060038368182","-0.484079679103587","-5.23433194740022","2.38909180076633","0.24881037445765","-3.08463621226946","0.882325092802972","3.77639218462051","-6.90360266933185","-9.18801661023562","-0.749470920785592","3.54419556608828","-5.58207465241166","-1.12354319004205","5.53724976107634","-4.86690945337645","-2.23202409451786","1.49099122658675","-8.52820001398525","1.87637580256251","-0.444948992028303","-2.10341936657163","3.42435334461099","-5.13221586993558","2.92007514099344","2.88092437563202","0.798190309385608","-0.726223877392649","-7.67214809476638","4.70311839317246","0.255145736281074","0.87274849544143","-2.67831107972321","-1.65943312021841","6.23312801982238","-2.05704795755981","-9.71594184094566","0.889887295101819"
"Random_Index23_13_0068","-3.19812854863579","2.11441174880658","5.61567848315709","3.19830221180376","4.84724947480657","2.07768005211968","5.0938031161808","-13.0236398175448","-2.69829198727262","-0.284139002782176","-3.73942595225805","-1.15734409265951","-0.563308451426775","6.80826692887138","-1.42742313276662","2.98696221044088","6.35576235777177","-4.58610352912801","0.220179679848856","0.886691865949591","-4.40472476180379","6.88416479455703","-2.02074268945705","-0.00397580229750234","2.40987383431885","1.12444725242051","0.480605854444847","-3.72582913989307","-0.551011568219259","-1.02394003964701","-3.83699592349617","-3.13601819605801","-4.02140493783068","-2.92706131198383","3.11233514965698","1.59521842719099","-4.14093971006319","-3.09381786561706","6.90612253691933","0.0532954422544878","3.21001661022213","1.3425872257014","-1.11283341928827","-3.47390232895525","0.16019798534893","0.995911472639764","5.04039234496117","3.34694409539137","-1.944163138236","-0.544961811559166","3.42058848587471","-1.38241113675594","-0.766424533690159","-4.45392796839964","-3.59269311517515","-7.07085686391849","-2.20730636433239","1.03378425059549","5.04722005536172","1.21591502785376","-3.14879850271664","5.89892111186287","-2.90472115917164","3.65088083179752","0.982458375742779","3.33280513606739","1.53579180233025","-5.79151135643113","-1.1140857561291","4.42229394560009","-0.131525831083213","6.6047680246757","3.1478499988978","-1.06392681567104","-6.84539214559799","-4.41803496532226","-9.00879273472674","-3.95925983682845","-0.358064415011314","-5.13602358972917","2.41583364028618","0.143170614660635","-3.13868858164173","0.979553892643921","3.55234287114759","-6.67770650890652","-9.27361646092621","-0.706501604357367","3.47616615256822","-5.54337666957669","-1.10597425647731","5.28802163226675","-4.944783262158","-2.17633109122469","1.47723069365624","-8.29581775228164","1.6726747631822","-0.351379500334482","-2.35921977096655","3.40645503171479","-5.0155684456732","2.86763244688667","2.86819936689682","0.780569335881934","-0.649111783214313","-7.58640272291438","4.75208942175753","0.272698443991454","0.86713804582104","-2.68762343641224","-1.62260866685154","6.31823271382725","-1.9982134236948","-9.62191141411235","0.777573100841464"
"Random_Index23_13_0069","-3.08503572862604","2.32534840743712","5.72778343648393","3.25781118991878","4.85362504982136","2.04143768679845","5.29702283952581","-12.8880473541038","-2.93674271974876","-0.430075276829614","-3.83692092468129","-1.31919624168566","-0.695060642460662","6.90940341417705","-1.53257151697971","3.05660940735125","6.41026997186057","-4.68427925415981","0.205463051427466","0.904231250421614","-4.17435251352472","6.82846151299601","-2.11723980898686","0.178948426934664","2.54999973942241","1.04075221924801","0.538721840360257","-3.9225507778126","-0.555634035527665","-1.15225363728755","-3.84216699890502","-3.1144909278321","-4.00070551548127","-2.84181592666464","3.28033126808585","1.55652457661792","-4.15603530356614","-2.93591950894915","6.93170826576859","-0.144539749590927","3.45464914739772","1.26722654687431","-1.31727759576362","-3.51346930727317","0.184427134049904","1.15765189236131","5.20348844084632","3.43157440260418","-1.89882574712155","-0.451178975626425","3.5093968758361","-1.47982315527005","-0.805152172673155","-4.41181704886497","-3.6021739685374","-7.06213863803746","-2.16216578314574","1.23135452470209","5.32157200540659","1.38422952955651","-3.22543746521311","6.06734948967155","-2.89883103315348","3.73217698907344","0.919932716418692","3.47814253681587","1.53003056320546","-5.80653325147971","-1.14344672575566","4.43030766314826","-0.249753529767653","6.59364550731076","3.49748859009373","-1.10459717674145","-6.68716888912403","-4.46430136000598","-9.02047771697841","-3.85721570603195","-0.369749335891049","-4.97163197240316","2.52055254290762","0.135429344192757","-3.0515593882664","0.845141971773653","3.81666502689018","-6.74236669674757","-9.12684448157867","-0.958649452263085","3.66858000059108","-5.40319755800061","-1.06192905955991","5.47730115404592","-4.84920782115456","-2.17846060970828","1.3466575595454","-8.35830577566751","1.787295908478","-0.377634792689652","-2.19949722639996","3.49335324904729","-5.14466598158041","3.05856922221296","3.04537962604141","0.648587096663595","-0.753585701756849","-7.45273690256217","4.78201660932286","0.212434160689404","1.02817018777579","-2.68737161381078","-1.44659616431561","6.25846153285749","-1.96914107923495","-9.65876050314694","0.79842479727913"
"Random_Index23_13_0070","-3.32713826739412","2.27902374966812","5.64507859865498","3.16676129604756","4.80619846449987","2.16140890872542","5.20166188805682","-12.9324392620105","-2.74852726226345","-0.345031588404394","-3.76385157636353","-1.24737822170864","-0.666794841098333","6.86421494376268","-1.49609278437006","2.98753189213137","6.33087573982949","-4.71367204149194","0.195078839592922","0.793160097978108","-4.3369688399332","6.86913229303699","-2.06886283726951","-0.034810270146926","2.43373282217163","1.06348142087882","0.19401731535495","-3.80058369346078","-0.696695013622527","-1.07715119307602","-3.85324457245546","-3.26416419568405","-4.16714852413492","-3.03388014414587","3.1753365993539","1.58677917686749","-4.19812432420608","-3.13637982836424","6.93866284234077","0.0109854183704297","3.48704376113732","1.31466228720903","-1.31555191030878","-3.57937029093003","0.0680658521845314","0.871187831646204","5.12920211522481","3.37844744150308","-1.8319475223852","-0.510803127796188","3.47274116000506","-1.36867414881846","-0.826616688367532","-4.59309481985845","-3.83715272945264","-7.14166610798182","-2.2225474052308","1.20260901452961","5.21392846917777","1.17060656878633","-3.1627115634756","5.94324816550214","-2.81507751057548","3.79879893967831","1.01032791650252","3.38411412767682","1.52169234281827","-5.9219404198313","-1.13615315748632","4.39063735324696","-0.228553021579579","6.61929297345634","3.25633189640982","-1.04933358116292","-6.7676730870181","-4.48235594759093","-8.98825011781853","-3.90533139394581","-0.4701865109497","-5.17808213148109","2.50132613144471","0.188876127718838","-3.04919505338451","0.766558988425394","3.73966833241831","-6.63453531894793","-9.31103122955181","-0.913406761014192","3.55081713774826","-5.69920936578063","-1.05721815186992","5.25333121502395","-4.92251424900693","-2.25162814833601","1.35620195787566","-8.49563469948289","1.60859916044455","-0.488545959025591","-2.4305913637573","3.4859417516649","-5.03676126747506","2.86935754423784","2.94881055236132","0.782234654793583","-0.791441187135224","-7.51460166344688","4.76033028796058","0.227672380623801","0.755734931816819","-2.86238331318718","-1.56284216807434","6.33195262265637","-1.94667815079508","-9.66610908423602","0.869132624312504"
"Random_Index23_13_0071","-3.10302150525207","2.13084230826304","5.60187913045954","3.16411002024775","4.86139701081278","2.08575157335997","5.2085302272508","-12.869239172412","-2.85186038221067","-0.278087795758919","-3.66978433681247","-1.14290321486437","-0.540699986806852","7.03825356257678","-1.38085179572066","3.11547216528062","6.30630614280082","-4.73355532517731","0.326120264909965","0.937723967696808","-4.35230441550005","6.93874346427183","-2.03105067598439","0.130387512323966","2.26961430453202","1.19760451891667","0.395188420536564","-3.75899039805868","-0.604937508948572","-0.923699993603148","-3.84751793809478","-3.03916199508585","-3.97845978264482","-3.06356530155984","3.10242566714593","1.6544023157858","-4.26150206674512","-3.14383567609459","7.04855680063994","0.0930789350721206","3.33212404584922","1.49808364397512","-1.27707077150012","-3.58497603367732","0.119531218198716","0.928897891517964","5.09608729187492","3.26210341592951","-1.90412774617195","-0.693406817251841","3.56377200121838","-1.3139806034855","-0.687719329411018","-4.55170363697029","-3.5310288475714","-7.23470788087669","-2.12745170964139","1.14261815418054","5.14119637861179","1.15151560036254","-3.21435404048528","5.85604504739645","-2.86114046747274","3.68887067690472","1.15481533832609","3.40961723253532","1.73962408545731","-5.77273262115205","-0.937577626829037","4.47291442486","-0.0110974443175561","6.68118490477048","3.12812861894939","-1.02042912612539","-6.79397837739255","-4.51986690042957","-8.95240570478863","-4.13125824162541","-0.391224208590506","-5.18938928722218","2.47588538817421","0.195589196965871","-3.08893932985072","0.814299368816191","3.81878525167466","-6.74829397797408","-9.1577128616537","-0.710022133100947","3.47328351821462","-5.6300145617807","-1.14669915623173","5.43738104408122","-4.93292458865428","-2.22470043887613","1.4089298703494","-8.46219004645103","1.73370360179728","-0.352994935099416","-2.25615310274953","3.49969152849642","-5.00683533511248","2.9689575846689","2.92758288888353","0.799923365780595","-0.720046603541137","-7.72681686812473","4.69919403272193","0.326788560781647","0.835511482580404","-2.70329449662991","-1.66869507246661","6.31476803151727","-2.0579311419126","-9.58408934261727","0.905984518482865"
"Random_Index23_13_0072","-3.02009623710238","2.08880903031359","5.56385775710609","3.12844859382506","4.82086808055902","2.06213125543739","5.17352590891871","-12.9375883396955","-2.85532361747025","-0.276054180100594","-3.72181501521755","-1.21289388095945","-0.516173204694554","6.82470824771761","-1.31374430122376","3.14919750739021","6.28558128545333","-4.69383139491702","0.259398098018441","0.891111935470156","-4.28033993643429","6.7553801911186","-2.05057440824576","0.0470526496006022","2.34785154804151","1.1725258085788","0.364808995569568","-3.76658715249227","-0.539076092023228","-1.01484076182357","-3.77267247796241","-3.14858113465636","-4.05709322440147","-3.00097972245909","3.03217902197565","1.69877524696211","-4.23262201105986","-3.14152928098795","6.98030735787329","0.109878120336168","3.27469805778329","1.42461649146462","-1.27636496470514","-3.42139966258017","0.120310782602403","0.931475018228135","5.05662667403179","3.303476490527","-1.94735834090255","-0.562750371892411","3.45996744348111","-1.41220033625427","-0.739828951403591","-4.4805772156893","-3.55023503674246","-7.0538631232002","-2.00775262326917","1.0633998244354","5.02422156524057","1.11403080834164","-3.24260006110479","5.78810951621042","-2.92597773145254","3.6113078579643","1.05253880029669","3.41028459034854","1.52634552355108","-5.71516730920476","-0.876846109408095","4.40441911799855","-0.0815137453198967","6.60010145602093","3.15969309197902","-1.09744214796381","-6.8705174132849","-4.29240266059932","-9.05645022690124","-3.97929884738675","-0.386142037911518","-5.10742837510426","2.39642342797657","0.192627385014171","-3.09281020124317","0.877733088423102","3.67254932381943","-6.64697478685198","-9.20442844970513","-0.781347274932638","3.45237546332117","-5.5665461700832","-1.19337472469895","5.30165002105021","-4.9328377393558","-2.21068957194375","1.44075750966385","-8.34293529992294","1.60739584682875","-0.372668700675189","-2.34174400287521","3.34626958208411","-4.97280353226644","2.9006129377307","2.81870153150988","0.802850743754896","-0.669997047382609","-7.60479570507416","4.65395576997628","0.233096135912886","0.80545272151335","-2.70969224961075","-1.62541490959332","6.15941198087349","-1.99446383289446","-9.63484439955049","0.81855308484977"
"Random_Index23_13_0073","-3.16844536193221","2.10584868099285","5.50637181297521","3.06694141508694","4.80260756204317","1.97938710798652","5.13793325594264","-12.8255218161082","-2.86554791505201","-0.30701119731797","-3.74831469445948","-1.17402287813395","-0.58961303319506","6.94819357907875","-1.4285791039285","3.10357207645495","6.27408675043924","-4.76087081344607","0.248633051614202","0.951384322032059","-4.26198505274474","6.8517841901122","-2.07852299550255","0.0894944756616699","2.25334917680434","1.19054344050422","0.445031477557769","-3.78047838602471","-0.467788192064681","-1.0223543035547","-3.89385951899242","-3.11308089027447","-4.02766459449632","-2.98653192785942","3.0440632582308","1.64681988868537","-4.2477864778679","-3.19628208428772","6.93995672438438","0.0445895881802168","3.23548674465598","1.38143105998258","-1.25819257994935","-3.63545354246244","0.085218086248541","1.05975848394052","5.00511505345431","3.25201844977532","-1.94258874146149","-0.674642468549374","3.49801044586426","-1.30457207834868","-0.676130755234869","-4.43697245726369","-3.49591903271446","-7.1466659506149","-2.05618100659788","1.08813122970511","5.01371910193998","1.14650298536566","-3.22114997728415","5.84543019148117","-2.93823901500326","3.69679163257539","1.06189632578299","3.38808461548783","1.60785788079995","-5.71036463339998","-1.18018194455224","4.41337119720251","-0.099630551887927","6.59343293408948","3.15317557047412","-1.15393432615629","-6.98402395715213","-4.49293718655392","-8.94936770792482","-4.02280339876188","-0.46538435216199","-5.20580455791343","2.34257077277942","0.216637452995099","-3.07837971696968","0.78723557511792","3.7156742089821","-6.71929134338884","-9.12206318806219","-0.75077922526615","3.47844664794053","-5.65147603554285","-1.25518425485702","5.3947430372818","-4.98129061416357","-2.2866525047951","1.43566990244475","-8.3175650463877","1.77395367475707","-0.429344234918557","-2.21565151355949","3.37979119956586","-5.05901463796444","2.87384755673566","2.79241571591915","0.744582765718674","-0.76176872714338","-7.54613341244634","4.67672084103215","0.273030087794712","0.782554992985639","-2.65624490826106","-1.66680470754011","6.22994515876638","-2.0789309857931","-9.63968122254784","0.748521857864548"
"Random_Index23_13_0074","-3.1429305685718","2.17202888739513","5.60371825849687","3.20142513007564","4.83706026040027","2.12203959562851","5.14907702642043","-13.0276914895967","-2.90619401835245","-0.366187741558648","-3.81032398563638","-1.27732807843785","-0.67390558185443","6.95679188059802","-1.47715780491725","3.14183759791036","6.40188991555693","-4.70119997548759","0.17194823578954","0.932483067499014","-4.4243833407487","6.927720395708","-2.06716172956016","0.0941075057060171","2.3793027808012","1.09384609829894","0.365284170038121","-3.81281329625067","-0.545676171955005","-1.07133170885545","-3.92147835809658","-3.19226850284594","-4.1995962905666","-3.08606711603977","3.20484332998764","1.67301098147909","-4.25467389409722","-3.15702312501145","7.12663798452288","0.153423654547639","3.37308256309274","1.40406215674747","-1.27478251762246","-3.61756076849894","0.148585039879683","1.09570234743991","5.09501207728593","3.36729123652304","-1.93681663492712","-0.541151840914899","3.47904801659255","-1.41481345722364","-0.823300924692047","-4.45552637637725","-3.73754648025488","-7.29855423141755","-2.11447293285723","1.20066351965662","5.15615004882015","1.12922573795646","-3.16391045979148","5.86615274245644","-2.82600658026864","3.69253262294832","1.09390834806934","3.42750950692654","1.54175890012844","-5.89251900736628","-1.05357431885699","4.42997036977641","-0.220750453094911","6.6844730679346","3.24859515577506","-1.05827988655508","-6.84977422655768","-4.6037797186411","-8.93519170422396","-4.15159441492951","-0.388824418109203","-5.18991933923308","2.52036454059496","0.200906937962025","-2.99787707814486","1.0072382646356","3.81667456674371","-6.71072722443654","-9.31931401442347","-0.788668717682298","3.49361079790027","-5.5030118492051","-1.06031493532937","5.39649217564723","-4.98671103874213","-2.17262709543133","1.38922288177552","-8.55112593897108","1.65959365501956","-0.398747298251824","-2.42783266420381","3.57406409812367","-5.05767391886051","3.08156179006061","2.94705528616581","0.830590473796612","-0.691881496150851","-7.6390103458438","4.7304316623464","0.249665123270234","0.758973804392753","-2.84970137022518","-1.61901600885775","6.33278990047625","-2.0892752337347","-9.57572206440978","0.92633157713297"
"Random_Index23_13_0075","-3.2070575728235","2.15157338775367","5.55151139888274","3.1737717887873","4.78531857089298","2.12648085951207","5.23917158881486","-13.0195153046899","-2.87454191686664","-0.25056261383456","-3.74059777256706","-1.15484205931608","-0.531573023491943","6.92153048579569","-1.42047584419925","3.07901754121599","6.30134216133715","-4.70346093471082","0.314430338571727","0.844778722714358","-4.41399748317884","6.8232961288253","-1.99952884643626","0.105489772035501","2.27187441062058","1.20345602190393","0.382201976730896","-3.75973177024206","-0.603173140515671","-0.943838327274838","-3.89657902932505","-3.15128253873266","-4.0340261351633","-3.05393815743446","3.16215518885584","1.74459347761996","-4.24797068797011","-3.13597724097065","6.98365195420692","0.142853912779917","3.27425145574613","1.41247778045933","-1.21299281585711","-3.60022890779834","0.143197270567808","0.986294709018428","5.06736276911578","3.28417888951041","-1.78923976232161","-0.651779465367984","3.51322540294938","-1.31245262317342","-0.709809230468421","-4.49726625977432","-3.56647963360328","-7.15843434630793","-2.18767580923313","1.23471992765728","5.07541963773248","1.199773117679","-3.22254743502959","5.84312928808708","-2.90793805569636","3.69252059420156","1.09058397068646","3.40887573147109","1.69727802128214","-5.81081624239952","-1.05310010028872","4.3587016974787","-0.0964718933464645","6.59991334451184","3.17536346989305","-1.01714285938635","-6.8878472809712","-4.50221247555401","-8.98713070811174","-4.1361812621348","-0.41671007017255","-5.20873801463812","2.39837142965152","0.240603573725986","-3.06916700406015","0.860504959202697","3.71508218804555","-6.71347329954701","-9.28849810268649","-0.767664294421067","3.47144998710276","-5.65998365132032","-1.19688064639437","5.38754334380582","-4.96085841346767","-2.16519586073762","1.44234658037032","-8.35050730776972","1.70008168739823","-0.377357795683451","-2.21722520822952","3.54916721269771","-5.00422574708451","2.96825401821042","2.89974242082126","0.824460237863438","-0.717598909591672","-7.66641883380497","4.7008171327947","0.313515670695079","0.768423066529742","-2.70615668133203","-1.6262540117194","6.29264641712236","-2.11041044036875","-9.59477756306354","0.899875748366682"
"Random_Index23_13_0076","-3.2144326665062","2.15483537258861","5.5794848117735","3.1812597769723","4.88878627173153","2.02965378957979","5.04777154700355","-12.913910044982","-2.85722810277674","-0.290629057154431","-3.73855766167442","-1.25394320928493","-0.674913439348945","6.84677070857411","-1.40271014509807","3.00650697370635","6.4161254558892","-4.69704616866259","0.18869913053759","0.820140766929651","-4.36641825781923","6.81869725166652","-2.0932036117577","0.00585417956078096","2.38660471181336","1.10740239812751","0.308639979776309","-3.80881977468495","-0.494997539999608","-1.04992045350277","-3.82942796826006","-3.20078313740481","-4.09812485904324","-3.12549156322742","3.07763560278473","1.71627047886853","-4.10727360646882","-3.05158480246155","6.9484478503598","0.013267867895023","3.32854950039538","1.29544815873845","-1.25365420733066","-3.59230701546125","0.148247432185548","1.04783305401858","5.11725941223941","3.33614133871984","-2.05992490715678","-0.487294936746097","3.54698382958194","-1.36377586225819","-0.760412418673201","-4.51563932869914","-3.63828332798589","-7.18405671603325","-2.11892858799597","1.11940299936222","5.08959986432097","1.08304293278046","-3.12713885730251","5.87676873843502","-2.83853483070835","3.71918142735917","1.02652652505103","3.38093628911104","1.46200310498182","-5.76097161033584","-1.07889968653195","4.44329708396868","-0.189086534834057","6.60920215256553","3.29491381070739","-1.1513170072073","-6.81141663535549","-4.51811302063557","-9.06768645893163","-3.93122208275396","-0.479874767031415","-5.07985050787716","2.54024538752081","0.120206098036827","-3.07052644830255","0.847864826786616","3.72736486253967","-6.65983110780164","-9.20665027654422","-0.833293221762181","3.56006969202372","-5.6388029777107","-1.05253350282995","5.27981756404826","-4.90056999254524","-2.30999213884791","1.36792300470828","-8.40921113636707","1.56799449592556","-0.404934096747275","-2.2905854481844","3.42040790338246","-5.12805846856989","2.89869379227526","2.92201096853502","0.717261640774688","-0.745214280489342","-7.56214213575458","4.70547107088848","0.157101027100187","0.884793850914562","-2.70958025847659","-1.54262352483638","6.36169816190625","-1.96206800703217","-9.65938218557992","0.790432168980283"
"Random_Index23_13_0077","-3.12832280597952","2.09509834563245","5.52538782622984","3.11386281889581","4.76648240559647","2.1118796285384","5.13412188631274","-12.9318122046252","-2.86571468952317","-0.2464878343095","-3.66864403338102","-1.14517127257465","-0.541391290801652","6.919106177755","-1.36438758765551","3.07431521877625","6.41216778729644","-4.67594265233084","0.334924284244607","0.870543520324119","-4.4210002637733","6.84409282689569","-1.99302621638293","-0.0356654959362534","2.22848911985149","1.13807594508359","0.304295123407869","-3.71071263197063","-0.607363049739064","-0.963803190047373","-3.84189937465989","-3.07612565956668","-4.06193504551116","-3.11723101348238","3.15408784903549","1.68957231944491","-4.30655483982737","-3.21278064598918","7.00691645443028","0.161714192737116","3.26670051970266","1.48375686793441","-1.18598006182194","-3.53003195274265","0.0298936380039796","0.977633948931784","5.03478041803636","3.25558044750598","-1.90452804964415","-0.655500418017906","3.45795935604691","-1.26749999275889","-0.690523461581935","-4.49883503178271","-3.60877506425402","-7.29100691597282","-2.17494102551479","1.18790253129019","5.00794515066577","0.998019958583594","-3.14030823731262","5.79152644481489","-2.7791007947187","3.62628777452089","1.17546493914193","3.4579665779998","1.5940286009456","-5.80241029926553","-1.03238417372648","4.39892674229125","-0.121306109092127","6.64260737326072","3.18165284045426","-1.02847218759505","-6.91850278472669","-4.50401786777933","-8.99823576958605","-4.11540171230378","-0.369428425411991","-5.23785094317876","2.43624956881923","0.228603076597784","-3.01507628977158","0.779972987420452","3.72527049201345","-6.681576122822","-9.18129596812858","-0.741742903273481","3.45637861136119","-5.62690938536256","-1.1952836540388","5.35493764595746","-5.07447497083269","-2.3857893117403","1.3829255794388","-8.47851372313747","1.58521979077592","-0.323950703073607","-2.38529715017382","3.51585248184705","-5.01600393469703","3.00227915637274","2.86114466528999","0.842547391512336","-0.629511590516826","-7.65310223841159","4.628393148836","0.329916714707245","0.717566119598597","-2.65572402526304","-1.70876297730423","6.21588842325509","-2.10792415495898","-9.56010672103141","0.922417146686672"
"Random_Index23_13_0078","-2.9422287109247","2.05397528269262","5.57707266592338","3.04570693625475","4.84496202904953","2.20941254485896","5.12323452138908","-12.9827921525925","-2.67189540567778","-0.0997615100110607","-3.54015291395768","-0.980757628489662","-0.36378508295323","6.76845310782872","-1.21693686772645","3.09085011070359","6.23373918711492","-4.62618373961037","0.427790921681022","0.795250549531184","-4.40563698468604","6.69101017009896","-1.94388248469304","0.00696521467808295","2.34746820485481","1.19945725121885","0.269782449015152","-3.63407937317936","-0.647262992923534","-0.853906654628744","-3.73125066908384","-3.02115688396095","-4.09057318632987","-3.11911862473516","3.08217935896131","1.78309947580058","-4.31373578222379","-3.19031707235074","6.84612533609017","0.123219540822741","3.26411930170146","1.58166257745361","-1.13763617890127","-3.45533820026748","-0.036232253635738","0.95739316301417","5.06866849247726","3.20447467059405","-1.77454176935976","-0.631704221423656","3.37609704525807","-1.12286390646629","-0.601276302045712","-4.52613372561153","-3.53727433826665","-7.04380182235398","-2.25041348499463","1.07883359128302","5.0382967915673","0.990558298111986","-3.07713924309306","5.76023869102576","-2.73561909421075","3.54029266471534","1.22398927399569","3.30808472712651","1.69833693602393","-5.72835869214895","-1.01549551063447","4.29650009338084","-0.133815006457084","6.44207550011253","3.21009705736203","-1.0840981711488","-6.85564856307075","-4.36278158817319","-9.11489957995028","-4.00416429616246","-0.286712676699024","-5.29373809163685","2.32642685950487","0.277363849545809","-2.96870626076096","0.777016011859407","3.48287915544784","-6.63401757655541","-9.17741220546138","-0.726956759883758","3.41216256598857","-5.69836939056123","-1.28660140580874","5.33121358554424","-5.02263274751027","-2.38832473401132","1.27205308937059","-8.40797674623892","1.64528159414955","-0.213710562736087","-2.36054906565554","3.4308193666283","-4.9472467777427","2.92849202731026","2.7374720650305","0.881241902296884","-0.590780087968562","-7.50455944204492","4.60261251923883","0.448934963266086","0.704968406948853","-2.70323166039556","-1.76744368263611","6.22837898977606","-1.80414262475658","-9.63994650352833","0.790234895678776"
"Random_Index23_13_0079","-3.10349707292873","1.99170151567081","5.45798748773436","3.20680249138476","4.61979159583038","2.34598613909724","5.15231899878505","-12.8811376774764","-2.8592306256147","-0.208002185419865","-3.60739060572069","-1.12626668449484","-0.53681323052025","6.8389277178595","-1.25667981341205","3.01781009107338","6.44163225462391","-4.58246238455707","0.289561938396876","0.842466125515089","-4.44079400554446","6.79826144487034","-1.83316919255967","-0.0733655354357482","2.25869013661981","1.1421056853351","0.437175882014412","-3.61105104665286","-0.748211306234211","-0.867455896603647","-3.7430314631618","-3.045341022001","-4.08782148436059","-3.08464927029443","3.34216366948056","1.65811349193869","-4.32355000923208","-3.10022950206879","7.03785466115618","0.342549466492627","3.24959447988743","1.6320759667983","-1.19027848948313","-3.40601068105136","-0.0409835657144425","0.956094351211229","5.03954259091802","3.27879751982703","-1.75268430141127","-0.635273231654112","3.36115953703746","-1.37892284546005","-0.761859358131001","-4.44203243098346","-3.73402426219942","-7.21158164629582","-2.2263842757501","1.29971163709413","5.02208883466947","1.14570285112079","-3.14822509420809","5.77268210727838","-2.78376364140651","3.5534073561288","1.15156025072119","3.59247091605021","1.5349329589564","-6.16754924155997","-1.1532206651301","4.32156390131415","-0.337247779513941","6.72674066894864","3.10272539647093","-1.01745643800789","-6.84948628928258","-4.51320725502164","-8.9906702729739","-4.12343937051679","-0.232308188211457","-5.21529476364927","2.4181143474498","0.428006811045619","-2.91932120910812","0.776198992744325","3.65990928489778","-6.66487007132774","-9.13463147370272","-0.749612001995406","3.39184766951738","-5.53804157191473","-1.23549329096633","5.26668558088525","-5.00671877685567","-2.29450908410424","1.35617920261035","-8.42876841248738","1.54951490373239","-0.198091304884181","-2.41134784904433","3.6653662234977","-4.97274028820183","3.21314146640179","2.89099240743532","1.04412371285034","-0.580465762091716","-7.70486871780281","4.62661364951279","0.498515295800958","0.691772073767812","-2.69880874646463","-1.77231892015476","6.23216987880607","-2.02072152021709","-9.59225850170559","1.11632153889243"
"Random_Index23_13_0080","-3.14978970455275","2.13227525664408","5.49973265451609","3.14603486631709","4.79470082827674","2.07905694251733","5.30710432247594","-12.9985380379068","-2.80331384369739","-0.286915437511252","-3.72556697711052","-1.17459444615242","-0.595309034683626","6.87235952347845","-1.3876847034532","3.06758428226912","6.32145545763418","-4.58965449917449","0.270724280886246","0.852410587022163","-4.27441617280968","6.87379118132215","-2.02786123748997","0.0611620095551159","2.29930553000346","1.22199699657747","0.39340032617456","-3.81648413922579","-0.613061844583705","-1.02378073169004","-3.86412482071453","-3.06629460368237","-4.04613253852477","-2.99313524769369","3.08604231983665","1.66284680934215","-4.18628446412078","-3.02427853737371","7.01097602082961","0.177029111061097","3.27832815242711","1.40893144482119","-1.23138373360901","-3.64167571836081","0.014568731557012","1.00083244694299","5.0485649566403","3.38395191683427","-1.73776015762609","-0.620127029823129","3.46449270567972","-1.38288329319984","-0.686387319563134","-4.52142240696834","-3.51838022778929","-7.10544744441458","-2.22132109879338","1.04901787612286","5.13495506772252","1.23106671726215","-3.10979179768777","5.86356216897467","-2.90132185127513","3.65037311981386","1.13553785604864","3.36333816620534","1.69079920871943","-5.74945109340785","-1.13230562154025","4.3266520567548","-0.123964296217409","6.53465717452488","3.09997684578454","-1.00490927662802","-6.87469836578811","-4.43073769378938","-9.04443467741231","-4.05040283108732","-0.255062918583532","-5.23640713856545","2.42758283505834","0.20589759948086","-3.08184142588344","0.898778654361447","3.6571886047587","-6.68218557146169","-9.30884531937637","-0.685926775668492","3.50075310403845","-5.48929058505145","-1.20763593158078","5.33953654494576","-4.94804414420532","-2.3210869202849","1.35280273526738","-8.44374348595928","1.61144832899034","-0.354294863913286","-2.25492641167473","3.39110078329159","-5.053816350771","2.85438683792484","2.83839976049376","0.826489493148576","-0.620916793144049","-7.75711538017967","4.70366176686368","0.358815684525646","0.793537265643085","-2.67929844679742","-1.6643831668013","6.31247754292091","-1.93999848899201","-9.60224199663627","0.838180219443607"
"Random_Index23_13_0081","-3.11914349957345","2.23359424503399","5.63391984251996","3.230930981303","4.95673708204682","2.072709246897","5.11759423250723","-12.96114220183","-2.82334497332846","-0.248300680608213","-3.69091246569498","-1.1776809788096","-0.593879837094962","6.82076983092758","-1.38287986689177","3.09920234167208","6.21846114936312","-4.63306186389128","0.254171309949385","0.885687784780478","-4.37465619577451","6.98566704398245","-2.07410538533389","0.124488122430513","2.40178000165706","1.09443325533766","0.221384072090074","-3.72211255453199","-0.675936201434315","-1.07506450089842","-3.94604647511487","-3.25791420122642","-4.2169567817645","-2.92831347295694","3.05316562870681","1.69754803601779","-4.16191788309137","-3.20456153257922","7.02767526385061","0.154415179450771","3.32941053847341","1.3044213982136","-1.30016863581725","-3.57540340951581","0.147849645624287","0.87647785687285","5.2608644580933","3.3277673140263","-2.04702517682379","-0.487817455123127","3.54997037837988","-1.54370516443078","-0.900929129461541","-4.51189498196727","-3.64849665887706","-7.0494626917215","-2.09877663387691","1.12289650092416","5.16440123797724","0.960450548105883","-3.11777595900678","5.80380666339618","-2.84857492871458","3.78567741999458","1.05817508819758","3.34161482382728","1.56809167609664","-5.81435203524568","-1.1680970376423","4.53359287438769","-0.216260385397441","6.6436815695875","3.18280719087407","-1.11062471700955","-6.92579765660008","-4.48149408354352","-9.06340453946872","-3.9861217182267","-0.457812070427982","-5.23975491529774","2.50555764201856","0.13080375977273","-2.91714251896501","0.757724937694398","3.87260148398459","-6.69589362795546","-9.25436318954904","-0.784139449150201","3.54151359143428","-5.5692685164875","-1.01814025833994","5.30634191799296","-4.93538547715336","-2.22630585054121","1.45083590020858","-8.4022384511831","1.72969350461806","-0.46497252573515","-2.40160118278255","3.40614857691","-5.06223323736074","2.87015729787808","2.99442593899254","0.727893987205579","-0.75915540984228","-7.4942606751406","4.71875888391089","0.291255982154273","0.795981811088646","-2.70254704566911","-1.54874939175159","6.30443634089334","-1.95504585002036","-9.5478616712253","0.846060695060281"
"Random_Index23_13_0082","-3.08309682833705","2.21557096395613","5.63380435520679","3.20859494974799","4.94265797129192","1.98432703283054","5.11566520821069","-12.8497287976632","-2.8182272068075","-0.333339422884176","-3.75518413992157","-1.19161156946835","-0.679101898245449","6.83504218204232","-1.44586382857108","3.09519224725302","6.2595296091787","-4.63850899723844","0.203930987896993","0.91887220302658","-4.30312542686424","6.83258621594112","-2.12810100615932","0.129671434904668","2.49892002809873","1.04940503179417","0.379727351378347","-3.80558421729258","-0.507133748087826","-0.992466884075848","-3.86406553389187","-3.21251807490126","-4.14616528087499","-2.90038301699733","3.03137622112932","1.60625801828338","-4.11065945423529","-3.09498950195708","6.96803660014398","0.0045523442717658","3.34083643929423","1.31987516636231","-1.25148381285324","-3.63735208763158","0.204903308849074","1.00773034024181","5.15748211556858","3.36959004861096","-1.89669394231364","-0.478478726789728","3.53235984705995","-1.38768557581751","-0.775256925868898","-4.51208236958682","-3.55383524686376","-7.03525949742776","-2.09503607035833","1.03703850566235","5.16065366722006","1.1472011955005","-3.15539173003541","5.88960796093328","-2.872691459563","3.7481351440734","0.970478203353917","3.30894939894835","1.56851887125493","-5.79542312322363","-1.04298574022101","4.44743272509492","-0.218861704884088","6.59933094956633","3.28304195937779","-1.06396187079255","-6.76085449210536","-4.47278132149464","-8.90570005269246","-3.94752122684992","-0.48571226233059","-5.14081847823033","2.52119429253227","0.0792349378250948","-3.08112927010757","0.914773671602285","3.6961954304923","-6.64215892590206","-9.19204921668698","-0.782413488887281","3.5601557430872","-5.66948276799171","-1.00538291522742","5.33972212823554","-4.89496563048399","-2.11079822509756","1.45713369107715","-8.26580614331436","1.74052825742091","-0.449226826031756","-2.26733028383343","3.33312186733001","-4.99497025364895","2.85651179885187","2.86750442967677","0.650295268669769","-0.706851070708332","-7.44653128096716","4.75511908451394","0.191392963344559","0.950619312093881","-2.79275690543749","-1.51786937713817","6.3028218239435","-2.00282133025245","-9.53154479405959","0.717806479748927"
"Random_Index23_13_0083","-3.14870678932445","2.11221251058984","5.41963596468262","3.07210147060921","4.74593240840776","2.14688706033476","5.11615174891936","-12.9462243519949","-2.71029529144961","-0.162592652061327","-3.64709236382883","-1.1083963034769","-0.458871391819487","6.94682133649127","-1.51024037419026","2.98946611775149","6.46850158262313","-4.59313227832622","0.353597902430837","0.754704884169775","-4.44641547921654","6.84394379705689","-1.98970213710804","0.125732671163051","2.18140079476134","1.3796802842423","0.326326200548142","-3.77043335856198","-0.671950698920613","-0.870825856125751","-3.80242988974931","-3.04523614107834","-3.93474334068683","-3.20471412984186","3.09454299968628","1.74269755924046","-4.31242528962113","-3.21714856660433","7.0963375734322","0.223914219083153","3.29001917816052","1.50822186570436","-1.17083485000316","-3.53706087181054","-0.020353899889189","0.905011257051168","5.03612784802232","3.2660416717972","-1.87077627953495","-0.618924592933566","3.46615459227763","-1.22754775314502","-0.547269085667734","-4.54506739989948","-3.56539348057148","-7.23893683314855","-2.16333923510237","1.14479354266375","5.11117108802349","1.11152907232987","-3.06979252288225","5.77484730449179","-2.77627803404781","3.5756639216349","1.32882778725731","3.42071059340789","1.74145373782975","-5.69949235787571","-0.938922953758655","4.34027159335622","-0.221445999579261","6.69142498948242","3.105781496261","-1.03544186478429","-6.92822795881314","-4.4905937848812","-9.42034580143235","-4.04707467409234","-0.399588086260428","-5.34399707535907","2.49941870824983","0.246121441127899","-3.03185669362106","0.715119573486595","3.77073808663844","-6.6942120253487","-9.08808740216394","-0.637363921730196","3.49699704283792","-5.61604893498169","-1.21177952285311","5.33692875694001","-5.14054743361536","-2.47636911724889","1.33599470197126","-8.51526293366524","1.6509612380262","-0.320169546956634","-2.14990909332701","3.43919644268385","-4.89842725190734","2.95378596520901","2.84912045803028","0.862000334201435","-0.67271378673888","-7.56479491145461","4.6452822347178","0.324431927845867","0.765510751204199","-2.63845005657459","-1.76817200249062","6.32413058465241","-2.09119585260364","-9.59717221631118","0.963967763774052"
"Random_Index23_13_0084","-3.09155663648466","2.18852048816495","5.78183280105783","3.16814259546033","5.05026971272541","1.93806696000268","5.13776621524085","-12.8374588888679","-2.90025356514576","-0.418599298339055","-3.83258633348734","-1.22605588471401","-0.660107124148788","6.94805568176705","-1.43928434966409","3.29614812066261","6.22922257929477","-5.02619614969077","0.240753288241098","1.05364752488075","-4.05935828261392","6.82905834774054","-2.16890437593012","0.161154343328918","2.45858010373341","1.12648988521328","0.560860145317037","-3.91770210201962","-0.388537212139966","-1.1524590564617","-4.00488253190131","-3.19726593266283","-4.0121828831657","-2.97706798189376","3.05122922604774","1.65245243523582","-4.29456148350079","-3.11467275093981","6.95071469102764","-0.0555623422667838","3.35209537949665","1.3616472726946","-1.44494104334141","-3.71229607096529","0.153764427438711","0.996561044319519","5.24153300314743","3.26927501517801","-1.90332064732595","-0.598440436490241","3.61192984021971","-1.38676910378075","-0.730212718799004","-4.51068922629513","-3.48723445103795","-7.13927139968833","-1.96591463459749","1.00313918134469","5.08152991300207","1.36199615125967","-3.46699254892746","5.99467263955859","-3.18427087251379","3.78587186153352","1.09093181887632","3.30669841618136","1.54559492118797","-5.80927662165744","-1.14344713054325","4.51600862431841","-0.0263810035546709","6.54145305575898","3.20819802997607","-1.20087674440045","-6.90562352420637","-4.42448960149926","-8.92812178683998","-4.00560485706641","-0.488715595098517","-5.05235656588315","2.36903461863651","0.212414030420381","-3.28525559984238","0.862979117473396","3.72539506091422","-6.85815253116253","-9.17286342824023","-0.898235517225522","3.62421938846418","-5.64619248287015","-1.23546667974783","5.50542518569833","-4.84424437156849","-2.20740839011987","1.55735868062695","-8.46240627037953","1.86844014602947","-0.496383695074031","-2.12869908424981","3.42936548333851","-5.1864214291875","2.86292671712295","2.82722661221667","0.654084174379128","-0.691304433442113","-7.47691384128319","4.66254959501696","0.188320986756401","0.813350110873968","-2.78003777034507","-1.58068547875265","6.24107238339121","-1.97603151329092","-9.80987797765518","0.801745457202673"
"Random_Index23_13_0085","-3.12250082814624","2.28780352477636","5.7298015183381","3.32601419141557","5.04829934579392","1.94653955921217","5.10894614334867","-12.9229959376966","-2.83099631116383","-0.348555216527871","-3.85686133965854","-1.24755652936648","-0.729952642087906","6.91955953300331","-1.53383498788854","3.03733416423552","6.24122369880858","-4.63089926882587","0.191994004425311","0.899042135297893","-4.15792740509276","7.00990533383571","-2.2361453757606","0.173573002074337","2.53723823610966","0.964721000573578","0.279936590777206","-3.93685428613025","-0.514847920760941","-1.12071021072603","-3.89246682672456","-3.27315348272458","-4.19297694226266","-2.73383155539872","2.97750351140671","1.82291387365264","-4.1326165931178","-3.18490201969861","6.98187641206739","-0.10652900008651","3.49350228984268","1.1900114708987","-1.3005077477294","-3.54627805457612","0.270550432554886","0.922626392864465","5.34300062217282","3.36281585618922","-1.93289825394086","-0.429007453334224","3.67528226951786","-1.38417533206257","-0.877798203123502","-4.52267489622097","-3.6394698939235","-7.00792086263394","-2.0845357120755","1.02388146979455","5.29511736255501","1.1813753943667","-3.13076159972669","6.05318980395508","-2.93869374368165","3.91366336845811","0.949808382335709","3.26567317050212","1.57472291276732","-5.71780861857342","-1.10605467611941","4.55779235024641","-0.140517901763089","6.61736955554131","3.31038238695127","-1.17265098377647","-6.7331297422455","-4.49881849869749","-9.03949392499302","-3.82422044320735","-0.56040961234664","-4.95148648950161","2.61483418574975","0.0711994379187423","-3.07593839589916","0.765366609984907","3.70288801419083","-6.68597856943526","-9.24439648271528","-0.880634754027472","3.64988673582217","-5.68796772340277","-0.965138796370639","5.33513530916071","-4.80650827057248","-2.35893015897854","1.3777923449695","-8.40314689478127","1.85243663608341","-0.582009044579521","-2.34059511806913","3.30312467904723","-5.17709470466305","2.79970931428491","3.09508481460298","0.571853787649983","-0.851955959248632","-7.36597568509474","4.80720844486495","0.15119768475994","1.07445366344066","-2.68313553150673","-1.46250462761489","6.37671330679565","-1.83950441974091","-9.52835562373045","0.658826248446271"
"Random_Index23_13_0086","-3.04999365062952","2.16321264147532","5.52170925168328","3.06084612598242","4.80696536645979","1.95537791456661","5.03672127026403","-12.8044864897611","-2.93492961225144","-0.252602038976961","-3.69757232218119","-1.10390313171819","-0.49907985229466","6.91303479178874","-1.34335558802773","3.17102465054948","6.26570183185975","-4.76740614589636","0.305746024815722","0.933435616707836","-4.2891478663234","6.86053875004642","-1.98456774935832","0.0873060253342741","2.19217802246418","1.20902940498981","0.520672252718064","-3.71716767476173","-0.472452701069798","-0.905132360068267","-3.9469327212986","-2.9918171775197","-3.97220273132921","-2.98362930666594","3.02960163336241","1.68606852392079","-4.33995153638158","-3.19224660530674","6.92426194537541","0.03469579986148","3.26088504375964","1.42946119967115","-1.20169550931568","-3.58231143436059","-0.013937961379024","0.936554901502994","5.06313864017409","3.18737633102669","-1.94832251321457","-0.728208975608388","3.50060487553198","-1.29256112706034","-0.645715473804172","-4.38791855833661","-3.38853086185895","-7.18749720779571","-2.06209634759516","1.04149215893039","5.02309747924417","1.1249082113015","-3.24017320732266","5.80585836293271","-2.96519901772815","3.61526612354601","1.16510359476407","3.30019881149905","1.59661511984983","-5.81745228708274","-1.20217886861056","4.42259835809484","0.0246364870375032","6.56514799262624","3.16355387600081","-1.08918753731317","-6.86184532389772","-4.43477324777042","-9.00755858515803","-4.07536110639807","-0.442090326755679","-5.18171920538222","2.33240757808164","0.220745587727462","-3.12009863838993","0.835323167208732","3.66278285707581","-6.73051635232076","-9.13614248804758","-0.706649800910821","3.48205244541976","-5.60556717861734","-1.28120117824874","5.41263848337781","-4.95908561254714","-2.29126728430591","1.49053139009864","-8.45413564300573","1.75601968335596","-0.394281051733504","-2.1542272843778","3.41914831206424","-5.07725860582183","2.85251388692113","2.79047897882594","0.683271616525961","-0.733860262489446","-7.53262525093001","4.59876834050602","0.27428044910676","0.805165897083987","-2.57867397284715","-1.73218082100266","6.19530780344565","-1.98054480454607","-9.64390869737674","0.72441490760709"
"Random_Index23_13_0087","-3.04760993812543","2.09340935457826","5.61095348926668","3.23924410932634","4.92832953921529","2.07185971072409","5.32118671093314","-13.0501241050512","-2.93044155657701","-0.250166355045715","-3.75256344382303","-1.22412104614319","-0.558859818323389","6.94090127562788","-1.38403895668757","3.14513740386477","6.33570467547489","-4.69367679544711","0.28305018237669","0.973972753347712","-4.33845421242746","6.88185707623749","-2.03825998226404","0.0781506641670714","2.33338513939359","1.01016718592069","0.331519336574892","-3.77490918898493","-0.567953422912947","-1.00186926390052","-4.03904397818167","-3.13993588934055","-4.25689844537796","-3.05662437673345","3.0322035222957","1.71679492608172","-4.35854370926416","-3.20675397667947","7.07162637314754","0.0979001027378728","3.36484131171637","1.4803139457937","-1.21417158202638","-3.54080565732553","0.237132730186529","0.886058202769001","5.16076107444166","3.26061762662027","-1.78305843352181","-0.645115055202568","3.51036573099926","-1.36620618003306","-0.789653925051269","-4.47003514258138","-3.58366764905736","-7.20146947281287","-2.0614789035288","1.04486929931558","5.18133869271049","1.11486346514979","-3.2272780317386","5.87795807658814","-2.86806768646738","3.63154136131879","1.14024363112303","3.223390127802","1.70015223309977","-5.97006899782506","-0.981783627336875","4.36025054919929","-0.073577517168899","6.5783982294188","3.12781107135969","-1.06563680243355","-6.80285701936648","-4.46207630070489","-9.0682564372473","-4.29247816349971","-0.464797106042365","-5.23714992129238","2.41557010454979","0.225877883800418","-3.07778815276644","0.953788534195018","3.76602395215538","-6.71168824650894","-9.48542476145968","-0.829194216843987","3.63704673525869","-5.68046295789027","-1.12568152005542","5.46013017621888","-5.04890123015112","-2.25274756864393","1.50652636665976","-8.42155892240112","1.63426073259971","-0.372808295402836","-2.43652885316174","3.45800203302207","-5.00566789332575","2.87875856276991","2.88995174313541","0.845474732609001","-0.694967488663797","-7.66214054549749","4.65046393142731","0.32559319639818","0.770815102995001","-2.79626376132105","-1.59470707644801","6.25872288050914","-2.0449226527296","-9.62715807827862","0.919701836246002"
"Random_Index23_13_0088","-3.08056283375846","2.06971880269038","5.54232267166933","3.0322621780566","4.72325762468239","2.16951347590589","5.25048702580444","-12.9401503112325","-2.70798935057149","-0.217729839600381","-3.62780837590507","-1.0985849974797","-0.51188861324637","6.87260951684818","-1.34624326950905","3.06878508179983","6.24013397558001","-4.70937013786638","0.301644432374456","0.7785786223199","-4.49538947651046","6.72965623647556","-1.99767214117012","-0.13948536046893","2.30066591274602","1.18292563221493","0.271361823386113","-3.72428035852418","-0.71215680427666","-0.93789640477037","-3.78770367245509","-3.04314661990439","-4.10247237098818","-3.18203456834632","3.23970722285314","1.84087851177663","-4.19606958186961","-3.03776226154387","6.92776136872422","0.110776455029059","3.21689036988717","1.46194264474105","-1.31398955703583","-3.51124235888962","0.0203996980606971","0.996377816982426","5.00788491077586","3.24748851369694","-1.94551045847316","-0.670097649210033","3.44079044986953","-1.2535907954822","-0.637891362073098","-4.35989686978265","-3.54199621344042","-7.10714226056994","-2.11714743340599","1.24756963729946","4.9995251877288","1.095307785055","-3.04013127030648","5.79598760192921","-2.68105424980729","3.65564587392809","1.19203212812215","3.41070508318579","1.57489158983969","-5.8056220405297","-0.959728106918446","4.27836818523904","-0.128380720494806","6.50348240678463","3.32741548664239","-1.04149587999502","-6.77518839592808","-4.44896108137473","-9.01750698581919","-3.94203099782801","-0.311696527375603","-5.16821878628618","2.45547769156137","0.124755441094879","-2.98459579517645","0.697642552474975","3.67010137819464","-6.56183645361318","-9.21842089661945","-0.667682602760271","3.34833707653115","-5.78070848711319","-1.03045243561205","5.16462919529546","-5.05847218547068","-2.34918195785813","1.28674443961217","-8.47893013673345","1.61983227121047","-0.259543441070436","-2.4927634801292","3.57145358523044","-4.90338540079995","3.02925803449486","2.82927328736579","0.895543361021242","-0.816754460279706","-7.77242131808064","4.68188854863787","0.327703298105734","0.803589149154927","-2.66545692316411","-1.69828540110292","6.32048578251921","-1.97972041183009","-9.54874191927026","0.861602982834765"
"Random_Index23_13_0089","-2.98848913163703","2.08166115307984","5.44440179294254","3.1313552171795","4.81019378215233","2.16357509005469","5.12082164867935","-12.8503391263124","-2.85925394393836","-0.21486514384785","-3.6147458206394","-1.11625413742004","-0.551541101920661","6.89676389602437","-1.36046878029637","2.99031021210042","6.33910916022731","-4.5464597702218","0.36048706983596","0.821423457041703","-4.40566342629124","6.88190884480375","-1.9520316013867","0.0353743815268217","2.34202002281464","1.0771743953282","0.229984959646119","-3.6730241032836","-0.604998993794003","-0.918560723178358","-3.86408818866492","-3.02240512199245","-4.07900081365184","-3.0026432736141","3.04879423694635","1.78391848705208","-4.25761020696397","-3.20179898605904","7.0463258340503","0.159311779109697","3.25062069015352","1.48058022629739","-1.22190492803533","-3.43995388013533","0.136874138022882","0.936462778551624","5.03064324619152","3.25899685888171","-1.89181526438602","-0.568713920394841","3.50314769558788","-1.28659697892779","-0.707613378419798","-4.4936031473008","-3.58030253419991","-7.17206787661284","-2.11455032227125","1.09362975711245","5.04396635692795","1.00059529817801","-3.09730142126442","5.81042253591487","-2.76547100063717","3.64997689222499","1.17192530878418","3.35881919435402","1.61815048477325","-5.79647266911868","-0.960232887957824","4.37126718399671","-0.177382468314796","6.60501786417383","3.1456044287597","-1.09065698337113","-6.90387575283239","-4.42153071186135","-8.99998914746286","-4.08089134966692","-0.459638303995811","-5.15436967011545","2.44105803914012","0.307451507294395","-2.9742707419842","0.732722262053354","3.77567290958655","-6.66206580354002","-9.13941049827749","-0.779709971423901","3.51846594255835","-5.56967717669112","-1.17062288734209","5.27150459897738","-4.99967462727027","-2.42996340349612","1.2988649814496","-8.41281067787374","1.55548448995676","-0.329654979204756","-2.40606055903147","3.42616137739765","-5.04326154410423","2.92006653762653","2.84145962176077","0.802948709381712","-0.746660996932721","-7.58924161517282","4.69099910468033","0.409675819808386","0.75837617034988","-2.74536419562836","-1.56953553504178","6.22257185022404","-1.97124057744368","-9.56553520417877","0.968734931737368"
"Random_Index23_13_0090","-3.09124739324711","2.22819231574863","5.72406347148528","3.22988543041293","4.89123777544438","2.00666183190598","5.08046678567382","-12.9460044777809","-2.92374341171753","-0.278112262227269","-3.70237100985622","-1.15598399036671","-0.656236744512052","6.94919867448208","-1.41620705776482","3.13665885018597","6.36683042440334","-4.75582660608659","0.233383920978066","0.95766023757683","-4.37025032111049","6.99487955576283","-2.00352033222621","0.0467483213471101","2.33642174545495","1.14109739213612","0.38114491351225","-3.7400777519419","-0.505279103436254","-0.979682370903768","-3.94923629555052","-3.08499612613685","-4.08793970228868","-3.02707481353463","3.07654322261192","1.66688517558025","-4.35536169960377","-3.28575874280276","7.04716385717238","0.0944365781210551","3.39236468997418","1.44863343952668","-1.18807808784695","-3.5726315343063","0.122529126787499","0.901743676823108","5.2512855486572","3.28429059031631","-1.93649339818641","-0.590201300347609","3.57816090651518","-1.36725728231932","-0.698496273276938","-4.49845119605304","-3.55968446583217","-7.28698003417773","-2.12604886696492","1.11937563214035","5.11316807293231","1.06205320158535","-3.21274075170775","5.85719127017408","-2.90933355153044","3.72488150443092","1.14034281758025","3.26210537346458","1.58768156533576","-5.89279051647462","-1.14017661816585","4.55510956374532","-0.199257540727609","6.63224079748009","3.19863177300464","-1.14589878013758","-6.85664666134846","-4.51904744452486","-8.96828967555955","-4.03279891030861","-0.431902021008617","-5.18668985503039","2.46897729235678","0.205549105246742","-3.12400908605347","0.805002935530382","3.80263817717701","-6.81910861356036","-9.2472555794435","-0.722342953088277","3.51918529125103","-5.61992307600372","-1.17140838418314","5.37447537647498","-5.04817170704936","-2.31978641492082","1.46137473755261","-8.63392360949206","1.63483986027463","-0.304605418435823","-2.3975736338566","3.48611545147142","-5.17259213362207","2.90766568828964","2.9688406936036","0.754877000867119","-0.722549025585162","-7.54502870567148","4.71455362655103","0.26471860438184","0.824082388061629","-2.59314854390111","-1.61208192468306","6.25371475167387","-2.00773846169293","-9.68732249288501","0.850120414712742"
"Random_Index23_13_0091","-3.17467841923537","1.89040154866158","5.42973641586139","3.05796681508235","4.77920939092138","2.3002112260705","5.1203259814156","-12.9786904018141","-2.72733959050494","-0.15475351214338","-3.52457639762234","-1.0354516556213","-0.480561710147629","6.74677371843122","-1.17076961034586","3.07370095113404","6.25503214837967","-4.60044280657878","0.373735779732986","0.784765453016995","-4.41691807618694","6.75255611209023","-1.88042831043438","-0.00981156845819584","2.14894806813421","1.19479308741089","0.253637787971203","-3.67530510369612","-0.74426440349346","-0.850131064744095","-3.8638923565229","-2.972805599393","-4.01618754175476","-3.32353524691719","3.12568729287589","1.7086292194862","-4.39661914784817","-3.24565669463029","6.87540638709074","0.212592370149598","3.15510094461085","1.56477342966532","-1.14565732427843","-3.46923438677646","-0.177244937986048","0.916871104020319","5.20039947642105","3.20182252513157","-1.87805055045345","-0.766929507788258","3.24208942367427","-1.23223228589194","-0.639594584913928","-4.47915630278146","-3.63942641483628","-7.06515712304495","-2.26503534260543","1.16935574711005","4.98154103132641","1.09174825228668","-3.09679030886949","5.63402880097792","-2.68241681284137","3.46487275968214","1.27771985870016","3.337932450804","1.67866236921924","-5.69829819037774","-1.035083723343","4.25863335692942","-0.282781807874873","6.51781890086787","2.98467725279458","-1.10591857764539","-6.90304961772739","-4.44752847200958","-9.1029377550914","-4.15055997107872","-0.13733245074155","-5.21437717826502","2.36102088875501","0.39315941453476","-2.89578231781256","0.703104104796993","3.59373491948168","-6.62041348471307","-9.17055154328538","-0.687043919607649","3.27263672684778","-5.54843368454821","-1.20110408023863","5.20892265522623","-5.22716413040114","-2.48166694418302","1.37255661206446","-8.33099433773739","1.58904601883148","-0.183037355168799","-2.32199239970681","3.50770237843103","-4.87833545926497","2.93758431317493","2.75222083074031","0.954255808892452","-0.577386910458633","-7.5369961053724","4.5281046412428","0.449505947886806","0.630379274694285","-2.61782975028552","-1.94421968504634","6.18367710187168","-2.02992829803208","-9.54799020822086","1.07003396530628"
"Random_Index23_13_0092","-3.04398919653395","2.04244953627306","5.47882704796147","3.19532414180553","4.71103163458691","2.29573362295616","4.99710778542542","-13.0377300249982","-2.77196165581849","-0.0250010134783426","-3.55689561464082","-0.955244968489592","-0.514169061030047","6.92736766752151","-1.21909918681801","3.0728013489084","6.38568124308819","-4.58542072051707","0.42124161546611","0.771805116977646","-5.03447405728667","6.86000500894644","-1.79833429378301","-0.0777077775270193","2.34956115578455","1.38905040381164","0.349285714925203","-3.56708298327074","-0.611708245939509","-0.878989196231162","-3.86435521219292","-2.94746885595454","-4.04395472874174","-3.19012314091221","2.9774729232021","1.8912909991088","-4.26635164546678","-3.2381020121156","7.05163606304789","0.302990797461535","3.1869579571355","1.63038381336061","-0.950441336077436","-3.38650616011264","-0.0639007333429863","0.919136988940235","5.10371874569209","3.21651784376821","-1.95328914562721","-0.690098163029074","3.38565198899251","-1.13270453337995","-0.580584558198255","-4.40967695930793","-3.6638048473044","-7.14055561138392","-2.20017181483938","0.973021624673449","5.03213856510588","1.01962332100901","-3.04287556411579","5.726242508276","-2.78053405827715","3.6141781083277","1.33510668743988","3.22627241588272","1.62013856256245","-5.70763989764198","-0.922673208247132","4.36049144266703","-0.260317128209724","6.6757895431415","3.03560458313312","-1.02422001044716","-7.02734652646748","-4.30948366791322","-9.23549445699798","-4.10343579476948","-0.246326590084488","-5.29349946995356","2.45361519161853","0.288845808930346","-2.93145515153158","0.699425575637678","3.63985183237832","-6.66162490104964","-9.35961840440121","-0.482440167095249","3.35714832830038","-5.66742857890845","-1.15424287133465","5.23551703444858","-5.34342634418018","-2.65164844373675","1.31145260767899","-8.42525905591455","1.47599011171984","-0.248845940785132","-2.41019970111153","3.3148122065719","-4.9744112701588","2.8598195843366","2.88623727684539","1.08033894762507","-0.50257998746424","-7.54891747855227","4.50939865140734","0.428584677386687","0.718729614207343","-2.51150252724361","-1.84876612744293","6.18242352314795","-1.88452009000899","-9.51296653024969","0.977654096994619"
"Random_Index23_13_0093","-3.06557913978706","2.11163364475618","5.5560126668561","3.11165705704292","4.85522800073088","1.99479266143095","5.14961092977402","-12.8737431448691","-2.79511519191995","-0.279583651863979","-3.7251853753291","-1.14491195255049","-0.638831387307947","6.92251028544922","-1.45122921196716","3.10852404754434","6.32884645446235","-4.67209727107773","0.284997989965114","0.969833648824189","-4.43016343443436","6.88848111616531","-2.0416033099382","0.0643584426223734","2.35626515168929","1.29856691769042","0.457491310356125","-3.78964212109656","-0.530480055775507","-0.937909798930109","-3.83737856970744","-3.01343805179182","-3.93795106466441","-2.99720091333337","2.97864773027739","1.73894472741371","-4.22176189432841","-3.16120165309147","6.9582559064387","-0.00197810665563084","3.28697912425707","1.39266390154937","-1.11451686676362","-3.62566720597999","0.0484418672264953","1.02136129815117","5.13906076025512","3.31737047161405","-1.97031059035737","-0.61807197986249","3.48218474275949","-1.36926001459552","-0.637777433727644","-4.57535514985472","-3.41785520273901","-7.07549331117485","-2.05563308264806","1.04790977436732","5.04998959404569","1.21211410743027","-3.19757609176773","5.81156942727421","-2.97173026235782","3.65597073359381","1.02334823209598","3.36157579885045","1.66548006520673","-5.78735121214767","-1.02720322645407","4.37627473225077","-0.147507007253563","6.71887459782594","3.1328125389138","-1.0601298922185","-6.86723188789202","-4.46984134689725","-9.0750307960901","-3.98805724832926","-0.486827073794277","-5.34335523945418","2.38263267732474","0.0948007246462407","-3.24517348069294","0.797024406529517","3.6358154455453","-6.7718267758923","-9.16163295379825","-0.666924117826182","3.47641770268141","-5.73202440519864","-1.23006017572014","5.42925959127534","-5.00891539472035","-2.32947509515399","1.44348707038678","-8.3188050050397","1.75395541565119","-0.40123617137911","-2.22475907924661","3.3433242852395","-5.11103174603825","2.82564063030029","2.77984306829504","0.679215538684168","-0.578127628501369","-7.60342555851011","4.70819967429874","0.225140536420957","0.836332707854413","-2.66458078533131","-1.69111646422865","6.24388467388599","-2.06327395634735","-9.75115233972632","0.681931152052612"
"Random_Index23_13_0094","-3.0373097649098","2.05597644233009","5.38212659275849","3.08948162175323","4.73640380864328","2.12617127689028","5.03683756643226","-12.9526113631884","-2.77243895594885","-0.138824464134819","-3.61496515896686","-0.985506296647762","-0.451278066772374","6.86235237295255","-1.23818356974013","3.05512290643874","6.41669002956504","-4.51691987240008","0.376059845397909","0.859982538002194","-4.52340133366615","6.78102957449007","-1.94805900282993","-0.10594867092911","2.20098554894238","1.13909482554349","0.304402819178018","-3.63896327950615","-0.699207351242022","-0.860273976091643","-3.83755136053784","-3.05876201407967","-4.09661563924793","-3.12996691505176","3.13795427803706","1.71179560580655","-4.4008577449784","-3.13092261521682","6.99886791019762","0.184353568668024","3.17378764639235","1.49791503003694","-1.04929605798087","-3.45215441332407","0.0543885923430167","1.0085325780622","4.98795197200739","3.2448243865167","-1.86052069419907","-0.683238195483081","3.4745826667624","-1.13737692084837","-0.612017438420895","-4.37120081329068","-3.61273091088146","-7.23093570808667","-2.21702390188538","1.12165490489146","4.97040310202663","0.960740369900497","-3.08785726935882","5.79491634033232","-2.76505653820467","3.54896592761565","1.16867735603668","3.37567711184503","1.63899435539698","-5.77158374768767","-0.960223124545789","4.28800909964716","-0.174655234446309","6.53640030101622","3.17647815303881","-1.03450859792908","-6.84362298042225","-4.34532244749373","-9.0438340840202","-4.10963439323687","-0.341035253668089","-5.30452385100482","2.43829720776154","0.251617136511982","-3.04358619697237","0.798082612850278","3.60056351951216","-6.64847055700775","-9.17841976119092","-0.628081157540617","3.42287640742346","-5.60206777939739","-1.23765856800424","5.2844232444509","-5.1899118187339","-2.47203292316982","1.32555483667734","-8.45522064937972","1.60857719731244","-0.301113851297463","-2.4837893884173","3.45838327551512","-4.97465303357617","2.98850608784382","2.88183314833603","0.873678678999754","-0.612698195173423","-7.63442512848817","4.57489732642585","0.38283882647509","0.648430311942078","-2.63315426352331","-1.7724497680911","6.21239141033645","-2.11499545246054","-9.47342376677143","0.855513189339301"
"Random_Index23_13_0095","-3.08255773808625","2.24391448317957","5.6602156268295","3.17878071936819","4.92635026124799","1.94529928206239","5.05537209134777","-12.9210668854748","-2.94535698138514","-0.363543162777105","-3.87792697156168","-1.19951142970228","-0.671277154162198","7.00639464346676","-1.5152787935904","3.0409379985038","6.31225277389076","-4.70540058805819","0.169547763215856","0.916587617597375","-4.18955235160855","6.9511708942837","-2.09537789004851","0.094425775219947","2.3848769119515","1.05572412053132","0.399491491106989","-3.8525054997717","-0.471388813860439","-1.05473484257037","-3.90879954794065","-3.1466607467722","-4.02314388043832","-2.93148350479436","3.1003565845863","1.52850188216647","-4.31351484263111","-3.09971261541074","7.0083548812435","-0.0734720970839883","3.3494303572237","1.35170784577234","-1.26815926295436","-3.64679748197444","0.184760824816394","0.9493328657892","5.20292216114414","3.34259128035666","-1.9452550747602","-0.547691172467471","3.58203286455586","-1.40025791678541","-0.679954936144408","-4.57380116377131","-3.46760765250641","-7.11109020356084","-2.01684838695801","1.13757211481712","5.12670315073444","1.25827001601187","-3.26685983097914","5.92451496307213","-3.04773359130305","3.83214946313194","1.01728893204483","3.39469717765885","1.50839980340255","-5.72482557080206","-1.1471506289854","4.52816943920457","-0.114696789415019","6.72374607402119","3.26013773331071","-1.27269476487936","-6.92159520058345","-4.4874283627786","-9.06069649315578","-3.99309702681781","-0.585785644505268","-5.10850809676399","2.49402518793591","0.165329225651509","-3.17945270724754","0.820265014696979","3.71952649164265","-6.84298044599231","-9.25813075995748","-0.790971526156699","3.61521567304507","-5.65314924657088","-1.13678622509671","5.43483740435412","-4.87356731260477","-2.31697863305512","1.48727774087055","-8.46832846521014","1.77162339921103","-0.494395819068746","-2.20121372228241","3.4748757005031","-5.12044283760591","2.99414938981061","2.87294935846584","0.661252123835711","-0.700444303290828","-7.56164938333972","4.75649117644907","0.233604545880412","0.960395080941225","-2.6832980602353","-1.60038488692333","6.27361481939765","-2.0999217473921","-9.78733723105962","0.771520303324207"
"Random_Index23_13_0096","-3.06807996136318","2.1536082617223","5.57542772770637","3.12108906142894","4.77062504792154","2.26907275419057","5.09590232191335","-12.8718418242473","-2.84055811688374","-0.171520264059272","-3.62081634744079","-1.07312443970492","-0.498077831101469","6.89606638498797","-1.19559152068561","3.0311902768461","6.37435330254222","-4.67743958089461","0.342089064836759","0.84608996750398","-4.39482683287823","6.77132386789037","-1.88699869577649","-0.0457160161351847","2.19792357357988","1.14797654155754","0.340328551842085","-3.66309659928524","-0.650314096602917","-0.830885859440349","-3.80432053614214","-3.02563534557803","-4.00513328824571","-3.05473890065773","3.36608335021811","1.70056052228774","-4.29464157427622","-3.22021040549365","6.94277990236418","0.162507221098014","3.20061940554043","1.61827442215078","-1.3012797399694","-3.52024894186579","0.0205873112515273","0.796966621459688","5.08723037488567","3.22907602449501","-1.85203456035385","-0.68004917526162","3.48894049712311","-1.20470504914259","-0.638987974234528","-4.5569521455997","-3.59004781865655","-7.09808111641543","-2.26795651733816","1.36869061261529","5.04238820885887","1.06053122846937","-3.1808957071829","5.82295957773897","-2.72592153916705","3.67673602192612","1.14800476118357","3.59381442183594","1.58902588536423","-5.74042589002429","-1.0869680013486","4.3558605138652","-0.157774309262163","6.73897789335421","3.15749519531221","-1.13017399221904","-6.85700417933657","-4.45139790208289","-9.19633543827663","-4.13076737015895","-0.336137533024502","-5.21998571929777","2.43912699042512","0.281643525379171","-2.96840445437506","0.71518096223692","3.67553475457311","-6.59220560137945","-9.26116132699944","-0.737828978510475","3.36085488246953","-5.76754704969715","-1.19337942692673","5.3268067158253","-4.89161012417759","-2.34273622102202","1.41458339260844","-8.41419155549762","1.68756025798103","-0.195320189130929","-2.38010294138694","3.73863794641055","-4.93230045932359","3.24814437601977","2.86338892909481","0.953299528278266","-0.754429484406011","-7.66675460405667","4.58943411522037","0.421065248526245","0.673637977847893","-2.66683020953899","-1.74319256567251","6.22154403599507","-1.995539052636","-9.63856314004587","0.997393909368783"
"Random_Index23_13_0097","-2.97455663576107","2.05058290561285","5.53602572852241","3.03634613156179","4.81604773991248","2.05732422471813","5.09899997941148","-12.8832078362706","-2.7620268912778","-0.221534688162984","-3.68107721143486","-1.140488352902","-0.498123069618239","6.81097414982453","-1.36505956004263","2.94461534597099","6.16355715835767","-4.69195999572105","0.305232911902221","0.833461383108098","-4.35785797174753","6.72422047388233","-2.01786138685404","-0.048890572289929","2.24374505727269","1.17698410411576","0.380094690571489","-3.79091163570989","-0.613404478084034","-1.00393197151942","-3.81446968984108","-3.06656824703816","-4.03736256765959","-3.03995267652315","3.12419756487472","1.66616694618555","-4.25973064100202","-3.13031535718058","6.82896619591992","0.0669956033810081","3.16602450479797","1.38670517907178","-1.32795936478298","-3.60994394742881","0.0424170463381313","0.958885930397688","5.03118763958513","3.19217101347139","-1.87408126312543","-0.686033216327319","3.40470127815086","-1.27896290874355","-0.635587415516477","-4.50864844208575","-3.44505251467449","-7.13271679069319","-2.16917790100453","1.18601958186202","5.04099747108391","1.12325142431414","-3.19202876915018","5.77471686945479","-2.89320548858994","3.59580308377215","1.10207950610745","3.2907288625718","1.68659077618195","-5.82467056891264","-1.01704665734786","4.3100482845075","-0.050966855833883","6.46111888338798","3.06346291246324","-1.24611282371127","-6.79831176323552","-4.46315024420217","-9.04795182321934","-4.05625742449196","-0.333485336229669","-5.22761480019254","2.32460663333692","0.182559685189937","-3.08427460254377","0.732829101033268","3.62093732635081","-6.71169579063856","-9.10679201007794","-0.746893262738276","3.3824995851184","-5.6932221798894","-1.25450454555574","5.27598021047895","-4.94224015462112","-2.35662959884984","1.32444539586117","-8.41125127187324","1.60137543145983","-0.284440439954515","-2.30982152282149","3.45827588268808","-5.01863882827736","2.90979509615619","2.70497506088738","0.762400236357153","-0.686033824590814","-7.63520024431204","4.57673510620527","0.293342723652579","0.747461249475174","-2.75812130389644","-1.75011024339672","6.20095596515667","-1.9837573628833","-9.6968753383406","0.835598374979997"
"Random_Index23_13_0098","-3.10812329568916","2.13353968223691","5.54937981252581","3.0747637411799","4.77342694420302","2.22681052128552","5.42268641381593","-12.9643002261437","-2.72360099039591","-0.200282720410224","-3.70632105444956","-1.19988174058236","-0.462943339766154","6.84330881849616","-1.29805529945419","3.09016401620939","6.24178572671259","-4.66374319410063","0.289479349709896","0.864042959740622","-4.32486032273781","6.75605425454597","-2.0032322904787","-0.0120329267376318","2.25067414022459","1.09342586211547","0.341161476921834","-3.74443283171113","-0.767250941718239","-1.00937561801247","-3.85955759815011","-3.14536207777103","-3.99975412189915","-3.07404340608758","3.10635121356033","1.80241663778232","-4.22380946871965","-3.04675835391638","6.93224607940816","0.0593577646069697","3.30025637314879","1.49864087467741","-1.31926361959082","-3.51357617892217","-0.0782065352020392","0.966933707437693","5.05635538252194","3.21637105652642","-1.80914715454284","-0.604761806144254","3.43789218805201","-1.27379692603883","-0.704573477595901","-4.34269396061877","-3.55188735834505","-7.13701514188768","-2.2519738819562","1.13461210043801","5.06120505126625","1.2078880414746","-3.20849980354917","5.79324786706229","-2.86144809792586","3.6400091501823","1.2070015232011","3.29151574389915","1.74029418613206","-5.75759630306239","-1.08709796540135","4.30675953584263","-0.140259803246346","6.59704216838146","3.27748910559038","-1.03691898633155","-6.72147580055351","-4.44456305593676","-8.96794156962144","-3.99080964102626","-0.418189228377169","-5.27319393630121","2.37847837921286","0.339428013356712","-2.89853489024297","0.766409590006023","3.64222099823087","-6.6326872863084","-9.18471914751686","-0.758990603195621","3.50256813473889","-5.64015389745384","-1.14349267220093","5.38467489170746","-4.97924787596382","-2.35282781363254","1.49099054597284","-8.52757820378732","1.67583066709529","-0.283356544414806","-2.19191346874585","3.50183310444432","-5.01413105904066","2.89380810132344","2.82881992430129","0.889389324715688","-0.769327595439767","-7.74212431674767","4.71189734808463","0.321725063039719","0.833768929026728","-2.67585584695521","-1.67388498607203","6.19694566359549","-2.02529675719174","-9.58742394597394","0.851865070136996"
"Random_Index23_13_0099","-3.24843839621833","2.05537579696898","5.41637381979032","3.11938759768996","4.72979982341566","2.17268820946482","5.39473981317423","-12.9568334395347","-2.81996399724113","-0.215100396906881","-3.67894310384296","-1.25206619081369","-0.469749222173796","6.82231423370823","-1.38390258477211","3.17544666044217","6.2497854294967","-4.56529282203873","0.271377425936291","0.800625323667021","-4.47866603672987","6.82730524098505","-1.99036262149506","0.0398678336627631","2.31213120622362","1.17946369910282","0.346239118291723","-3.72614245045429","-0.650566332896988","-0.963210965711521","-3.75975636464373","-3.18453860028576","-4.21576601479073","-3.19812794255446","3.11003159713074","1.81464062608648","-4.20108872104142","-3.28462255326358","6.94420156768116","0.19351388704466","3.26621429035242","1.44247033879585","-1.18128163719547","-3.48250576837213","0.0311684303336357","1.05761842625335","5.00801924176974","3.22726359067168","-1.77160143278566","-0.708583984217105","3.3499342935361","-1.32151819367307","-0.835855552023603","-4.49052158478871","-3.6558177156659","-7.08253023388134","-2.25103871965248","1.09878172047104","5.02391096213542","1.09284581655046","-3.05207613504993","5.75254052417502","-2.75784922378745","3.58737142621763","1.14874898688396","3.35829984832202","1.69244844110998","-5.71873401047601","-1.0856404626717","4.28502071595769","-0.152452124845278","6.51873676653316","3.19196312290771","-0.807003134037362","-6.83126788936528","-4.42396965111943","-8.98874472126555","-3.95884303930045","-0.272067399406576","-5.25110776562454","2.39275138634839","0.199790521275717","-2.90572922515901","0.779169100719705","3.55399388742788","-6.63435295293646","-9.18382807526586","-0.73866664556339","3.38787902663986","-5.66358342892835","-1.21904005107268","5.29057665676804","-5.12720735769551","-2.28684019270262","1.29699864927037","-8.30593093077451","1.56479221888996","-0.307365956983013","-2.35643544511001","3.42924513018625","-4.99480141122965","2.93019015966278","2.82531493340016","0.928508568834301","-0.66080454625603","-7.68622294920258","4.66215522191382","0.352458516440796","0.745431369510647","-2.67992953127169","-1.69996649160131","6.18908074434585","-1.93279246718279","-9.50179848741165","0.798782188156016"
"Random_Index23_13_0100","-3.13510705756878","2.2709602896837","5.63620333593499","3.2431525105563","4.94836456264169","1.98111776113931","5.1230965579472","-12.8741760616681","-2.76755919838712","-0.359297950730632","-3.79565240813228","-1.2199164898845","-0.639438179833206","6.84626916521586","-1.52137582523363","2.97474384094979","6.18192935830973","-4.72844546221271","0.223643324488257","0.912272798085096","-4.23777891048301","6.81835579262698","-2.23342191895265","0.220139305190096","2.46832381772905","1.16627137162693","0.451314455865415","-3.92148774453301","-0.549527414889258","-1.09902398906445","-3.97562911298642","-3.19700542204254","-4.10979284375976","-2.99349273620601","2.95806473706468","1.778740260925","-4.13486625685433","-3.04059516260876","6.95099187308437","-0.0337675910566539","3.38360153298413","1.27655077634457","-1.39729733255035","-3.58605413495801","0.261512988869909","0.932622075794801","5.13918028296029","3.33696995741458","-1.83163144857762","-0.476388435700486","3.64625443049547","-1.37633689750711","-0.836848404408921","-4.39525202952131","-3.46457307257165","-7.00018087397166","-2.09268929089898","1.04132209051172","5.19069702887516","1.21136651372926","-3.1700033076423","5.97170408517455","-2.81738380736357","3.74674311027598","0.969443977818676","3.24590381304632","1.58980973348718","-5.77481178986651","-1.00495976735698","4.40489048433782","-0.175057666164286","6.58445380771847","3.30513617547238","-1.14587806014562","-6.75530720643163","-4.50762223580153","-9.17268590397686","-3.90709290886987","-0.546201606653204","-5.1478637523828","2.52751141704197","0.116628268483446","-3.00401571224895","0.852777421351076","3.7329250472833","-6.58639445104078","-9.12956116053862","-0.833820982723461","3.62520103239639","-5.53572927120586","-0.936086748594098","5.40193954704048","-4.90624380869469","-2.31692211659899","1.45554141161459","-8.3569209246206","1.75659819025248","-0.488013213147799","-2.19484952880256","3.33459276357246","-5.08236080947078","2.84030295006339","2.95646922931728","0.624048118999266","-0.908953547034475","-7.46891250140663","4.75251350752226","0.16941014756983","1.01043083649458","-2.71823627870203","-1.5186149907132","6.3124205720528","-2.01257879958266","-9.55396593191011","0.794579164384188"
"Random_Index23_13_0101","-3.04890528687578","1.98544900864097","5.55290630145603","3.00925445134486","4.84540092031705","2.05136504781751","5.13713032830289","-12.8925127203459","-2.86253116396634","-0.215384404221575","-3.68674609715491","-1.18118408297444","-0.481825710713101","6.8761558444629","-1.34994629383736","3.11695828318836","6.29585568019488","-4.78592784625384","0.311657142463732","0.828768788937204","-4.31624980589438","6.92424442166617","-2.05326817402091","-0.0158604565062669","2.27029522454524","1.2449144620603","0.415091249535618","-3.79479637417113","-0.531617270444178","-1.00865080140794","-3.93306712998798","-3.11777968844052","-3.9680292050016","-3.08472072776516","2.9831925746445","1.86963373824203","-4.35641176285041","-3.21052065120033","7.0542569846697","0.0709451522578378","3.1963346374189","1.34057828874219","-1.20027481116474","-3.55205947403014","-0.114287832697381","0.871834839000464","5.09893241827877","3.20974269278783","-1.87022079004072","-0.795700560184209","3.4750747409101","-1.30404433983282","-0.657233880252568","-4.46116613338784","-3.42332779316455","-7.08932533293174","-2.04094353115634","0.916926135757877","5.05424132957395","1.20400984417534","-3.23494114516577","5.88551716587099","-2.92391732964583","3.61028606123472","1.22154682660655","3.23162947607577","1.66573948942026","-5.78338634045356","-1.19742904518304","4.31268117330426","0.0504060527164482","6.5795042481206","3.12744535851638","-0.99276188364313","-6.84491962351836","-4.37282356705555","-9.13623980720657","-4.05190823695027","-0.356494315878443","-5.14483384031953","2.32029806042207","0.24078230891322","-3.08142875146259","0.698727759876999","3.6585227563986","-6.71020774405923","-9.11884815624767","-0.677218876579048","3.47523285332168","-5.57403068270122","-1.2320944538833","5.38428105096317","-5.08414991728943","-2.37063502772027","1.46260090877133","-8.52227314964527","1.65960790589789","-0.358052301418091","-2.2731261838757","3.34219712560086","-5.06361510207863","2.82889241461936","2.70314345167474","0.774981317731308","-0.67131585708197","-7.61257068240777","4.62777657816011","0.250562604308365","0.844432392276989","-2.61586508580433","-1.7718293223001","6.21439629777789","-2.04938008642673","-9.68815363092921","0.831877071604952"
"Random_Index23_13_0102","-3.07544497752788","2.12276473158954","5.52881853498475","3.16987173272639","4.84313691051006","2.15096606473393","5.18038664772426","-13.058833779484","-2.72105379602273","-0.168695612502643","-3.66750065513652","-1.06732208385356","-0.587388462630791","6.83169710506254","-1.35493304398804","3.02888743810878","6.41587414324601","-4.65285204162798","0.295622469177121","0.674329166317398","-4.45011286193783","6.82195212951144","-1.94527960267368","-0.0289908831832976","2.31807194081421","1.10444993963574","0.22153474656164","-3.69527799951017","-0.61560830706672","-0.923282628913837","-3.75623263057474","-3.06013772021809","-4.08514709155396","-3.09510712993006","3.3535811922204","1.65746133146195","-4.21960460459705","-3.0985373334976","6.98721269401617","0.0697687273190409","3.24462124849081","1.38769277056542","-1.21169702729986","-3.4618454750993","-0.0331360626844035","0.9520651987847","5.0992085616045","3.33377387507156","-1.9842293995946","-0.591431626336067","3.47727829759672","-1.34319219689998","-0.665547154797352","-4.68166770782484","-3.53595997586604","-7.28186589745259","-2.31174708266824","1.33872352916158","5.07340187300171","1.07604763448482","-3.08222901718603","5.85013295343026","-2.72773797020459","3.67297931107083","1.13209198871406","3.63366461175668","1.56399857458321","-5.78772931015159","-1.02173600642635","4.3482728936415","-0.104098644464759","6.59442224494807","3.29471088981843","-1.1464046941314","-6.90899331987163","-4.47088317775022","-9.06161483435436","-4.0551953021712","-0.302686725858552","-5.17003766699131","2.49633202215704","0.207941181359767","-2.97258547163563","0.739713534945123","3.71158385745744","-6.6918649488607","-9.29279608727699","-0.727307470466939","3.4725448472526","-5.64518484639951","-1.13482943290336","5.31304184289145","-5.01573983370089","-2.4054774014188","1.30063452111428","-8.37973570801597","1.56992345777218","-0.245908889528364","-2.40402450565658","3.67820701166103","-4.9571687533749","3.16943439680037","2.8608407554277","0.840595156834688","-0.64098869088638","-7.6826296776533","4.76295396503942","0.361800770121587","0.868665609909353","-2.75029687914874","-1.66390300035793","6.35074642143568","-1.9842314346007","-9.61070820889609","0.937656336069862"
"Random_Index23_13_0103","-3.13244764545083","2.14286361750179","5.59447723721271","3.16324863983698","4.83411538872319","2.12645091356677","5.1613195609708","-12.9710330236991","-2.83490199443583","-0.310984903946359","-3.77884988913495","-1.1966286311279","-0.636972593035776","6.91177318731918","-1.45055228409675","3.01202100735506","6.32554752767817","-4.60292288484212","0.279193517835334","0.987667008190999","-4.33985799149652","6.85228648906231","-2.06137559801262","0.0815200212881332","2.31698011161474","1.13779844984237","0.41229626426247","-3.81011307647203","-0.594510020944843","-0.993833093053909","-3.88274090419121","-3.13643302504765","-4.01212749739536","-3.08771427961277","3.07676757192107","1.73183100735758","-4.33104348838743","-3.06783834892723","6.98364149927397","0.0445469351447376","3.30914963830227","1.43253108353592","-1.31178189106383","-3.51702409707271","0.125833430692611","1.0159540708469","5.03546611074528","3.26862588363529","-1.87158060285325","-0.612479512172806","3.51869925240573","-1.33765683115561","-0.689500372028138","-4.44263451181805","-3.50897844246742","-7.15059260630636","-2.10114525710671","1.09568017074475","5.11382298877896","1.21537516854809","-3.20312888568742","5.88662929628389","-2.94065883128918","3.67576985849007","1.08101329399643","3.3425908845757","1.69019148147578","-5.80156415804994","-1.09186183038002","4.39590165667228","-0.182961792578571","6.60625304488014","3.14438862695198","-1.12187677154989","-6.82575113254522","-4.55789401708614","-9.04254073554775","-4.04075686653056","-0.410664429955577","-5.2719992694792","2.37442265246965","0.281974506239232","-3.09475483001534","0.855738913132308","3.71780391876988","-6.72898758365036","-9.21246889111408","-0.802560046947842","3.52733348575171","-5.5257216236102","-1.15254504748866","5.43049282786923","-5.00712088639742","-2.27445116424738","1.36865768223712","-8.3946537209759","1.65922113680853","-0.34179252591059","-2.30012793487225","3.45190173783393","-5.06418556152497","2.91290583912654","2.80169980230086","0.797835477173806","-0.755277630001006","-7.63966433484536","4.69172017106224","0.319116976721369","0.798736936854123","-2.71373492541137","-1.64211401643735","6.25468728132075","-2.06199826583251","-9.67102160719794","0.911482553625327"
"Random_Index23_13_0104","-3.19731096245237","2.17518172783857","5.56574776125154","3.1815346007801","4.86785137591145","2.06794316606568","5.10151340211263","-12.8844698625649","-2.79850989496033","-0.340550752350876","-3.74298010362526","-1.21539691460778","-0.676406883940966","6.86954064457499","-1.46523378444387","2.93963383085157","6.28928936931552","-4.58589179565311","0.191523263094991","0.73166759008343","-4.43858386463043","6.81125784769664","-2.12829294144146","-0.011132340798695","2.45088293911296","0.974665501227542","0.205055086207029","-3.77983918707851","-0.65318088284179","-1.04684767529762","-3.7729100821753","-3.14890220641647","-4.20056278125983","-2.97631973212158","3.13886061637331","1.59948750008654","-4.15887759335537","-3.05094656326406","6.9786187798172","0.0159729959697559","3.36035533255638","1.29412633814742","-1.25436429333751","-3.57799903223536","0.153017402544418","1.0297486097801","5.14755279998593","3.32067036190974","-1.91051319929064","-0.539633372706724","3.47957469577325","-1.41282039898343","-0.858570598966362","-4.59060252133522","-3.62174568694166","-7.15972701125585","-2.14970142300265","1.14200840181814","5.13223427895776","1.06565118229785","-3.03158812327703","5.82458337412059","-2.71797388678759","3.7142848500973","0.994413935636844","3.41215319240293","1.52357504460118","-5.79676812639995","-1.00777886200861","4.38745909840011","-0.283215772515469","6.57943329201369","3.36392739532159","-1.03891377886838","-6.76917592277373","-4.50452402897906","-8.95851127712488","-3.90261406630009","-0.414932918618056","-5.10575099138125","2.53977529325122","0.142865651096198","-2.97710324335427","0.7942770755709","3.76731020356466","-6.61636764524242","-9.28284014443828","-0.844939367760372","3.48225580058649","-5.61640109913131","-1.00909214581432","5.21539801130467","-4.81632192025369","-2.32378755441409","1.2577070414213","-8.38135862499948","1.63888952524169","-0.401241420478917","-2.49140163630547","3.41652485757481","-5.03530821057563","2.98601534250716","2.9574623773593","0.706546200666961","-0.733725878590162","-7.55034491811932","4.77933455188793","0.251999859343744","0.859903298011392","-2.81409492986688","-1.52489320469827","6.40827060901622","-2.0431126574229","-9.52630631758726","0.801847154268208"
"Random_Index23_13_0105","-3.10462597109636","2.04051276240528","5.47167863595288","3.14076753945006","4.88097785494079","2.03270533801036","5.16354380000583","-13.0635591559405","-2.86308949725732","-0.277137696859257","-3.80061641150481","-1.15745726658933","-0.536457604585097","6.92522700910859","-1.42682125263329","3.07118132945434","6.46541525337189","-4.64634449534074","0.275374578798162","0.87646593808104","-4.46050466478646","6.91143089593395","-2.05568064549334","0.128217950737104","2.33063432888856","1.21868560742899","0.409990815683626","-3.81488503031316","-0.50468636228594","-0.929747835083483","-3.93132768251125","-3.15620049278066","-4.08778533836199","-3.0602923472848","3.14217136292186","1.71443812359543","-4.40715691249678","-3.27396594874499","6.99815298264369","0.0532805097474821","3.33312601107155","1.38693442264046","-1.19112061878068","-3.59705122498193","0.100315682380896","1.04918684681266","5.05598065571323","3.36570778282856","-1.81553259051167","-0.555715603195401","3.50710774804872","-1.26920221419038","-0.673650361843253","-4.49232104220645","-3.51371197494583","-7.32296117541217","-2.04561570836888","1.1467506368946","5.09025802510726","1.14734063651284","-3.21785240447225","5.91623643637001","-2.9107053070807","3.61362805232981","1.12637570889628","3.4244425758425","1.69508764853175","-5.83576685538978","-1.18223802969717","4.36076183055581","-0.226683283811685","6.64792258663535","3.16025779248157","-1.07680131408566","-6.95812381170981","-4.66411189990522","-9.20843576025345","-4.10634792373081","-0.382713001730678","-5.31875343497437","2.42305845266334","0.108226075622024","-3.14188356908433","0.825513901986878","3.70573930694632","-6.74214967908153","-9.22818315157146","-0.718761276628733","3.56155966691953","-5.73581015233322","-1.16180969338084","5.36141153420715","-5.15290945490557","-2.2790598027562","1.36523688758226","-8.61310037204463","1.67480114956821","-0.353777739663535","-2.1656914623834","3.46334022351531","-5.10360105757559","2.9392303532554","2.86052176844702","0.742864467991891","-0.747448552658655","-7.52436695781525","4.72400768163853","0.197973620790877","0.749356620144195","-2.66298926815224","-1.86177265199295","6.25805693671507","-2.01059094047946","-9.60746337418526","0.806946107976077"
"Random_Index23_13_0106","-3.08775119040148","2.31567460526406","5.65087174533562","3.21157205316341","4.96675084613862","1.94904460806149","5.1671929573713","-12.878115983824","-2.81450479820436","-0.367094266711513","-3.83861668059899","-1.19524113321789","-0.75430635253982","6.94686973222301","-1.46678174548009","3.02929353144831","6.36237580780521","-4.72597945987985","0.190993863637698","0.921738007929595","-4.26195362938727","6.97903621330344","-2.12578064225713","0.123482649253406","2.40716716435443","1.14679567616678","0.483732289806652","-3.87655966608123","-0.399809708504827","-1.04892639910145","-3.91184833709912","-3.11016534060855","-4.08029641042034","-2.91782527090911","3.03278003049288","1.61220065674613","-4.31691757293212","-3.1421130200424","7.09538084915452","0.00785868989709025","3.4398026517073","1.3017870019917","-1.25702379819412","-3.6255377133194","0.179831495500284","1.05446268214335","5.20425645506851","3.42704419404835","-1.88065237190009","-0.494565487396245","3.54893989892091","-1.36924293199334","-0.782534634233214","-4.54085880503735","-3.49631726213867","-7.10083194509143","-2.06963483931254","1.04843782915504","5.2067188197202","1.15559647102035","-3.26003769456868","5.9820857100411","-2.90973484299177","3.70529535900112","1.05835245693195","3.2926178438049","1.58485993347899","-5.76882257957237","-1.12499727183216","4.48538506057402","-0.168057792852356","6.62050457588168","3.30572922622479","-1.09259474743968","-6.85915993390114","-4.55038347959451","-9.17822025552501","-3.89123347033295","-0.311295039021481","-5.19205658390417","2.44734554455291","0.123400151237412","-3.07768506282232","0.965823584560977","3.72876048211698","-6.73121783458804","-9.15503620624662","-0.834426742501319","3.61875783361582","-5.44704778250737","-1.09626078518708","5.51804147590887","-4.99313216520179","-2.25750706861199","1.51229777319796","-8.4289650007876","1.74182938143456","-0.450226864077327","-2.23449400535191","3.36801324369174","-5.20149398313809","2.88358970620116","2.96285101076919","0.651367058823464","-0.702269022543917","-7.47672245232766","4.80958252236431","0.155619828305353","0.844918786726632","-2.75680520391185","-1.6046076638649","6.3470742997248","-1.93021524294889","-9.69818450956727","0.732149646779967"
"Random_Index23_13_0107","-3.08148002082597","2.08215345613939","5.57484529948968","3.17876828407327","4.83318159928793","2.08145674112758","5.11313331716436","-12.9590486262393","-2.78279234387854","-0.278811533165609","-3.80152294272916","-1.18807504510194","-0.62306393733989","6.8620671909567","-1.45880858316652","2.9460154289424","6.24640278152456","-4.65890303349498","0.182295496930442","0.801690456461663","-4.27522578321878","6.79007503724254","-2.11573796617317","0.103384314402383","2.44570902135259","1.14943176891853","0.308085115875199","-3.88313569885989","-0.585210240976342","-1.06961516339882","-3.84942475601773","-3.17791460557496","-4.15973709839324","-2.87112049479037","3.04072006009044","1.73889991589488","-4.21318884849433","-3.01936507854312","6.93968813467197","-0.02070691096685","3.32030431396138","1.33085259041155","-1.29633838964766","-3.55454888968637","0.116718490016347","1.0960643557984","5.01596184290292","3.33264562743087","-1.86226874704179","-0.453633696150009","3.50385616513254","-1.40080919458375","-0.769242086599282","-4.42281932669388","-3.53910600807599","-7.02729511592686","-2.08752572469649","1.03783186388778","5.09530085891555","1.21643228747061","-3.11167235667935","5.88975304540009","-2.83780235778639","3.65439879016035","0.998653156999141","3.30698773162643","1.52817018995652","-5.73928499561313","-1.08711730638067","4.33864435027723","-0.178624166624555","6.5385694231261","3.23690709417313","-1.12980318515241","-6.73833808866979","-4.48286592015888","-8.99892723956452","-3.88561638590994","-0.366432177241037","-5.13145070722277","2.4482238921084","0.0914670471914104","-3.10030666730266","0.757108800248459","3.68275342389789","-6.59675600966902","-9.20774396035408","-0.844845738520886","3.56221016600052","-5.52813956568813","-1.07474875286787","5.29173046770978","-4.97679062353086","-2.25855398252107","1.33603813047569","-8.47106253649951","1.65820753364337","-0.386939436559662","-2.32014750561017","3.32073017961878","-5.13709665998159","2.83776625724881","2.89753561498966","0.73122070691877","-0.605524067388411","-7.48464775555225","4.6844041116433","0.258024508417219","0.877811514695481","-2.76080176101816","-1.65057296295435","6.28766271980166","-1.90900468930427","-9.6446027970279","0.847250957300561"
"Random_Index23_13_0108","-3.2278002427281","2.23714373415888","5.56926370966438","3.40296943552829","4.7575653254411","2.06686209494389","5.18799704226455","-12.9291370729569","-2.84978378174551","-0.318869814937168","-3.7764636220818","-1.25780521349825","-0.721915736331251","6.95534333770271","-1.50329238121882","2.89383144498557","6.45750162674767","-4.54291992348061","0.206611035451057","0.714715889616252","-4.45265838707089","7.01075783273944","-2.08843609461798","-0.03634650346613","2.4450145907062","1.05633922607552","0.229750397556326","-3.75450720030698","-0.716512425427809","-1.0641788532486","-3.82207650356514","-3.21695107784426","-4.17274205780838","-3.01795890268754","3.16654926940182","1.47731836246181","-4.13576179673548","-3.01481689228399","7.11895780080987","0.142414880821531","3.43819167130213","1.32271084399149","-1.1508804361052","-3.47586054580151","0.162739465284608","1.03261749166602","5.09408738785308","3.47245308012137","-1.97172994100526","-0.461598393884138","3.49328536668716","-1.45259301751203","-0.806799649954434","-4.59415517020644","-3.73334686688603","-7.21253817871887","-2.28763829665899","1.1834784831595","5.22206508381163","1.13945291934208","-3.03765160544119","5.891262175591","-2.79207311858237","3.81037324710366","0.965747490748945","3.44105475396208","1.47654294925489","-5.89509237009845","-0.969946767457215","4.43602811177567","-0.37587877035877","6.74543016724883","3.24478052490903","-0.985396705742916","-6.74161887432473","-4.45873447569094","-8.86692375181239","-3.89532219713703","-0.441037383552935","-5.07351892665859","2.68314018399132","0.0827472678459888","-3.00869703622378","0.904477908475832","3.85633951129708","-6.66655624055665","-9.23687571049794","-0.813948391305197","3.54018933165041","-5.57638538407461","-1.00950478278528","5.1946272240838","-4.94120808265401","-2.26172035847818","1.27288784106342","-8.28880229563662","1.53031849158137","-0.38665534033208","-2.41005994851059","3.49837348803823","-5.0563565033598","2.97577004330978","3.11535135133613","0.770396795449869","-0.680855323267955","-7.52984166462099","4.93428086064698","0.27249825330841","0.908115734510357","-2.76573054250352","-1.60034206066537","6.51489787488198","-2.08008203293929","-9.50759091386271","0.905141256041773"
"Random_Index23_13_0109","-3.13715354362837","2.11789048778053","5.49155532527942","3.05172487182356","4.75178922899028","2.16901543718207","5.14106566866258","-12.9925193629574","-2.74335515145137","-0.265417702833952","-3.66769532073451","-1.2036514399478","-0.569312819815128","6.89925130559641","-1.35430099491026","3.01235415572783","6.38938016553238","-4.58408628000482","0.240094259830525","0.819968345531442","-4.4075493953758","6.85385152379763","-1.95390324362487","-0.0167051062736542","2.22124369572956","1.10047781967675","0.246040085753941","-3.74478857790453","-0.758262674256499","-0.982312876825235","-3.77072509108443","-3.08069167861905","-3.94122102043516","-3.18004044821482","3.14469400633949","1.5789503002008","-4.30818360786644","-3.21906469361226","7.0155950981689","0.111639089752107","3.26296498882966","1.43853755374226","-1.17603701105337","-3.53103391615906","-0.0449895574058468","0.985028770091604","5.0077030664735","3.26448212423983","-1.79518100429863","-0.657554057592608","3.41394429828858","-1.34567761683498","-0.682415034765578","-4.65816007909792","-3.59649643993284","-7.15442621142286","-2.29542464313944","1.14585023010962","5.07001625810092","1.11509631687725","-3.11249795684481","5.78357855380178","-2.74202439646157","3.63006720025347","1.17077558423839","3.54249137915739","1.58432950435516","-5.77754476472318","-1.14199423421372","4.3443589378578","-0.113143730543132","6.62971821420363","3.20698908109471","-1.05422536336188","-6.80210723596048","-4.51722609228958","-9.07700322555169","-3.94345440360021","-0.356375343451236","-5.3723140220735","2.46029956940139","0.319451641625329","-2.93321956941372","0.718228571244005","3.75057264595423","-6.65652147601509","-9.18442495190621","-0.752714697627097","3.48342050062626","-5.5531875317739","-1.25955353988813","5.33870246112647","-5.05039345474125","-2.47632461788906","1.25703685171929","-8.41924101389485","1.56144190389812","-0.245766907627588","-2.26887608755522","3.4538551933496","-4.9862672590735","2.96103969808459","2.88396804848017","0.826502775980804","-0.701004264279862","-7.57021342321561","4.69334217221617","0.347600522429997","0.757855022828947","-2.66555888712554","-1.6813158147915","6.28630009283891","-2.12193262306524","-9.7333548030939","0.964870542012894"
"Random_Index23_13_0110","-3.28296909130157","2.32141025599415","5.83125556093376","3.39625969364654","4.99537705251104","1.84049915093826","5.17455635513936","-12.8125917421481","-2.94995004567912","-0.525970720854282","-3.99154618380556","-1.33164281729258","-0.750732982185436","7.0525393631206","-1.57641208709205","3.0640402861454","6.47652039889274","-4.77755778951855","0.0489162615660584","1.0767137689104","-4.15639586725157","7.02645938331027","-2.25079152415676","0.194311368591296","2.5044226555612","0.954514604582375","0.469280875257836","-3.90159194256438","-0.462062759239145","-1.18035833477562","-4.05796023712685","-3.27050379852751","-4.24689853035957","-2.87080119779711","3.12511100729922","1.49373980387585","-4.20077573610502","-3.05325873165383","7.15019796151568","-0.118058144371281","3.36822391863398","1.2354461652758","-1.32378873949901","-3.6903357673205","0.284255737755433","1.09169977921513","5.29993339013294","3.37849339594944","-1.97639603174144","-0.45041539483316","3.64068463413967","-1.49604751818318","-0.943895949317315","-4.46085983451228","-3.67753111134791","-7.10207443029291","-1.99310149369764","1.20331824001275","5.31733253946201","1.28631055502434","-3.28935746175947","6.05722419630044","-2.98247997453209","3.90487231688323","0.94728461896523","3.43490075880141","1.49642109967074","-5.89080757684609","-1.16199195344464","4.62679291724308","-0.228340422177373","6.84219005050002","3.31347002348285","-1.0678752871081","-6.88707359408152","-4.5308218414771","-8.83961924214239","-4.01515473947902","-0.540853886823178","-5.08748643510885","2.54858415285387","-0.00794236514533997","-3.13251203548259","0.959382983008396","3.83147399915425","-6.7775649188096","-9.29771359888819","-0.901016396312001","3.71494693920302","-5.49698528219447","-1.07121637364831","5.5550901093826","-4.8130996946876","-2.14298274685752","1.52543486336987","-8.34202935311844","1.71408275566664","-0.528145262002209","-2.25612070883429","3.49268990485023","-5.10073962914284","2.97404261472294","3.05200626365628","0.616648342014187","-0.788672657593216","-7.42684137081525","4.83265022062273","0.142531338509837","0.824598991093913","-3.09155147921206","-1.43838379683043","6.33907125845194","-2.06741872814733","-9.59374258954197","0.683000452313333"
"Random_Index23_13_0111","-3.16216017761533","1.99427660725762","5.45160103192577","2.93768834102293","4.63704411512457","2.43183422726194","5.22668401439157","-12.9126841128347","-2.62382682987714","-0.0693678802975197","-3.5187009733515","-1.0532311826706","-0.416394906966133","6.86144623168221","-1.23777219536608","3.10568393895135","6.2582935278359","-4.7021936755094","0.477782548653307","0.793266587266315","-5.07427372161178","6.66945748180761","-1.80705807341317","-0.149182757033906","2.25540358539821","1.31737664086541","0.302309394793239","-3.57155527935867","-0.648208603743735","-0.834707665697219","-3.74479532092646","-2.88682097266656","-4.20267929282236","-3.32215142390746","3.19728464043433","1.84765682595651","-4.23216799140041","-3.11469933618524","6.86580115318221","0.350476409659613","3.13865636710669","1.65049825824366","-1.06778415967761","-3.48126421910069","-0.0361196429083798","1.02526048976152","4.97457049811046","3.14500842202849","-1.88881412743243","-0.823486893493602","3.32449830127649","-1.16861116473597","-0.572995373539366","-4.4198391774269","-3.59143612533477","-7.13756291570945","-2.23529575630358","1.15663311607751","4.90913112192448","1.1291812201282","-3.17101568261985","5.71672874473517","-2.71033563673882","3.60417459988807","1.27428305810147","3.37992621767402","1.72311211230338","-5.71966534626942","-1.05484066910269","4.23455863666064","-0.040228275981144","6.56782322136708","3.04973452457023","-0.991066053890637","-6.79858711100632","-4.34686463915901","-9.11478918369166","-4.28528590620024","-0.254669480551635","-5.28136647277652","2.34298962829365","0.40498421694397","-2.89637792905775","0.657901531913484","3.54191483063836","-6.58197857999936","-9.12058766748433","-0.662920227016252","3.40159903751695","-5.78478814295053","-1.24509188234421","5.2494489110128","-5.18671105876212","-2.52883255333333","1.29744510369847","-8.39341952663538","1.50461169984298","-0.228141522555103","-2.33220971257295","3.51206435835263","-4.89988170380842","3.012094216002","2.72286821251743","1.09615107690296","-0.501757794471193","-7.7134037873024","4.44398054470626","0.447235098219074","0.550230773400458","-2.63390314338219","-1.83612117619962","6.19773473891241","-1.96753248113299","-9.59302893680556","1.04005360892814"
"Random_Index23_13_0112","-3.27942007015327","2.23727690907448","5.73523592022933","3.2961486137904","5.00505816748072","1.9259112415737","5.23545035531014","-12.9443918399147","-2.73113515701596","-0.462753722409649","-3.95392913844716","-1.35618028638041","-0.782635533304702","6.99667309410677","-1.68550951661502","2.95175657360708","6.34270250077878","-4.70541027850688","0.019005851352596","0.886466664214505","-4.18443593864229","6.92188492701443","-2.3581076945164","0.199100944149167","2.4316904768069","0.984498535331895","0.365517990394426","-4.01528677988963","-0.586070352499808","-1.20297553436724","-3.88141894192365","-3.33891622161673","-4.1288502664711","-2.70791383721013","3.06973450121377","1.59268760112811","-4.13238083472046","-3.16573563943638","6.97935888651158","-0.0511605239435933","3.46773538272225","1.12280952364699","-1.34329259027836","-3.77277296555965","0.185749111509185","0.974920063595861","5.29884858352897","3.44404963131063","-1.89503348068336","-0.365616097764495","3.70328850896942","-1.42893576274739","-0.894869064225466","-4.63047983898939","-3.65498124841073","-7.19621212327445","-2.11520509215484","1.10793782270545","5.37499084989275","1.39986272396536","-3.22613912906994","5.98976650089261","-2.95356731341986","3.86947773666065","0.917822577497145","3.39452786044998","1.64333067158168","-5.80839296658769","-1.2389945509206","4.53853448565272","-0.118661582587131","6.75295761597282","3.35742395291006","-1.07464609047387","-6.84723579103197","-4.4957258686189","-8.99518740033957","-3.84214466819035","-0.541388271007915","-5.01892814809082","2.53432260533649","-0.139775072294668","-3.19781216115245","0.880856030440568","3.77783085622384","-6.77488890957038","-9.3026507018103","-0.867002012631873","3.6894257846873","-5.53108612636067","-1.00148392176893","5.35337456038427","-4.81168899559642","-2.26801706958923","1.38877958110671","-8.46888136758598","1.73114574682098","-0.492604169779102","-2.28972193822604","3.38968299098137","-5.1340804717591","2.879585077045","3.01448587789292","0.627418572747821","-0.66570463306547","-7.44633202037625","4.89071743149784","-0.0120410583668791","1.03243234197965","-2.90078607526871","-1.43951166113924","6.41859737382194","-1.90445142362745","-9.67973791014727","0.610094401045214"
"Random_Index23_13_0113","-3.12180296564888","2.26949788458181","5.73748345385152","3.22775541642856","5.01549449684647","2.01608573559185","5.24663439475407","-12.9693891029696","-2.91082407705529","-0.289147182049391","-3.79843567638527","-1.21316797194726","-0.626589181435191","7.08887025521636","-1.48381701705701","3.29165243275888","6.33487098276503","-4.81376927520625","0.181022863859308","0.94922931391542","-4.2965925792689","6.98528242921948","-2.08722865145899","0.148029705527236","2.29676293348715","1.11243511111342","0.42218888347692","-3.8445144091196","-0.571463876784291","-1.05225864118291","-4.0882566490031","-3.17623392352383","-4.20125074489538","-3.07290807043064","3.10810856800394","1.73778586908523","-4.41033780766713","-3.14668967713145","7.06564761333616","0.037764905172913","3.43123939700079","1.38507249381135","-1.27092269023589","-3.68838090159119","0.176747710796354","0.991772101169099","5.24015188445032","3.35196960632723","-1.95889036712184","-0.611622162316208","3.60536466062877","-1.35321469152729","-0.774175299463233","-4.3923795637496","-3.54065087216198","-7.10277890953493","-2.02023984844035","1.1136980737507","5.24754024958659","1.21904976167184","-3.31141768007647","5.89152649155104","-2.94058571469245","3.72004564220424","1.12266931571557","3.30229789547947","1.56521247880138","-5.84471835385169","-1.05479899296547","4.50344134264157","-0.0881735391888146","6.63221706524199","3.19131191306426","-1.13172092911493","-6.92473405793585","-4.59606964677066","-9.10675042846658","-4.10878525956135","-0.355773206930067","-5.23670832192139","2.42329524750412","0.163647974095528","-3.13599079454259","0.896775966917409","3.80323832678168","-6.77559377699669","-9.23347931920588","-0.791511093926094","3.61015474274701","-5.65699248227197","-1.17433539490211","5.53989657332142","-5.05833815572016","-2.24004400645061","1.52919205226615","-8.52154459326203","1.77977399257246","-0.432324537806653","-2.34836917625954","3.53539059508151","-5.15182803650009","2.87764322102365","2.94394525997593","0.778334951088847","-0.682392797170825","-7.63654059463507","4.72779820803362","0.2298898819648","0.799377707416412","-2.67491912999253","-1.61912247413685","6.33073457974408","-2.02784726022817","-9.70454645297393","0.782830388279419"
"Random_Index23_13_0114","-3.08197024021994","1.98980164767043","5.4662577233226","3.02736391980873","4.73298044341238","2.11864865128998","5.10205059352167","-13.0159623523525","-2.90356046501393","-0.231035622000314","-3.68322421457934","-1.19479633658827","-0.609736050613052","6.89503566897779","-1.38948952669766","2.95588729397069","6.25488037029001","-4.63659337763753","0.237983949047646","0.796271519623964","-4.46344191388881","6.81637848658419","-1.990176084853","-0.187806461617188","2.29481887480202","1.1645803399812","0.342235660638952","-3.7204605370309","-0.524343113468023","-1.05765890352448","-3.86783809407084","-3.04590137744389","-4.11749858195114","-3.33987288753463","3.16550450019225","1.75441478334265","-4.2893476413251","-3.11354904600836","6.92359607121191","0.106078122718961","3.18830212495659","1.46487992852359","-1.2340308144065","-3.55208912553637","-0.0475230368586116","0.943975862826019","4.99716409814021","3.23400359569889","-1.85608967043873","-0.752601816651881","3.42990174705481","-1.31255880623107","-0.667653946895337","-4.47311359753809","-3.65391094403871","-7.27284068664124","-2.16808393891071","1.14843145780403","5.04835193288848","0.997697895237848","-3.11484291605089","5.75817777035631","-2.83507783724081","3.54486579110463","1.23105060261859","3.38226303606059","1.50567719966663","-5.87542677280806","-1.03281681632574","4.25751357819161","-0.0824827382558971","6.5169630316515","3.05883633296004","-1.1442959304953","-6.8993313543823","-4.49558031521601","-9.16145938996367","-4.04382859864098","-0.312069303440626","-5.32491944591969","2.37277820160107","0.265336145188083","-2.97903514967521","0.730311624317851","3.6912399804555","-6.63810833117901","-9.19492978431573","-0.642202503070496","3.33325476202705","-5.66126950723977","-1.16807666512534","5.23851816899465","-5.11718312788842","-2.43367883625837","1.28909403917405","-8.52570197633617","1.48309597381472","-0.32017466062034","-2.34529288436736","3.4795139342324","-5.0763442325796","3.02011733106525","2.76764553409079","0.840501463954494","-0.732198768749943","-7.68062895017825","4.64838902805399","0.335140884747579","0.672877373441365","-2.66894461169231","-1.72993460333378","6.25360450062114","-2.14027590891528","-9.70259787480899","0.957741650744534"
"Random_Index23_13_0115","-3.19675693769524","2.28125879194046","5.59402179157048","3.28313687724382","4.93048268157933","1.98663526408668","5.15270156682644","-12.9231762410497","-2.89715590428352","-0.424592600939248","-3.85212786950112","-1.31416658553976","-0.711182801974646","6.98523123353545","-1.58622988513853","3.11079121599045","6.33403231789702","-4.7644749092769","0.0662415909051652","0.882241003195263","-4.31254979176274","6.92659373577123","-2.15453926724375","0.103814928773325","2.37332208106689","1.08346241055421","0.386427196642328","-3.93246061359122","-0.519851208137693","-1.11870313845737","-3.98254981592549","-3.21526834793943","-4.04845162074818","-2.94606240976679","3.12641132765215","1.67152857630912","-4.19434829553322","-3.05287706223564","7.00581617441889","-0.0245599215486518","3.3978526232445","1.29993689743773","-1.3249504323577","-3.67705528327194","0.166955226426052","0.990116491326981","5.13734162452814","3.41437413256964","-1.99162683206441","-0.491214968414721","3.58623716265295","-1.52721779309518","-0.847313196815163","-4.58172417391386","-3.56055672699755","-7.18099660569061","-2.10550812440543","1.17134749911637","5.21665828593702","1.21912857985862","-3.26198408853278","5.94221206118069","-2.90708707600943","3.7175692428042","1.00219099285513","3.34562668106449","1.53929020752126","-5.90943937833576","-1.18955325345685","4.48429367963656","-0.171095226011301","6.63559058840567","3.28264346358563","-1.07458339571489","-6.7938786407131","-4.63252283331595","-8.99951049411757","-3.95670673243193","-0.49186038920179","-5.21151867202515","2.51273533331606","0.125282138676737","-3.11399719017171","0.879231492529253","3.7982509865185","-6.78885846897385","-9.25726445199886","-0.869789682989228","3.60010112640969","-5.57264833763734","-1.00183460143116","5.37466600025713","-4.93951651094415","-2.26968930871753","1.46994234423198","-8.45308037000923","1.71322053089228","-0.450800294647582","-2.20836960340189","3.45589694372303","-5.25978654557132","2.88259594437919","2.95441692449186","0.681724435397113","-0.756156094615305","-7.62359733529563","4.80725044582167","0.199806281754439","0.853041926881538","-2.822752312359","-1.56214905236824","6.3935888597855","-2.10295538413019","-9.741966298274","0.845401172418163"
"Random_Index23_13_0116","-3.1797248474995","2.16872068342837","5.50120245942761","3.11664182857059","4.70472219134028","2.12630582507414","5.20751277278818","-12.8847714806037","-2.78473364779093","-0.317313302039866","-3.72495049157957","-1.18689600110975","-0.615434511203392","6.89529750588705","-1.43982728236931","3.04329912070526","6.39521222565509","-4.61392833830031","0.288313873180539","0.797057263123787","-4.35105827821475","6.85477405419083","-2.04858490607647","-0.00744813614613451","2.33947452126788","1.15760617072271","0.359810652990568","-3.80489617757631","-0.520220639477755","-0.991754765265596","-3.84858442138251","-3.13270794655624","-3.98866191766946","-3.05453258401065","3.19145629291534","1.62710424963151","-4.25364748104814","-3.06151946314383","6.95559272617475","0.101582134888181","3.24726117664984","1.42049692912869","-1.23987658703676","-3.49678477664229","0.093436221873804","1.09686304710088","5.00214496425674","3.33007954645658","-1.82106046672164","-0.605564059773509","3.43974401433728","-1.40738716240986","-0.746798141441638","-4.58228360221973","-3.59964681921436","-7.19240449974823","-2.16584342972706","1.21493962108573","5.03190256315327","1.08079039048296","-3.09878658242153","5.80678763594611","-2.80177892022257","3.63457237813547","1.07402263755381","3.46112460777408","1.63071868107423","-5.86084334493971","-1.04832265692003","4.32370412643897","-0.213328973901863","6.59936479165705","3.19163097677775","-1.11932192388691","-6.80990937657704","-4.56566326755313","-9.06644349677706","-4.06239716214452","-0.457439442131165","-5.20027665305144","2.44507699965034","0.200521667223726","-3.03384290374987","0.774215366889016","3.6787525698258","-6.62289973499271","-9.11027728163581","-0.806966144432917","3.48019649114956","-5.61204929255689","-1.16129801425948","5.29648120505104","-4.86455713920744","-2.27931013166146","1.29627670430592","-8.46113141432109","1.62446682002309","-0.430976263209384","-2.21178530657852","3.53317508933872","-5.04097331098575","2.95807106449457","2.80984173144734","0.769204604698835","-0.654438354158862","-7.55705563187359","4.66457449673673","0.326997563522439","0.706773873446237","-2.79103150785424","-1.6005454247284","6.31258995170612","-1.94895878461562","-9.62121757254884","0.882328246702687"
"Random_Index23_13_0117","-3.08065391029031","2.11459650634475","5.55375495143024","3.11500896637897","4.81826627226507","2.14718862409464","5.19450193609885","-13.0079772913046","-2.71557798334136","-0.312191899495736","-3.69244878275232","-1.16417401261771","-0.523152189803643","6.84858058204396","-1.37831044795739","3.05669283184274","6.35422394994281","-4.5887894941166","0.250977592974664","0.783386008374932","-4.48443654427418","6.83905409428232","-2.00158968772127","0.0610875377987481","2.27449995867303","1.11482580525577","0.353806603859866","-3.739398829574","-0.691218664743163","-0.924875232564926","-3.84597496709116","-3.15249761430645","-4.14445348012107","-3.08657157369111","3.11765128517985","1.80221762787495","-4.2115830855956","-3.18056315068511","6.97054000480063","0.152997562052722","3.29600528574634","1.41724412566042","-1.18507394600181","-3.51480310944963","0.0879441668546135","1.02008625687959","5.07948585767486","3.34200730014563","-1.89989875021721","-0.615098696550671","3.4589007167247","-1.29900369250551","-0.74271470887979","-4.47145157547825","-3.69596162823609","-7.19236680630911","-2.08829815310269","1.1365637069594","5.10579517939295","1.11381090130843","-3.14208730225835","5.85320294848938","-2.80011075961723","3.64918034748387","1.10965728630162","3.37368482909787","1.61309644040165","-5.84169141591625","-1.01985712911935","4.41887760018771","-0.147763772254198","6.60906412888023","3.26925881626173","-0.971631045975352","-6.8478129549502","-4.60244967620241","-9.0956948509335","-3.98155368666297","-0.342352798766912","-5.25222681427061","2.40055068466011","0.210112060311954","-2.9830218040462","0.927419339679759","3.68169892270085","-6.62871924179054","-9.23155776424208","-0.865228339674043","3.51548152594382","-5.63023080581527","-1.22700620628955","5.36622629764591","-5.06315989017617","-2.29916141502305","1.35046078285729","-8.53320816807813","1.67490501734264","-0.324040283350801","-2.33730443186686","3.45410846849195","-5.06872960195761","2.92330849956833","2.78511216261255","0.820721305711262","-0.701124505038841","-7.66899705287378","4.64036128163714","0.317606579681468","0.793550477186731","-2.69634701448341","-1.7464026767882","6.23126354629269","-1.91377899423253","-9.62037594704415","0.847719739340389"
"Random_Index23_13_0118","-2.9958349657981","2.01604592378313","5.44093145878954","3.09632331773068","4.76358921499435","2.05912602352766","5.14113230133239","-12.7937161000354","-2.90496575888847","-0.135225356126973","-3.59069294568815","-1.01595452660365","-0.481797820910265","6.8926697294284","-1.2370776052779","3.18198731069783","6.18910926547385","-4.84458229533123","0.391168764359991","0.967858589747691","-4.45971708307041","6.82258912550992","-2.03400597968935","0.0955122896622609","2.17235505789151","1.20183207803362","0.3213240995327","-3.66638967685301","-0.610039905048771","-0.884330703663757","-3.9518594632334","-3.01582746715761","-4.08958908155276","-3.13544503815572","3.01343877520111","1.80195959830293","-4.37161851646518","-3.29284093433547","7.00617664413529","0.124215847670115","3.18048431316213","1.49645876772761","-1.15400397203047","-3.57118710811197","0.0748989525201913","0.881220115932202","4.99515131208023","3.14673088405904","-1.97375816661843","-0.734321842784665","3.46208344999795","-1.18467886048844","-0.674799225325922","-4.3431622214106","-3.50916381922904","-7.23813470566795","-2.0461169947155","1.08808100333145","4.96101935841931","1.01219569631826","-3.24824395793491","5.68367193254208","-2.79142299061653","3.6129416118143","1.21458314532523","3.27236209470254","1.57631090104495","-5.81356827198682","-0.880366897789964","4.37926570300464","-0.0920477839525605","6.56584929353146","3.05634324660871","-0.997105783738812","-7.02881795308868","-4.45191227896516","-8.95480778337929","-4.18769312818493","-0.435056078934386","-5.24348953973419","2.35523173965832","0.233030245218882","-2.99155280914352","0.854743127398792","3.65838379689519","-6.69994588065995","-9.1711750682584","-0.60889406407955","3.3157164438995","-5.77838934298284","-1.20462410588899","5.28434755068751","-5.10414716441976","-2.28653317184375","1.45993570883255","-8.46143927752884","1.65396497285961","-0.350108416350717","-2.38104388747014","3.46278335876471","-4.94871825430538","2.85825719855047","2.79151611520991","0.915331718853881","-0.84853446226923","-7.64228536947447","4.62044486819524","0.332564236014013","0.608470129664262","-2.60115113831959","-1.73431757051779","6.18108074988619","-2.06649509706787","-9.43408179034951","0.827533109729258"
"Random_Index23_13_0119","-3.08341321173737","2.12738716458191","5.60068896787646","3.13397195781712","4.85927277097972","2.13061394727602","5.21690941038879","-13.0165912459228","-2.78177295503326","-0.291754596097561","-3.75149082618181","-1.13964591081493","-0.599484133105921","6.88805801933414","-1.39829222537676","3.08623092503695","6.26987845963051","-4.70976704908321","0.265126333552908","0.911123068539096","-4.32194255115925","6.77258584227875","-2.03430809454347","0.0723582135437359","2.35028158643005","1.16347026117583","0.368695120887034","-3.78616741799106","-0.57935333059445","-0.978609580476084","-3.85464449565392","-3.11269216837638","-4.01291036762801","-3.00789699462512","3.14420891096698","1.72317274089202","-4.24104141736909","-3.02257298272063","6.90214997826187","0.0498377171343468","3.30900356310438","1.41248676647011","-1.32441268178095","-3.57771121404341","0.0702145802123162","0.978214341204139","5.11130545798231","3.30004242753184","-1.88288088499498","-0.592055087190969","3.47313391478588","-1.30177716561843","-0.72221978962442","-4.53974992495827","-3.5336952947964","-7.07743874969858","-2.15823851471604","1.16159936646284","5.14452766061269","1.23678060553301","-3.18086044509991","5.85560567646627","-2.8852890081621","3.6671837438876","1.11097367173695","3.3640046417321","1.65069524499678","-5.8132198412862","-1.1016700644268","4.34738720176723","-0.159935827290488","6.56951409937298","3.22022267438344","-1.10813353153674","-6.81295380367427","-4.50061006534731","-9.04515386542786","-3.99348206357808","-0.345499606198997","-5.21413095515824","2.41140721120627","0.237419313656721","-3.06901331732715","0.794000935492523","3.6494726605647","-6.69973859483451","-9.2488735272046","-0.763678503934182","3.49731854282731","-5.58948434908535","-1.15559189334016","5.43824223632034","-4.95863022972572","-2.27129332634191","1.43439869052293","-8.39339356784481","1.72071181673486","-0.329851989847085","-2.20668709627711","3.47954877696786","-5.02069913123654","2.93118101733126","2.83404459217669","0.751910273088415","-0.685812032096992","-7.58947668336726","4.69445512910044","0.27733786699434","0.837156896623321","-2.72873661469426","-1.67782514482598","6.28933147057774","-1.98389478759092","-9.73873239932081","0.8625902865796"
"Random_Index23_13_0120","-2.92005335405609","2.1068452964904","5.59168916885426","3.1236732132546","4.94915844107824","2.0813635385774","5.11137506036813","-12.8481063846396","-2.76738601572853","-0.254307768795317","-3.78642875939202","-1.14690628313036","-0.518565445007331","6.92203597084247","-1.41928510423139","3.12872087695665","6.17799533353105","-4.73893925538859","0.33509299777946","0.950575835453793","-4.22149781232978","6.79363271186275","-2.03766838140972","0.172873983284852","2.3047177697604","1.29124107338143","0.424725219178454","-3.82341525491818","-0.32328928713185","-1.00277361560135","-3.94696618436756","-3.09602266550666","-3.96087834673799","-2.84845337116926","3.04944434466508","1.94074285579611","-4.18832998832132","-3.22959904054866","6.90523319090289","0.0829506280973795","3.46651672004275","1.4757312602221","-1.29430801488687","-3.59891157729688","0.287470514621032","0.932064403417196","5.16537847673301","3.12202965620109","-1.87443020078675","-0.578445133289557","3.63399187379592","-1.32333088408601","-0.667460267683959","-4.29640417814249","-3.47049877515814","-7.22891895247269","-2.01053193408367","1.06861514155105","5.06857725053436","1.24107626380103","-3.14378888824194","5.81810228250542","-2.95042577993426","3.80321796859897","1.10520714469882","3.27545242507934","1.66712795432771","-5.66359608576335","-0.987963735788931","4.47956409961066","-0.0559753605283636","6.52091351917916","3.34738910094805","-1.12764428199464","-6.73700544859603","-4.40333081163561","-9.01884993069536","-3.90242564081576","-0.475835977979095","-5.06260009348007","2.38010764214785","0.259774621098171","-3.12966284366631","0.893839413947942","3.6887392303718","-6.6375933052028","-9.15963077143758","-0.75832572447258","3.43975735416893","-5.59105226084692","-1.21676712891541","5.44039707341875","-4.8655120081163","-2.15768301381032","1.44604709302296","-8.3765067386433","1.83198830005029","-0.421153441359923","-2.07105494933412","3.43608583927253","-5.11485394972161","2.86903159834389","2.7843611562544","0.761554269824258","-0.759425707090208","-7.4990649422975","4.55904957990474","0.316199284450265","0.926764708659666","-2.69736310076088","-1.51028514389175","6.18580692906682","-1.84189571214132","-9.70048864600656","0.849199898743926"
"Random_Index23_13_0121","-3.18490917022671","2.07444077045011","5.58272132923066","3.14822346017493","4.75643171500502","2.19034801486455","5.37220863601754","-12.9835721697951","-2.72457282942114","-0.374375837136185","-3.77087198379553","-1.28931997247072","-0.696034888409996","6.82093295593564","-1.50701159063114","2.9660631289122","6.38556024281108","-4.48314545857487","0.200685597363194","0.830699893999548","-4.38112345900628","6.81986918204523","-2.07433236436346","0.0125915868843066","2.36338065564646","1.11804521452912","0.303721892175332","-3.8149165246407","-0.692291413256797","-0.988475163749084","-3.7341706570798","-3.11761962724148","-4.08849298802389","-3.00396080554806","3.21106258327283","1.60290474561962","-4.21747218297089","-2.95485225574922","6.96444238641724","0.101786437482647","3.29869931310988","1.31717939163384","-1.27590872334935","-3.5573767646009","0.148064456160708","1.15828440394912","4.97477913544096","3.36467171831409","-1.72571552046518","-0.530206009944052","3.43619745023873","-1.35023417059362","-0.813976940839177","-4.47684210494815","-3.66884505388684","-7.19998385884193","-2.14928403815193","1.1829384046231","5.10502108909192","1.2607759375093","-3.04560012313485","5.91288415010834","-2.80554739320446","3.62021489120518","0.998876024228113","3.45269047747709","1.67032980077183","-5.76078065208985","-1.01514930726656","4.29348011679449","-0.21767196485862","6.58341405689827","3.17145732896962","-0.903214527892678","-6.74923137555706","-4.53787309971635","-9.00765134577669","-3.98615099009087","-0.328596555723909","-5.16003298662869","2.41403429737589","0.145756651498656","-2.96318794470614","0.826264916541814","3.68801671209304","-6.78130232026777","-9.19165766383884","-0.809519209565057","3.47909434517875","-5.52375849598557","-1.20620297029921","5.29963808212891","-4.94532942943894","-2.28794815249257","1.25365222014393","-8.45004911399985","1.52495750914738","-0.285084730200712","-2.37693593563254","3.47664611972942","-5.00544060107303","2.99234574816256","2.84496537938014","0.827602269931946","-0.584103125126604","-7.57518922626523","4.70159176521073","0.252664025979952","0.746013018799274","-2.71157201245268","-1.68557231551509","6.3094477284642","-1.97943572389738","-9.59500042206368","0.91809328088678"
"Random_Index23_13_0122","-3.16489949214178","2.14744029047597","5.53265361603074","3.04291595989753","4.78000396409006","2.20607342770095","5.27813352050159","-12.9156120911504","-2.76379239148192","-0.13157933710763","-3.62794960796502","-1.10509730194337","-0.473642143183007","6.89014679796494","-1.29025490980643","3.07302412271095","6.25569655102086","-4.70596957086851","0.377228952085393","0.854694885787301","-4.38552309972731","6.78340839612104","-1.90841620863488","-0.00440148197794236","2.21880632704187","1.21891450453608","0.336292508664254","-3.69215527965751","-0.636935726201133","-0.938476188001506","-3.82211789981069","-3.02189777234599","-3.99364418408061","-3.05582458932618","3.07021178290651","1.74156045627034","-4.18505352243299","-3.10644821711318","6.87757573409683","0.130600802240494","3.29766104811517","1.56890979422795","-1.20727026817789","-3.52918832301257","0.0611140055083015","0.934518211412844","5.04324954261203","3.22879601084185","-1.82874530072933","-0.690044801528509","3.42894138668272","-1.27275291915487","-0.659783238767524","-4.62632238901473","-3.60762665632813","-7.11858924427595","-2.2801021081457","1.11601184483305","5.10827548883536","1.21772846939061","-3.11231574072445","5.86642066067274","-2.83250956236238","3.62745529695361","1.19374524754187","3.36155975978672","1.71526339461184","-5.79759783569708","-1.01939659090168","4.36331830229354","-0.135535787394079","6.48054833734644","3.1518293209337","-1.10876000810802","-6.8850043736242","-4.43968486483518","-9.10675269809786","-4.11652857763931","-0.30460051478303","-5.24025712429856","2.3498467595021","0.330984668908541","-2.96840926828828","0.687460572687523","3.66392750003584","-6.64404741198717","-9.21102583596171","-0.678903800515093","3.41734899269055","-5.65092744615667","-1.25521196393085","5.33453653654678","-4.92695593621263","-2.36214972287564","1.3656114110321","-8.50134691570936","1.67299293930403","-0.214405879674232","-2.27297623903188","3.40975526473771","-4.96598899945961","2.82742797201866","2.75892132601438","0.943892280640824","-0.661494695190043","-7.65460523524497","4.59025858609258","0.47558764948385","0.768488647183908","-2.79848880927686","-1.66622927446885","6.17990545865543","-1.92739066754692","-9.6940387173974","0.980869365030335"
"Random_Index23_13_0123","-3.17095484389252","2.26853361318391","5.70475374560345","3.3138255666602","5.10607352419957","1.98512903753869","5.2197925404317","-12.9843427905544","-2.85099439359557","-0.37302265069663","-3.8255182874882","-1.31626879815494","-0.580835613530346","7.04192279251471","-1.53047732136087","3.20485770835344","6.37860639242373","-4.80855115048334","0.220736876757075","0.954529944740424","-4.33583235980614","7.00931363545669","-2.17985480254455","0.207577410797401","2.39740644246718","1.05657697043464","0.391043488181514","-3.89503845145334","-0.421430333360468","-1.09160423670646","-3.95682952441222","-3.16365818026075","-4.08053111565508","-2.9196632798929","3.10186649181715","1.70618270809167","-4.18926789306082","-3.20513540945745","7.0602000981933","-0.0249725447440266","3.47552381878881","1.27040509114398","-1.37579058133658","-3.77774058167793","0.210360344949839","1.08665119741794","5.35595061299974","3.40088042431045","-1.99836414745003","-0.481011081156471","3.65887776575429","-1.47348673426355","-0.745964227949796","-4.62719679748799","-3.52528819776566","-7.23186478773139","-2.10366718394058","1.14228317991333","5.26232576162333","1.35849152863902","-3.29322431871881","6.03842487630654","-2.94491789047214","3.85974990360481","0.958569920190603","3.42741804729893","1.5504296129699","-5.94490986946972","-1.02547317914596","4.6342086420338","0.0344079303503737","6.69666140380831","3.34322426459291","-1.09214856001279","-6.84880508789586","-4.66970519996234","-9.01048451901087","-4.00650296696874","-0.572853754571003","-5.14948875771505","2.58738810356521","0.0858058105711161","-3.14314436696658","0.865529451824072","3.78435466018564","-6.85732009711304","-9.30068447080234","-0.920326864655342","3.63158878329618","-5.69917615916157","-1.07718670381343","5.44435705235508","-4.73695062735983","-2.20131770314667","1.48954488432288","-8.55666125503931","1.87339432366453","-0.451367462492391","-2.28723926314501","3.47190747330129","-5.19442078793162","2.93479359358128","3.00216886411039","0.654637493312463","-0.765077334271212","-7.59387253596768","4.80612285904125","0.113284300607832","0.919039517187543","-2.77587845842734","-1.46174895814316","6.42574487409559","-2.07483143714447","-9.82141333481932","0.737739115854263"
"Random_Index23_13_0124","-3.05980296888163","2.11673100709924","5.5267265395158","3.1053039888173","4.7612762915736","2.14786612189195","5.19316325775695","-12.9339494225462","-2.6508344648633","-0.206765192088182","-3.64204714779223","-1.13097994281797","-0.531696690871874","6.82576887815079","-1.36905113676567","2.95490730869634","6.22118221743343","-4.67702938185268","0.33502200433027","0.803528860448042","-4.23405350475626","6.74266950040384","-2.02840912531782","-0.0328508136328486","2.31370659350322","1.1000883341365","0.253859728723367","-3.72240715203189","-0.66655501967284","-0.890886077616786","-3.76007312408328","-3.04877739438687","-4.03146051626326","-2.95643540867502","3.09096264217221","1.64746663545512","-4.13688740218661","-3.10270907971166","6.84548013877748","0.0592580819197745","3.2446390794052","1.45995247087087","-1.25377009792213","-3.5310890688516","-0.0521285642797269","0.913074811539052","5.1016612186137","3.24709789630541","-1.92221872942276","-0.679303499210013","3.46971830796545","-1.29924706060673","-0.625159476131538","-4.61345411258878","-3.52344548511155","-7.07104553406745","-2.22738636960428","1.08804156044634","5.07801135920709","1.16829370743725","-3.15061377276906","5.7972855410707","-2.88826281944843","3.61509914105574","1.12974522560403","3.30514155741603","1.63382784116873","-5.7366882910514","-0.983980445201553","4.31345256537845","-0.16523167056089","6.51229896276777","3.1812367909626","-1.19230679476897","-6.76397466851215","-4.49135945969468","-8.93889355693877","-3.93389201296238","-0.412009383203251","-5.11024672939336","2.38474070120395","0.197401861807765","-3.06842955176437","0.67497956660189","3.61461334431267","-6.58786060853917","-9.16620069651125","-0.714976536200628","3.49011299945753","-5.67084390302761","-1.1919578286547","5.23878284859088","-4.93682696285062","-2.31839418228923","1.33694570616516","-8.37742178353727","1.62741256157638","-0.2640107029968","-2.29201956796269","3.37975352811418","-4.99226665833997","2.83369900909825","2.840913247543","0.744002092792395","-0.715600885962595","-7.51669657483254","4.62213586468148","0.274671436232021","0.835517089851562","-2.7317804969024","-1.69347178659806","6.27320074950872","-1.91160061884611","-9.61055756652431","0.84445049046751"
"Random_Index23_13_0125","-3.24529954273765","2.20802769645763","5.72432333941468","3.24479230451013","5.07032584188721","2.01120885692925","5.22775734798747","-12.9997943648139","-2.8875430854479","-0.488997752521474","-3.92478960124216","-1.36217914553791","-0.689792905003703","6.91606192586672","-1.61667504643265","3.16427281608274","6.43555939154984","-4.82113720678628","0.0657455826121496","0.985541680394479","-4.20211251514409","6.98675479242246","-2.13402802917306","0.184803664998176","2.38398208524489","1.0077217141352","0.426732074042039","-3.92666062910132","-0.549436030834557","-1.12622913149239","-4.00781607514446","-3.31516294156548","-4.12846393633212","-2.98566044701877","3.19220922081689","1.68670865795517","-4.27714079023135","-3.14194498203989","7.0327279162792","-0.0764517487997012","3.44130906140304","1.32750733739753","-1.38915321835782","-3.67687676706016","0.138267401595147","1.08163131056299","5.18368541036319","3.35718453194937","-1.87298961417174","-0.487130556268855","3.60678416482447","-1.40792321396679","-0.862565365089626","-4.52242422362115","-3.75745798784596","-7.26890237348499","-2.02499420696458","1.2088766034561","5.19474705156553","1.17643405703509","-3.31412012991108","5.89991997476875","-3.09840856946764","3.77132407380363","0.981062250008074","3.3620445212903","1.56564989268127","-5.90657847660931","-1.10497609452672","4.55141413372882","-0.0698352521283383","6.72421736851722","3.28765830327553","-1.19927209292066","-6.76653998550933","-4.62547901532731","-9.08913106197195","-3.91068478316457","-0.528110200802169","-5.26125555072454","2.42252185166407","0.230638746293976","-3.14976859066923","0.864269136683788","3.65065909861422","-6.81366885012028","-9.30126178096826","-0.893676018673678","3.67252213962625","-5.58341571015932","-1.05448775462651","5.47672808627347","-4.8383203294127","-2.11424108868377","1.49516014940612","-8.58111550290867","1.84277885756122","-0.531436467924744","-2.17822109220817","3.59423662551108","-5.20781438952303","2.96596087774624","2.90039523067247","0.623636968711956","-0.817520445701838","-7.58372659132765","4.71247294907335","0.140755145416267","0.944589034315691","-2.862465050503","-1.59933133563277","6.30078445662576","-2.00400779803762","-9.78648511991022","0.845733615095114"
"Random_Index23_13_0126","-3.0988426885981","2.09070827681777","5.52935021738484","3.09518427090063","4.76051535795375","2.11158370898861","5.1549148409538","-12.8165530644368","-2.88028528276224","-0.030811905177569","-3.64141454837435","-1.06241308813246","-0.496043612628594","6.81743178225369","-1.26904833981487","3.03468721710453","6.17054449252208","-4.73417174876445","0.405086268973742","0.886734903529787","-4.34572738292462","6.76229238558861","-1.93208864874068","0.0267872905882194","2.31058895260295","1.11434283949477","0.371876977496012","-3.66180105963661","-0.607634223120178","-0.852546916415153","-3.86798505959869","-3.05394705203834","-4.07314380839882","-3.08515678218449","3.08130247641167","1.76430924706382","-4.3050675462718","-3.21026602207235","6.87701440257093","0.154659341541664","3.19073433788135","1.520507538603","-1.22619649506339","-3.53072296612074","0.09013214590474","0.952102317462087","5.01791508968677","3.17895464990291","-1.8342543045599","-0.64804147486472","3.48659894528045","-1.24173954933872","-0.709539059394013","-4.37668050640427","-3.58687927682558","-7.05266838657108","-2.08522173236353","1.18332085317949","4.96741612271504","0.999918212046292","-3.11070755003133","5.74272546154304","-2.72409874132663","3.62879015960528","1.15602325490206","3.2502262927843","1.60613294978981","-5.77053724419667","-0.867630355774898","4.32598538277873","-0.109734603072345","6.45483377788105","3.1253411263985","-1.08929437987228","-6.82010092355478","-4.48862000504803","-8.90943479437744","-4.01626843731588","-0.40212858373225","-5.18103406326239","2.3330959098644","0.253491657132608","-2.8990137193138","0.768339782335938","3.6265742204415","-6.65415075637325","-9.13976096442984","-0.735841109526395","3.35312777268419","-5.78718191048013","-1.16678848786385","5.30394942986492","-5.04897353490612","-2.24803973348001","1.41826116218536","-8.43547617042515","1.68006299578867","-0.340725768125541","-2.36693883082755","3.47774544734245","-4.98557056880095","2.83571654974532","2.79800113791665","0.835179307818787","-0.777810334593144","-7.50685622206399","4.58818611023286","0.414855310602991","0.76285180617632","-2.53245957917371","-1.61293722168892","6.15943906941992","-2.03553147745469","-9.50789243211484","0.921137936052158"
"Random_Index23_13_0127","-3.22471534656341","2.19026472272041","5.7129611433438","3.20725949548561","5.0091822120224","2.04098178075929","5.21988229335679","-12.9928557224711","-2.89645927753706","-0.429770257029253","-3.87038397812346","-1.34479505283623","-0.695331732488669","6.96556009270936","-1.59372530856396","3.13240516988506","6.38993904039568","-4.72160811406676","0.0960472617608381","0.818559720376848","-4.41831249676581","6.94113368939769","-2.11699637946742","0.0971007064443018","2.3594795632595","1.04891437895729","0.364058017830677","-3.86429728354392","-0.586268366658745","-1.11176474223203","-3.90106679062076","-3.2287315533459","-4.11219210311636","-3.07387197695327","3.23863761873666","1.54522674190426","-4.1871159712609","-3.05133970115543","7.00654730544317","-0.0317999880363522","3.33163761642099","1.27535134846346","-1.30106949501522","-3.66003786815669","0.176028031649202","1.1774293996617","5.19238448462255","3.42940839233197","-2.04634882966105","-0.543858024496851","3.55619164696415","-1.55854028851332","-0.85779239084408","-4.52898162051497","-3.60551549210716","-7.23305553362757","-2.10688562843192","1.23698868445809","5.1453950468239","1.10868269007223","-3.18975183907815","5.91150056176105","-2.8984567770982","3.71518635149185","0.982226207971002","3.46908340655675","1.51606672811393","-5.88529152625262","-1.07012144260533","4.48810080904709","-0.132408117984995","6.59496025990912","3.27054701986247","-1.02625510798929","-6.77573078447752","-4.66732602961435","-8.98457769165548","-4.03788581999488","-0.481824831212082","-5.2277613278003","2.54125318722176","0.169237829929764","-3.06493100303081","0.881057226206325","3.78533522019426","-6.81470173413885","-9.28234066163335","-0.901221669241783","3.55823460876384","-5.53893958245474","-1.05045180876834","5.399166378505","-4.91003627195606","-2.20976689363109","1.45709622917477","-8.43066197291034","1.67842807870783","-0.513212889622627","-2.29583742201538","3.55273158788249","-5.12394503359973","2.99278181152008","2.90402608298062","0.691222183696465","-0.741694638995809","-7.73631536168337","4.80142584013842","0.199754073692321","0.874993351747022","-2.83012718168706","-1.55671625048919","6.44586780863932","-2.09815644485204","-9.6847589719129","0.820597906475667"
"Random_Index23_13_0128","-3.16564832484823","2.2919193561453","5.61453855501269","3.33511117398475","4.92315591049896","2.00335142165389","5.07936680860743","-12.958002061532","-2.96245694118647","-0.357234632505657","-3.89967446117772","-1.24524616684263","-0.751400840918658","7.03101298840556","-1.54093233512106","3.05359999302167","6.43155540105591","-4.68705878944063","0.106954251272216","0.880123720133099","-4.33329570380531","7.00014130778104","-2.14053093397365","0.0530391269809997","2.44323803129004","1.0329502199182","0.348774157391293","-3.90098355973149","-0.508166322795999","-1.18849412888825","-3.96241086136422","-3.19311282195042","-4.17027411036483","-2.96424213485954","3.15025914165887","1.61048854486199","-4.23413246327484","-3.08556309669229","7.14896099507443","-0.0226875460048508","3.45980419878315","1.25667076387862","-1.36107645369791","-3.74162167417128","0.252305586386318","1.11235416425067","5.21405273092024","3.45105735637299","-1.93057011115584","-0.468580983887323","3.63210792205991","-1.48867463197437","-0.857771122514173","-4.47961863497461","-3.57592719894351","-7.31616881208811","-2.07348490561838","1.15198417018758","5.20594546643375","1.12623438998494","-3.23511904564795","5.96610203230236","-2.86581815243171","3.81153453624583","0.994381384835495","3.4160177876095","1.48725535435336","-5.80947314734962","-1.056522645443","4.48051308020618","-0.150335185103894","6.76846044552378","3.37077871649601","-1.06664783105649","-6.92819909074042","-4.62598998693124","-8.96360506986121","-4.02979330539845","-0.587702738858315","-5.0497845983147","2.63841314402126","0.178527052315309","-2.99203008910897","0.92203102936217","3.87308257542412","-6.77261792864516","-9.43556881903034","-0.922515100785712","3.64995309220029","-5.53480870759865","-0.981652073900185","5.41171903597922","-4.94562928655152","-2.25302439756575","1.49926054590908","-8.50026827667184","1.70900249143574","-0.498992052596583","-2.32846943651746","3.52104230891975","-5.13950934104173","2.98160592242837","3.05056901527368","0.692296006392272","-0.755527082026778","-7.66849688844659","4.86823550301377","0.245864932003955","0.801895628108148","-2.72466764047454","-1.46080776825809","6.47132308122161","-2.1181025054904","-9.71268246026632","0.898196279352587"
"Random_Index23_13_0129","-3.16160494664508","2.23600074578407","5.70183710582907","3.25470221615049","4.96581074746887","1.98823650936132","5.07610399859178","-12.9222675440629","-2.86254679150174","-0.348486141840925","-3.81001878752118","-1.23817063299582","-0.644338723951499","7.00276739039788","-1.44806527648907","3.06763175142535","6.44430410022582","-4.77160020067559","0.183580101096379","0.861414759752784","-4.2667086973444","6.97966010553924","-2.11053795546326","0.13405494783991","2.41018006568713","1.05860364862712","0.355494124906362","-3.86368296628807","-0.553494854187704","-1.01706649515606","-3.9154421158741","-3.2007614183384","-4.13789768042676","-2.98279428313925","3.20535484019181","1.5994000450147","-4.28776213625661","-3.15799092637765","7.03387811617977","-0.0297887935109942","3.44340057480233","1.28464018267014","-1.31689775990951","-3.65706624774532","0.181715633656307","1.0191965838185","5.2740541466526","3.36028629392764","-1.95635507495163","-0.470461913757671","3.59950687798292","-1.29406926434304","-0.762494268187225","-4.52238026513506","-3.66995222381878","-7.13162351658788","-2.11957584912908","1.24609871902809","5.17635755229302","1.19034005158601","-3.23761571038777","5.9737502643529","-2.80339536761683","3.80400550986663","1.05233043682667","3.46434064649031","1.53082915482875","-5.81980667254766","-1.11929986879537","4.52455955321207","-0.192563674791927","6.73754163844924","3.33125516194938","-1.10545927175906","-6.91409007188461","-4.48410238915614","-9.01644864917673","-3.84541840729333","-0.423381175827137","-5.20647527015987","2.54294614058216","0.153616193666399","-3.04158447137964","0.825572039650206","3.73927542133639","-6.683860461392","-9.25405667167849","-0.845544994054434","3.59921027274381","-5.66107113153527","-1.06961407521242","5.36263570505793","-4.94227786619309","-2.26679884215669","1.43171529566395","-8.57316951860703","1.76491303961475","-0.421038781627308","-2.28986358429366","3.56952048578683","-5.11114516840748","3.01027346802638","3.02628879423852","0.702586472431217","-0.846648854222565","-7.48156531272821","4.77589241321797","0.214876031694639","0.930057187112214","-2.79109067215771","-1.54126376972134","6.35124222934813","-1.941621556382","-9.65099062599924","0.775745592764298"
"Random_Index23_13_0130","-3.01741129044535","1.97383185083713","5.43314713622417","2.90736149959591","4.62064036233565","2.19228124079654","5.28389996145384","-12.7733499135154","-2.58767603610775","-0.171777008165865","-3.63111510052944","-1.06836467262939","-0.490376348339757","6.68468400529301","-1.35246424033206","2.99688998229633","6.18434361280039","-4.53390238407734","0.431593279452089","0.74594491653891","-4.31478711173862","6.71215784907977","-1.92872932436728","-0.0752468131680899","2.1973204228206","1.37351963369646","0.373859790711271","-3.67662217336824","-0.619110988209064","-0.848651974640906","-3.64812000194169","-2.95233225146912","-3.89320008581138","-2.97308914427117","2.93539219083893","1.71944043799899","-4.07026352154911","-3.05889466036219","6.93205704742767","0.2266738296788","3.15083586921475","1.47173012706386","-1.16379005511064","-3.46484188686119","-0.233758983973907","0.852817831471142","4.87567601169407","3.15451558087573","-1.67097139620013","-0.840510751497974","3.28822571907182","-1.24790072207751","-0.512762994170471","-4.48274093650004","-3.37406604444839","-7.03690216634258","-2.19241719286403","0.892188464968567","4.94316720504088","1.15855827671716","-3.01774784325271","5.70136354691779","-2.8657760541678","3.50233809825352","1.24208651854321","3.18523474424975","1.87153908863633","-5.59591105274736","-1.11226794635689","4.22596011335313","-0.113061512464038","6.4614023884055","3.05271560116434","-0.992214827118022","-6.81519021477197","-4.23615306833693","-9.13395294287287","-3.94387912422875","-0.309188375909435","-5.12694842806846","2.2493903369356","0.315304345631547","-3.0123650174834","0.474488796950403","3.41088352746189","-6.6405682907941","-9.01393821279873","-0.604183527409498","3.34508385474459","-5.56139758259785","-1.3488519879429","5.30497496696931","-4.96384827659631","-2.39014565303043","1.19300190014069","-8.38914248485654","1.59024088940837","-0.199406855659772","-2.24882788000626","3.22827822710572","-4.96357922817832","2.71161181507283","2.52638855663972","0.850216580380698","-0.490117889296772","-7.5982851780545","4.46502568548731","0.326949234592451","0.780122458673463","-2.62294354905214","-1.79730534245399","6.10644872374442","-1.81651974468661","-9.66941168695107","0.876121226824767"
"Random_Index23_13_0131","-3.1480851753657","2.19590399193844","5.52886368868149","3.15250481674476","4.84718815469135","2.01285040071053","5.10094263942021","-12.8639142151386","-2.87936629197137","-0.267828496894061","-3.73051931037618","-1.10116094067547","-0.608541001041824","7.01925389003326","-1.39231565168991","3.12881860580611","6.38112636800491","-4.66779189321992","0.254121942605215","0.904111318259936","-4.3150455524576","6.8763349814241","-2.03351664929822","0.109791995918105","2.25765540848448","1.17661722160304","0.393664821346075","-3.78911732418451","-0.595593357117401","-0.963853108575002","-3.87241947651042","-3.05237107876328","-3.98830993147102","-3.00319387089455","3.1612601057889","1.61579479397572","-4.23923569804278","-3.22761980730565","7.0412175042945","0.00647617670271889","3.27280987953181","1.40679986678584","-1.23905171578634","-3.56744213952407","0.0333868273671544","0.958958127476334","5.0582951300577","3.32981513114785","-1.97566063602254","-0.612793771759972","3.51132322423318","-1.27039224930827","-0.666381025024371","-4.47452951688196","-3.52057521613284","-7.17897752793615","-2.08190644193367","1.18188653779008","5.08446129101846","1.09848236902154","-3.17592413817823","5.84885882164513","-2.90535287439151","3.72996007960167","1.16517663061843","3.3810407479076","1.65426653381313","-5.83444771829341","-1.02232200925677","4.44286731744234","-0.230710357788127","6.62846695882311","3.12911490891086","-1.11566908419857","-6.91108672405884","-4.49528448519553","-9.16236719459364","-4.03908457717742","-0.400451250199347","-5.28781852844601","2.45500985980979","0.140894238063294","-3.12769319199886","0.778706826065487","3.80879260863374","-6.75219547088628","-9.15728573881446","-0.743142587400647","3.5002103092121","-5.65526067336467","-1.20717763437277","5.35098041430689","-4.90940057201707","-2.29215640335114","1.40012058275072","-8.62013222557059","1.71681201277818","-0.353529556715153","-2.2601496131875","3.5087273908718","-5.03697914361816","2.9635244855486","2.91559327789772","0.706280681603879","-0.814042396615142","-7.51311365372142","4.6654693199911","0.219416399708364","0.724668134442734","-2.6452349521612","-1.6689412081829","6.30104379273309","-2.08421714881138","-9.58888220496743","0.799325855756147"
"Random_Index23_13_0132","-3.15938951770024","2.00610193005898","5.48167947996166","3.05758958674896","4.79345273143192","2.18484183091709","5.22642036097229","-13.1032185339171","-2.77849443799741","-0.177274413964137","-3.71771257486331","-1.08737792136736","-0.49373817789807","6.75335507482972","-1.40320084371628","3.04561630896216","6.26422791213935","-4.64333722760449","0.231427546229891","0.743806552759128","-4.39483657873202","6.78821396678427","-2.02814164798526","0.0191392306268982","2.26096681074884","1.14325917902713","0.29825474302569","-3.68677844367105","-0.702414893465303","-0.951161839625868","-3.84392868193999","-3.03334038602144","-4.07274084731657","-3.07749757661667","3.09585401500158","1.77218318701001","-4.28971495773892","-3.08146434489102","6.87111948836367","0.0932722252691538","3.24854108210362","1.43506164036261","-1.16532038625126","-3.43807746447597","0.0214948911063964","0.957604595233989","5.04384381542531","3.24549811812797","-1.77565239283354","-0.619250235431902","3.38497917971761","-1.29883532584348","-0.719576122607804","-4.49783961212932","-3.59911146080057","-7.17027394522685","-2.25827869675507","1.15214090654549","5.03124425385824","1.07058507796242","-3.13261691415446","5.76479311591782","-2.82699294733986","3.6558501114003","1.18665127021353","3.30582316316483","1.56643980591984","-5.73417048554171","-1.06850018827978","4.29618840343844","-0.172188708633865","6.52195307454407","3.08217252622676","-1.00875425864166","-6.8302231343913","-4.40359079227288","-9.04577306341171","-4.05774666036762","-0.331331747753715","-5.22989300249791","2.3725892868046","0.145733516768595","-3.01693103087192","0.771444537972441","3.56370680022581","-6.64525385484219","-9.28754536273037","-0.737572982747589","3.4550068334722","-5.70669973207814","-1.15908596282861","5.26448431500224","-4.94099554997989","-2.28875324198547","1.33176664792704","-8.45156205224701","1.65838652228061","-0.306936053104351","-2.31079602590577","3.44408311267728","-4.95262078537977","2.87609036708482","2.79227051935214","0.83689778525374","-0.65448198853671","-7.59521218880308","4.67608386754831","0.320913750222506","0.865687407068161","-2.64659333286018","-1.67115791508878","6.17622087131314","-2.0063627507628","-9.59103014499929","0.856435058710109"
"Random_Index23_13_0133","-3.18876044738213","2.15116080685008","5.61399690912409","3.23772184625527","4.91559879082791","2.07060062145849","5.12699053209709","-12.9261041477966","-2.87372414898486","-0.38081118516615","-3.73745014678855","-1.19821487881135","-0.642898553375653","6.90579725269682","-1.38666744327382","3.12330629973692","6.31378169947465","-4.65417564822174","0.246972431906334","0.898808639869742","-4.32206975997291","6.92396393893208","-2.02902419483096","0.0941200358723508","2.3438346650492","1.1306367629402","0.391720618785092","-3.78182704349962","-0.591402773530632","-1.03218686260119","-3.9468006415003","-3.1605551933608","-4.12925121063419","-3.00354983461841","3.08395388608926","1.69579955840524","-4.29748350807243","-3.17392146447606","6.97514717400384","0.129066116677487","3.32646661649371","1.37025848878178","-1.23327380854832","-3.55392001881793","0.117057451768259","0.996948425768882","5.1070870660491","3.30014867331829","-1.88791650451371","-0.57528028372764","3.53883001699905","-1.33609348531417","-0.814226761744933","-4.4746648263091","-3.62341537951897","-7.12473899973124","-2.0979938211334","1.12237372708966","5.09405637387037","1.16111617376736","-3.19140298105407","5.85743650886578","-2.8781349666713","3.67108223497489","1.11347546429753","3.35168565218796","1.58186008361978","-5.79148490313797","-1.0689725380586","4.4554510044373","-0.194682398867856","6.61344087365524","3.206024207436","-1.04050192121043","-6.82279617042324","-4.43111136431783","-8.94728041433296","-4.06103285124661","-0.392439995307087","-5.1553523730037","2.42950459655179","0.21913252858519","-3.04727333973598","0.860183299745176","3.76727133977647","-6.66662788298835","-9.19026380816511","-0.783387898727413","3.49166645749908","-5.493422138014","-1.10653775751557","5.35845706760769","-5.00634210379516","-2.22883710988175","1.45311801383833","-8.44790756310483","1.68819733958877","-0.40779057049421","-2.31747358004304","3.46808062009409","-5.07441702179767","2.9434006479512","2.91001705751601","0.810160132420735","-0.706470015171974","-7.57856026317182","4.68205044558839","0.269682566423169","0.841423803836455","-2.69045934226558","-1.61803752848066","6.27269799993895","-2.05333555441457","-9.55785296238102","0.872591405923128"
"Random_Index23_13_0134","-3.20457745505351","2.28892034288396","5.66033251057856","3.21825508284368","4.87662225859263","2.01514338403192","5.16799800649687","-12.8763823994585","-2.83449112625135","-0.317409061978502","-3.72596497766583","-1.16940598443345","-0.699419054891426","6.90607664805235","-1.42355876267637","3.04529193238809","6.38698340724842","-4.72279226828014","0.194824708327444","0.882447229847704","-4.25594676509911","6.92638511603054","-2.07428570536991","0.0740442176485987","2.39056961598753","1.05069530698949","0.283652798136824","-3.79184031827039","-0.576108723447397","-1.08208273553766","-3.8819523548995","-3.14587621017808","-4.11106944379583","-2.97035306934764","3.12490411502228","1.52089605209253","-4.19876092963672","-3.11418821778225","7.0520160537747","0.0429727724762431","3.33962094750324","1.30000362000185","-1.24222620909812","-3.61233940803744","0.144579918411723","0.966865363622119","5.16257129457246","3.32920686103741","-2.00547708522264","-0.563776270367138","3.57360717685097","-1.38246031278698","-0.774229717338446","-4.56602266713673","-3.58659293457782","-7.1448813873912","-2.11487941791597","1.16157433099944","5.13826999974562","1.12727585099036","-3.17920020057073","5.87120976500424","-2.94907370843912","3.75645333519842","1.02261648341869","3.41636699161548","1.54745064466752","-5.90165622842078","-1.11390006487472","4.55983853297581","-0.181646435310645","6.65950866863748","3.27711013115039","-1.1633423921376","-6.90255323476551","-4.47820630775312","-9.12044337317435","-3.9993051695472","-0.418386819617575","-5.19470651246364","2.46416054193306","0.14101372905137","-3.10238510252477","0.734514332859664","3.75689156559513","-6.79181745104179","-9.19681801324967","-0.819869735171374","3.60078202127535","-5.56854016575273","-1.17321974909087","5.33419767289935","-4.80537381279716","-2.28668227464665","1.40019884258818","-8.47331062551901","1.73034184017506","-0.503258288894799","-2.28531286841991","3.48515998063266","-5.13234894506508","2.95072170637519","2.94218097253025","0.695247731317965","-0.725107540340794","-7.51756615664426","4.72934990622882","0.196048110128297","0.876948645657006","-2.76546978157959","-1.48344516592043","6.29527303041152","-1.99017236950689","-9.75774031168921","0.721474211398084"
"Random_Index23_13_0135","-3.09197301081111","2.30279609483323","5.69722611490102","3.25952851786327","4.92306732618892","1.91474456498059","5.15253887646427","-12.8538701698122","-2.81384539462504","-0.370536591420096","-3.79580301585083","-1.27213149208271","-0.766841293293635","6.89252230193122","-1.5343738255924","3.13159757821634","6.27713485539714","-4.7469919634969","0.177045062298183","0.941605344442785","-4.30775834155191","6.88992294509023","-2.16524647129885","0.110089197171263","2.60290942908195","0.992464101108316","0.404417066788596","-3.88699275309136","-0.498701905762656","-1.06039370625619","-3.90146165815317","-3.21482960756623","-4.05222067484905","-2.84756753954576","2.98651336293704","1.63833693409604","-4.14533255785827","-3.05765745902617","6.93875109089486","-0.11587425639597","3.42365875880295","1.24711565677416","-1.2910069099506","-3.68163331416999","0.208425120282008","0.965881069321522","5.28094980605538","3.38731043831651","-2.00478084803012","-0.38479467527297","3.60493191879355","-1.48736438624101","-0.80723150188036","-4.58877501055737","-3.48567368728933","-7.10107248993815","-2.03473666613889","1.0141513632404","5.23694419798974","1.13119555264395","-3.18802881903278","5.95958216745914","-2.90693584009353","3.78531472534639","0.911309903726605","3.26583283131446","1.50252937070992","-5.7588546842402","-1.0701096323135","4.46710681023087","-0.212180869708455","6.56664238724599","3.36941038187029","-1.15964905906041","-6.71370520350654","-4.50174439646749","-8.80644861298607","-3.8065805523441","-0.53958235906817","-5.04628358435119","2.53021922333976","0.00442185047838978","-3.15515569845449","0.871672887779748","3.77534843477953","-6.71125494870964","-9.23400933656461","-0.890457025733091","3.61797565921799","-5.67887703692068","-0.918224428351524","5.28490345303103","-4.84805116354522","-2.15611732439216","1.47769159293874","-8.41108546741677","1.74527197350932","-0.409491264545564","-2.31756898359711","3.32694499830143","-5.13266498298585","2.88326926237551","2.95107951538546","0.559878961508791","-0.822416777546763","-7.39173534905149","4.80405529065577","0.131377927562944","1.06734046360954","-2.59537619823009","-1.45526026540763","6.41769260622168","-2.05628100786093","-9.6295904284353","0.744997404530587"
"Random_Index23_13_0136","-3.12944188744012","2.15082314788838","5.6497542618423","3.23654400850691","4.94614500327035","1.99242088000978","5.15716506021657","-12.8867829481455","-2.82257420319945","-0.322852168952863","-3.75240881689665","-1.20818389168615","-0.669646101475565","6.8242299173882","-1.49167500395417","2.95445348012068","6.32391686395171","-4.66045388079023","0.134443335003817","0.695956076369532","-4.28070898998694","6.84066757572944","-2.10851903857568","0.070886680354882","2.52471566399954","1.07872074928068","0.228771251838863","-3.80959859891876","-0.568487327988102","-1.01091516247522","-3.8775973106384","-3.18703300759018","-4.17541066284769","-2.98192718870268","3.06446004847763","1.62026636453881","-4.03515403075371","-3.00012248216412","6.93477720328604","-0.0986190440760857","3.3672607624638","1.26329060907381","-1.33287709022777","-3.57118019218896","0.143459415791305","0.951964504579422","5.15873104875758","3.41374244216779","-2.08836270291046","-0.370329885985033","3.64059256200379","-1.31273468316911","-0.825682635260476","-4.54070645453888","-3.70044706318787","-7.04043964830793","-1.9989070473984","1.07818209672432","5.18210805135519","1.11263038126853","-3.00325813906792","5.9176053704313","-2.76447233671197","3.74882090130991","0.952948768653519","3.37431959383643","1.492342925819","-5.92680842176047","-0.966225698623568","4.44716680666306","-0.230349755658994","6.6042319416322","3.35218050894918","-1.11978042266132","-6.85517931488033","-4.54473078872276","-9.06270012077511","-3.7697394402302","-0.451979205303463","-5.07862067139391","2.61842224029626","0.0499262220554683","-3.00517814047634","0.763835986818039","3.79111572260707","-6.6316972002386","-9.13732707801638","-0.834899354411502","3.55718799331985","-5.7358609560047","-0.928693879914309","5.21019836563307","-4.90210636532169","-2.29274738781125","1.29405338622971","-8.56965239402709","1.62748131478759","-0.459608612915247","-2.29163380034788","3.31468945555173","-5.13255750088784","2.87808252091305","2.98919059538613","0.639539657539948","-0.826619336143757","-7.46643443541341","4.83444054770519","0.16814153323352","0.989784133334277","-2.75256634609067","-1.49516976503848","6.42635116297232","-1.89896404988872","-9.70978683330535","0.813661123029497"
"Random_Index23_13_0137","-3.15929064398459","2.11776696060978","5.54328110209134","3.02623687073943","4.88231827794306","2.14101245227858","5.1761515972038","-12.9688888056676","-2.90892697304322","-0.187788589448118","-3.74433032432792","-1.14199258291655","-0.584350779313449","7.05591838881146","-1.38585426300879","3.18137876755376","6.32759881966141","-4.6859113207721","0.358591847220795","0.910726615818072","-4.50803257650327","6.92114651367457","-1.90858665315337","0.090204810236307","2.17565821713143","1.2450798933062","0.445618649667788","-3.72646055282469","-0.490188493098955","-1.02154655844941","-3.93531380989824","-3.04978794287197","-4.06989000283696","-3.14276107023087","3.18574747070505","1.81467025772539","-4.39434848392059","-3.30204638544428","7.02722644130275","0.161038106737205","3.25651439145763","1.50709678756345","-1.20528103103946","-3.54740996331988","0.0980588883481014","0.895487869990924","5.07660094540818","3.27593903796107","-1.92629434898548","-0.737086734175381","3.51409817064412","-1.30368173235375","-0.689681057155293","-4.60639833619641","-3.60184510523526","-7.35086000020432","-2.21029945844236","1.16325049579465","5.16536640656244","1.12851809647444","-3.16184388731134","5.88286171746558","-2.98762309501655","3.66223322808049","1.18704867584322","3.36792993745634","1.73170422331874","-5.83253426425007","-1.03431788744793","4.38665561653217","-0.0785103675681708","6.68629695660581","3.1166792835529","-1.16666856739553","-6.95046996187101","-4.48176245324785","-9.10498252635526","-4.19069378042716","-0.483885560081624","-5.38063920169341","2.37597564809311","0.300757421501811","-3.11656771141672","0.819003600128483","3.81450761472742","-6.75814009513905","-9.24958575379456","-0.714708015626514","3.43131040734323","-5.84273056870247","-1.2392280413158","5.38785399628696","-5.06755701844442","-2.24219489264682","1.45585314008833","-8.45414299140569","1.70397233391182","-0.374578097370289","-2.27664780994283","3.56697539271663","-5.04773310470346","2.9699474787588","2.7959343948586","0.923493882451714","-0.66246330354999","-7.85980056610415","4.61902084700098","0.370249990692427","0.684371777802837","-2.79752733361763","-1.81027169576247","6.23179331506871","-2.06050061405609","-9.7041726243503","1.02812245521574"
"Random_Index23_13_0138","-3.06312845610771","2.19590040851404","5.71567040578767","3.19524299502074","4.95203925266137","2.08927854804661","5.11498785154331","-12.9327796577613","-2.76611038364541","-0.358101338374256","-3.81768872803375","-1.24231983996051","-0.655719602191758","6.91922046692573","-1.44516802740822","3.15871328482366","6.32396928582228","-4.67280491661005","0.223466311189822","0.9885238901161","-4.20019942574392","6.84977107689666","-2.04976403759688","0.16682046306192","2.36619063283801","1.12433828706977","0.492549127604127","-3.83319048194184","-0.514903221037431","-1.09701362482712","-3.91858922038475","-3.21551004479618","-3.97134961401465","-2.97512524705351","3.18231663118406","1.63953404316442","-4.19792391257324","-3.13699234847482","6.99761780764748","0.00868806577982096","3.33887243792454","1.36135809298036","-1.4205306571774","-3.58984362136481","0.117222066144357","0.94000831371399","5.11979375593422","3.2683950265867","-1.89026939473132","-0.53392412446254","3.5217683642616","-1.43604810382802","-0.802207097601603","-4.661118790077","-3.57619155643381","-7.18091803646541","-2.06396545581165","1.18832719820088","5.14481196074372","1.20251898699496","-3.24342633541978","5.88673939616292","-2.95489266102465","3.64559286209351","1.03835674348079","3.40909225613486","1.53885113670014","-5.90482077163096","-0.957568700810633","4.44530275323672","-0.0843157468741692","6.57599543244434","3.19248524838261","-1.26486250437306","-6.77360809917119","-4.49833402175582","-9.04865512327213","-3.97167065690665","-0.482668679925455","-5.08785130775442","2.44280257503176","0.227418035200389","-3.0471828630158","0.901554193385007","3.75622808352148","-6.74671263569087","-9.18737896660845","-0.892704385470176","3.52398345240412","-5.49574727297777","-1.07437974622439","5.45578474688322","-4.88963102036663","-2.22241533241512","1.40677271096754","-8.50576715770233","1.68486577333879","-0.345466587411013","-2.1819037887384","3.52292632701459","-5.02548104926658","3.0774526708413","2.90786237731485","0.777954792334575","-0.726118366913094","-7.62948396177502","4.63656768907011","0.254891361182198","0.76443822901309","-2.81685208410071","-1.55557600734997","6.22778086986541","-1.90461609575229","-9.73013251621756","0.890149824730445"
"Random_Index23_13_0139","-3.06953438167771","2.11835797994968","5.60170431955895","3.14414143545766","4.8252359077828","2.21007439814139","5.31113119707475","-13.1401441920638","-2.76001851196561","-0.157452574062928","-3.68288114496699","-1.17049421645697","-0.509038196786073","6.92454005832293","-1.22921364506839","3.13957687361909","6.3563890178438","-4.67293340085652","0.317854393509765","0.854706386743203","-4.43972097161206","6.8018313814666","-1.98060056413229","0.00176234597130913","2.34871250147834","1.16268616422932","0.337030964648915","-3.74083530198222","-0.621741783940454","-0.941696346462568","-3.8461145461677","-3.09509882998464","-4.08518492443445","-3.03079597198205","3.18806928555353","1.72062652951629","-4.23625571693388","-3.24234510779352","7.0067097902824","0.18517046088684","3.26497743982896","1.53249943646588","-1.33773312971525","-3.55622085968229","-0.0056397304331411","0.92980962615587","5.10484057775105","3.24485983943518","-1.8076309230032","-0.631535325137976","3.48084119941039","-1.30069321736708","-0.647334030190425","-4.45899408539518","-3.51476680308009","-7.11939207206415","-2.23176938450076","1.14186085355766","5.1033010404379","1.16049307405125","-3.20103830130589","5.80671157851816","-2.8237893814912","3.61760600341374","1.18303872166308","3.52069810375281","1.73581309238303","-5.78362841522289","-1.1537259934425","4.35596710492329","-0.177609422574334","6.61255833140995","3.15585223834186","-1.08069195734748","-6.86125390987691","-4.42836638366209","-9.07861393460813","-4.04793108265526","-0.321119631491379","-5.12545223321475","2.40134223266678","0.389496672088451","-2.97796532011433","0.880449558369472","3.69575166202698","-6.66949475947063","-9.2965245521437","-0.698670312763659","3.41611817181963","-5.60449274435509","-1.18451731014635","5.31800891082236","-5.0152714256131","-2.25812210857638","1.43303082155709","-8.34401583905013","1.62874979174064","-0.265849970894744","-2.33557602596738","3.56931126179265","-4.93602891413123","3.170525893655","2.80166792036865","0.91394279045944","-0.653176074872854","-7.68051139283243","4.70207038423694","0.434306965685536","0.808947245376198","-2.72605751396802","-1.67033189844893","6.29377166174707","-2.07088688545938","-9.69308325446874","1.07095464920944"
"Random_Index23_13_0140","-3.27092906249711","2.24937058731182","5.64305060290502","3.13407534221685","4.89926061408583","2.10310392871785","5.19720635852778","-12.9060678642343","-2.94937978481451","-0.37651594326219","-3.88911426868457","-1.30579003676947","-0.69665210317209","6.99940649832245","-1.51230425018652","3.24353477958127","6.33567374428086","-4.84994570120537","0.11884052358283","1.04126537623479","-4.30133361975837","6.96509072963611","-2.03886374904358","0.171278436905596","2.3122810012528","1.13706773575074","0.460543460788719","-3.83141735745188","-0.585338656270051","-1.1164307666157","-4.065978422648","-3.17102908345725","-4.11452905655797","-3.0997763310052","3.12500467043391","1.75283942887402","-4.30970752681096","-3.14079075731228","7.01408029161706","0.0229421235289894","3.42279452443176","1.39478630270162","-1.32668972054499","-3.69596243578254","0.134773035701391","1.12530240067274","5.10560768368744","3.22113853176529","-1.80475828061999","-0.646421533738684","3.55054303327249","-1.34975720570859","-0.799694763020471","-4.40439496425579","-3.5774538618036","-7.3219013087634","-2.05646303257927","1.19539710176845","5.10414320124494","1.24558265553075","-3.31921980518472","5.8437216256874","-3.02280551029291","3.70890276336924","1.10133450000245","3.35219105186398","1.65201352675858","-5.74741104349054","-1.23558685714358","4.52787712757698","-0.0696090218893966","6.62933385958574","3.18701480638505","-1.16750959095238","-6.96312280450327","-4.55499460788139","-8.98974259556793","-4.04523216832749","-0.462998939723731","-5.30817442337809","2.37845802847675","0.318782551511578","-3.05445557650388","0.830531487555291","3.75360213717794","-6.8626920350828","-9.2282393084625","-0.847180142409624","3.50173474299035","-5.59300206233615","-1.2387514525566","5.5998625885591","-4.99044053477082","-2.21335267865236","1.52798640959911","-8.50966447494364","1.78009922302849","-0.508427104358007","-2.13063062654142","3.53070509092778","-5.17419029720114","2.90475202131969","2.83457386233385","0.798645452955051","-0.656101926855803","-7.65592406319598","4.65031011659417","0.260106929536697","0.777066111810826","-2.79397534438846","-1.64827972387858","6.17709308625029","-2.08977622377248","-9.74014898729776","0.982124285612886"
"Random_Index23_13_0141","-3.08295305010653","2.15900320807498","5.60446956718782","3.11621772291421","4.99533574679708","1.92952812627259","5.09093615872659","-12.8596481648893","-2.88572152009405","-0.292517850219421","-3.70493266581121","-1.11843871090528","-0.549871988272203","7.03468599410164","-1.38541760944666","3.22126356012475","6.36658925494511","-4.7961364399418","0.326475646334484","0.971615010500752","-4.2332548074976","6.9599567352763","-1.95239056684949","0.213051532124145","2.19791580359816","1.2548972009905","0.624077464361303","-3.77121093879129","-0.42255280148961","-0.969993361505968","-3.95281698545723","-3.01581029873555","-3.97057989005637","-3.00654581529392","3.07310969070601","1.79288675649635","-4.31342686512252","-3.26901297252903","7.11776683985392","0.0281531980290558","3.30104942972038","1.44909709335345","-1.14638109333312","-3.70157270027472","0.0321739070253215","0.998036343884432","5.19116319556862","3.34161765406434","-1.97461191203692","-0.707499314376675","3.59529342876002","-1.25390565258282","-0.598495965838266","-4.45731830838966","-3.39165400055191","-7.20354752716644","-2.02473292800814","1.04715503557358","5.09102239992852","1.18951868593484","-3.24883349338066","5.82761371209881","-2.99744030335878","3.70919064176459","1.13339169999604","3.39105529489449","1.69467255468155","-5.78956937800599","-1.0566812053444","4.50629853846022","0.048162990464319","6.63609361424791","3.21032903286549","-1.22290117297893","-6.96033284293427","-4.49364690812677","-9.19587792662977","-4.03361546400075","-0.453409778809066","-5.29464190895678","2.39703124845501","0.181421333687257","-3.18102685415143","0.817477805913383","3.68568290265545","-6.81278458548023","-9.20690133830633","-0.678488720928035","3.54586172979705","-5.65930006602959","-1.28320722902747","5.51074245755926","-4.97069418666151","-2.33351174077722","1.52775087424471","-8.54290297931924","1.82555103676451","-0.440992537293726","-2.23897541082866","3.47164542765994","-5.20767314676084","2.9279791505926","2.83869929988317","0.728377449668041","-0.711976032021838","-7.61319813483713","4.62643217430242","0.211789970686222","0.790635242761814","-2.66993269272561","-1.61824257833918","6.27403098088251","-2.02054181891354","-9.77518495544072","0.696700944477876"
"Random_Index23_13_0142","-3.16265558608208","2.19710076007455","5.5109527121238","3.13585181171691","4.80936887276562","2.0430991647802","5.2928373482476","-12.9973554143154","-2.74712586799213","-0.364399769046936","-3.72987154291515","-1.20716851934723","-0.668289710857416","7.02008278160961","-1.49637090044002","3.04203256013767","6.41055967290754","-4.74893079597448","0.243532171103339","0.862086930954917","-4.2866433939202","6.96732873153249","-2.10808724200831","0.112939001717135","2.29235164466893","1.10067788100158","0.485829727383431","-3.88180844791476","-0.529335654078372","-1.0329881374277","-3.8456603581024","-3.10461316578753","-4.02427090407817","-2.96978660766984","3.10064726217908","1.62221122193005","-4.22980853326728","-3.18305416696905","6.99668759305409","-0.0369118141530992","3.3493535836761","1.3469811319367","-1.24022280667323","-3.55588190636398","0.129674805827455","1.00171747403554","5.14740731501166","3.48710756964916","-1.79931042573654","-0.619035705449873","3.49523442175937","-1.33193646315094","-0.671862578965851","-4.48419415250415","-3.4793100497647","-7.098092384927","-2.15384336871773","1.09179099817211","5.21840843834247","1.45151877936448","-3.20805812280379","5.95334826771218","-2.95152067835497","3.69832581328713","1.01929384755478","3.48965339839216","1.63390703479654","-5.72648572290662","-1.10719035103196","4.46671246464159","-0.051329401634252","6.69893965050819","3.36132174305326","-0.985687026463317","-6.8919913316844","-4.48580912772639","-9.02237543015065","-3.95651360015166","-0.289610111428761","-5.14176397616647","2.42348915664558","0.0767248047912325","-3.17666799675609","0.862681722696742","3.66417288283632","-6.75512365337315","-9.16345387250086","-0.816840350808469","3.55702847597906","-5.48183257024666","-1.21681972559262","5.3203392893704","-4.86003531262128","-2.28087843913847","1.46060749059406","-8.50082920504478","1.66504184888508","-0.484301721760804","-2.25507866452955","3.42830612482596","-5.16563958575742","2.90556418462032","2.84720417383959","0.665170103098297","-0.683969107613407","-7.48934332932839","4.77791772481253","0.193734094893863","0.815320443181692","-2.74501503159279","-1.77091344478392","6.2635661037463","-1.91643761801846","-9.78729103571867","0.686572551768044"
"Random_Index23_13_0143","-3.33579800029135","2.49043555071913","5.79677672332996","3.41641595427672","5.0967842272876","1.99776845253681","5.26994424045038","-13.1475346442619","-2.9554068198016","-0.543118646790044","-3.93614869080102","-1.36738817649019","-0.807439413227103","7.09147804557622","-1.60449937356728","3.04742969392336","6.39187460022228","-4.87398056253604","0.128673008069894","0.899380773376383","-4.25411104137038","6.99208029121796","-2.15403324385472","0.0865228631718226","2.50213423716411","0.996500428615111","0.350723269983129","-4.01536278163908","-0.452414981371347","-1.32699730235232","-4.04586755413318","-3.32819261936214","-4.1932922931315","-2.77477142914269","3.23991574734514","1.51494668669154","-4.11613826898153","-2.96574029022026","7.11936102947049","-0.0461071220398142","3.58051391376909","1.24234734776416","-1.52255772934955","-3.67509857122686","0.281942440319681","0.962790575031208","5.28518926284742","3.43686990816196","-2.01266501086856","-0.525575517455585","3.81404275211778","-1.70338778648729","-0.939078940696548","-4.63846650588853","-3.68812251389588","-7.25405069765271","-2.33709997653648","1.15513130561541","5.4060756202327","1.23363141812921","-3.52400967574124","6.24202760114598","-2.95541391547194","4.107937583896","0.888144867114756","3.41997429405835","1.47633828410149","-6.02727573306467","-1.32407882343242","4.58771455771897","-0.078764895262911","6.73168577943453","3.37139276497688","-1.24624890073156","-6.72677660467504","-4.5564133964247","-8.87720229641264","-3.96616646180038","-0.736605872670443","-4.96491298394421","2.65804846577563","0.138096147174525","-3.13438211612003","0.770382098740825","3.94629642859711","-6.96729144394227","-9.36435588618617","-1.0542343492074","3.67784604012138","-5.70931968058069","-1.04095522315795","5.45027069590519","-4.6735421077951","-2.17094026277065","1.45312642312219","-8.41276801770419","1.87414516930984","-0.530112033658658","-2.38165888593623","3.57613454236196","-5.31281330682137","3.06317011613364","3.14290104704806","0.610305857925734","-0.847836079365078","-7.69616885453804","4.88344475765636","0.152826779443902","1.09888784740768","-2.97557883847933","-1.40786916527939","6.55916334270713","-2.16543922775669","-10.0109645601352","0.793829531059494"
"Random_Index23_13_0144","-3.139187856705","2.28981168191137","5.60704903938084","3.2227047168185","4.85527510518317","1.89810094576087","5.04353955419901","-12.859925647417","-3.02241543610349","-0.426035390528259","-3.77220993796642","-1.26304525481559","-0.782802504430851","6.96211753737277","-1.45452014354008","3.19355844275284","6.41554369274033","-4.71565386545426","0.11296037675546","1.07983231934419","-4.24503177892409","6.88461484451023","-2.07847226866813","0.131896672820096","2.39481107689694","1.16048432938054","0.558940251756903","-3.82432994759459","-0.455319793256267","-1.10955624658594","-4.01307839302351","-3.17814972149745","-4.00174430983625","-3.00599580575397","3.12133107617982","1.58227062791671","-4.2783242224431","-3.1079670332661","7.04151270465375","-0.000645505327976171","3.35340280961212","1.33861337052048","-1.27152342687775","-3.63406526021294","0.182310897845767","1.12379304915889","5.09014997194839","3.36757911207557","-1.96702005200113","-0.57881037745204","3.53421266762898","-1.47889162334369","-0.824126532981914","-4.37500174744933","-3.5210769313658","-7.10743667267974","-1.96309618185957","1.15621942736014","5.09466975000372","1.20143066446243","-3.33099164449845","5.81649306945398","-2.98146143196773","3.71010855879819","1.09087784134016","3.3694700126385","1.52871683102936","-5.86640498011393","-1.09442941817317","4.5227724882805","-0.111624523293911","6.6750023883502","3.19354102583069","-1.10979948902009","-6.85101682906298","-4.51678449240134","-8.93634690945103","-4.00831196056902","-0.574326853761633","-5.24181321748708","2.46097640676677","0.174549836205018","-3.15077541632657","0.806393219427461","3.70073581593894","-6.75136785167187","-9.0965395293579","-0.823710083741341","3.52257596829835","-5.45159867495583","-1.18658207863791","5.44300099262263","-4.92076298247232","-2.14709476905183","1.57306785494644","-8.42651760311889","1.7453513248285","-0.527073196989945","-2.21233692488781","3.52514460751985","-5.19974095658737","2.9455401779067","2.88870982509022","0.637544672501593","-0.744089157578418","-7.51656943675189","4.65521325403381","0.202775366279994","0.710300743466524","-2.71442890856072","-1.58650339234693","6.23114879151304","-2.08628202565322","-9.65180333564867","0.731696110115907"
"Random_Index23_13_0145","-3.23011070020871","2.20165712251988","5.53501370979112","3.15263547219148","4.74217291664436","2.1634761531913","5.23153066403784","-13.0448799276725","-2.78536373292557","-0.277245991827775","-3.73391968695828","-1.21755265288595","-0.638611520315628","6.85767997525515","-1.40974512719839","2.98212939459999","6.33964887109111","-4.61518734946607","0.232424450298457","0.77035811903651","-4.41904542809877","6.81611492679758","-2.08550741649482","-0.0680737897934325","2.41032636144874","1.06995327822484","0.254705663336118","-3.79956536556218","-0.657241757835553","-1.00027723247399","-3.81726666452104","-3.18064764034512","-4.08554203568034","-2.9874620967091","3.07799752988536","1.61814624812262","-4.21248774960825","-3.05720607076491","6.97347617982838","0.063700941301804","3.30464767993961","1.36781892607181","-1.29746227825855","-3.53406770484353","0.0761240176836067","1.01575566169094","5.09454046461346","3.43668489988465","-1.92447028707896","-0.486123319196727","3.42688125895797","-1.38678274766132","-0.791923608217865","-4.6039354377383","-3.58606145386078","-7.09510610740119","-2.2197216696671","1.10797883920507","5.12789220259675","1.12667827702255","-3.04917891962588","5.853768794075","-2.81756405476006","3.68421765233763","0.97374827648464","3.41420471492196","1.53160414255658","-5.80770844469989","-1.12051896678457","4.31309880251679","-0.337555544493943","6.60686378220359","3.30921046262986","-1.00766711925587","-6.7811402520618","-4.5253179199369","-8.98723111540006","-3.93621307375631","-0.374489308620447","-5.16774573593692","2.48242156084546","0.137467076780166","-3.00680724062493","0.889213300828395","3.71373605713026","-6.64185947359315","-9.27142286334093","-0.821397156483402","3.54657722013302","-5.61131684585372","-1.07962873709283","5.25154868376711","-4.98991710773352","-2.19977719204552","1.31613981341758","-8.34203839015734","1.58808854468968","-0.319237867241832","-2.31804268849171","3.34729625572127","-4.96489282278947","2.86018576769482","2.89609206210241","0.77024640559657","-0.677907731000003","-7.56202327882516","4.7852140018238","0.239472786520479","0.835172297400477","-2.7972974665052","-1.60896937014599","6.35733365076177","-1.99942725915459","-9.58313702628108","0.856349078488211"
"Random_Index23_13_0146","-3.09349578860685","2.13042675468578","5.63777453503962","3.3026932772619","4.85635990464487","1.95734012785314","5.03600560944303","-12.9282799597215","-2.88943740205621","-0.44931121216248","-3.76746117953319","-1.28237807559062","-0.824158761333474","6.87790229513296","-1.4942610994073","3.03885308351257","6.34755625125864","-4.63477016543872","0.179762850026134","0.844915447153539","-4.26611821638892","6.95388515167107","-2.12772072662479","0.103278295332192","2.47271379169881","1.02367045443772","0.369399439304391","-3.88402648590047","-0.589457496063184","-1.06952029421845","-3.95427810875244","-3.26244947926903","-4.16914844389028","-3.10665655084184","3.06901055249918","1.60215342043824","-4.31046432295439","-3.11517291629417","6.94515839951139","-0.0979835192590633","3.39482202353314","1.26493890564468","-1.29762637883416","-3.54843765082144","0.23427744635984","1.02023595669147","5.20466463793812","3.44805516793525","-2.06047173070233","-0.434004527399958","3.44620784361188","-1.44895894190277","-0.862406733680008","-4.44066141688358","-3.6659750905888","-7.15615271480112","-2.07375581929811","1.19648922877264","5.20068785489898","1.06450922721542","-3.15856915096145","5.93630014821457","-2.88313949004602","3.71610864817751","0.961462829932568","3.34406838487894","1.54611479865773","-5.89692127863915","-1.10693218008117","4.51073357354335","-0.311210571704315","6.59680685112489","3.2354459077564","-1.11410042758883","-6.80925728929181","-4.57287475300001","-8.95825236888312","-3.89820806552703","-0.501937382409501","-5.0496969869464","2.5577567279642","0.0717098330534801","-3.11022606533279","0.828461745627895","3.79613721313584","-6.70065194773579","-9.14066126043747","-0.850438147491558","3.57655121797338","-5.54457037126015","-0.973548738470634","5.3259399867979","-4.92267363453238","-2.18200088640883","1.49968919918393","-8.44730373304046","1.61581233537241","-0.474213838406892","-2.34636597910831","3.41119121723147","-5.12658723110923","2.90108076787092","3.01269901592649","0.625497189302204","-0.825932415369747","-7.49597039390335","4.79944997120336","0.189461860600515","0.917787586836762","-2.8427083937527","-1.58119248316276","6.41956150667938","-2.05913245386325","-9.52222738006341","0.812759344505321"
"Random_Index23_13_0147","-3.13150259796313","2.24898955476296","5.63493231202326","3.19613387725905","4.833512079614","2.03371712876903","5.19985079060778","-12.9000403149994","-2.83230479595474","-0.457390283179343","-3.84925646595549","-1.31551940075311","-0.755628389605794","6.86896257486032","-1.47530059924875","3.03090848932112","6.3243634931067","-4.68890374709101","0.0857359586030959","0.870565287965723","-4.25891470111684","6.86172542115738","-2.15617737654804","0.00531800736781705","2.43439244622207","1.01135476394535","0.35161644391505","-4.0124413432972","-0.561869565909597","-1.11324481454374","-3.88344745080073","-3.25186960057287","-4.08575376825462","-2.94893313774093","3.08791461129911","1.54484032618722","-4.19721484250627","-2.95267756539031","6.98526750354993","-0.023196728118999","3.34986313773499","1.24272049210548","-1.35264644693853","-3.62114536931852","0.107624310719808","1.09201286648906","5.1347392114849","3.38790506360526","-1.90431895244348","-0.536210589445602","3.54798584961729","-1.43543717947111","-0.795073035921782","-4.48524060418026","-3.63395048888813","-7.18028899771364","-2.01400296181187","1.08901652877136","5.27320122921295","1.18655199407645","-3.22302155431212","5.95361818445098","-2.92572397114875","3.69250235912178","0.96789458064497","3.34805230348388","1.50998393129102","-5.79957395853172","-1.25001493551642","4.40688700537077","-0.154273681404486","6.59295439355292","3.24644373428291","-1.08940602008069","-6.82378226081192","-4.53965162526177","-8.89126820805191","-3.98143146227218","-0.373570795361967","-5.11450982027275","2.52209801888404","0.0901075456515378","-3.08255246052222","0.877922906607243","3.75384561920798","-6.75032336289298","-9.24196264708713","-0.834522676547553","3.57099032520484","-5.53144476828659","-1.04433784074543","5.31979573437296","-4.87279604411113","-2.31466581846769","1.42350591433869","-8.42075095194799","1.65521828473761","-0.438671847256063","-2.30388183807855","3.39874929510401","-5.06278300967691","2.90564370449964","2.9282016511344","0.67665872413085","-0.728760701372018","-7.5380833570257","4.83244890885783","0.197737241183159","0.905688985585423","-2.77286363407005","-1.63948099149298","6.32139045855105","-2.03734544512668","-9.70749025307488","0.805188796962629"
"Random_Index23_13_0148","-3.19973568816183","2.31429313469253","5.76303381934787","3.2777118018687","4.96947460069191","2.00421160100528","5.16723148095562","-12.9686941701884","-2.85463978469945","-0.322600973589716","-3.74286160204235","-1.17037206919757","-0.666788384285349","6.94018898622545","-1.39656382186362","3.2112511268421","6.28841580820302","-4.85663199125919","0.229065040305469","0.949534885687177","-4.25130712313482","7.01006571857618","-2.1247928839029","0.259406227250779","2.36927807583948","1.17307796842506","0.460493186925813","-3.80298125807942","-0.534724127387623","-1.10429303605729","-3.95865593124913","-3.22683145078925","-4.14376412815545","-2.96260769538141","3.00918719976974","1.68490488807208","-4.26154004757404","-3.24764449752825","7.12185538264932","0.0577864060414919","3.47325697281192","1.33796831918769","-1.28726317995473","-3.682231390018","0.209337522202291","0.952005266326452","5.21541162100133","3.43842547749885","-2.01818802365535","-0.554719312574134","3.56841837702341","-1.39774534581381","-0.788506171522216","-4.53087052607318","-3.61564376070846","-7.21702739928153","-2.134455120457","1.03004623361433","5.2890159880609","1.13103483330538","-3.2992288877662","5.93221540482558","-3.05925512521065","3.77706230774355","1.08342088504006","3.29769025071989","1.61004796444397","-5.83909218523981","-1.26928184649607","4.63569199200044","-0.183593107723074","6.65918632407599","3.20031624655207","-1.09876701894556","-6.93335772010837","-4.49933492995422","-9.08522266976233","-4.0599294628514","-0.493215140100828","-5.26569097977248","2.46985335709679","0.155478921740701","-3.14438525534183","0.876683268473295","3.77506435375156","-6.8021546273936","-9.17512143293849","-0.788417815219508","3.61318396563464","-5.53577964177812","-1.12948910049656","5.42748280909771","-4.95894907883384","-2.17240133083697","1.47750569695052","-8.44853659380118","1.80458415440902","-0.47629805230474","-2.27344242417163","3.37982880206886","-5.14916686207652","2.84744781647922","2.99721374068108","0.714806810655436","-0.740261593973469","-7.54393303448784","4.69110000539553","0.257431073274418","0.803521353700425","-2.80070790936492","-1.63099803707275","6.28356916902274","-1.94758184910722","-9.6971995300715","0.767386686175021"
"Random_Index23_13_0149","-3.22106245702484","2.14179325885991","5.50408701176451","3.14813641074807","4.78441277443974","2.16768649563235","5.3267538722053","-12.9743182879928","-2.7661016164902","-0.289023407079068","-3.74506426199266","-1.25206668601418","-0.535284712716753","6.8614275889072","-1.41676921507431","3.04671518426954","6.27934446266997","-4.67426516897416","0.23497845776901","0.844674475571573","-4.40848972016189","6.76850188323763","-2.05204692886505","-0.00540127412799733","2.384200158301","1.19171192790207","0.30918620153069","-3.77390100735759","-0.59707689683366","-1.01393007136135","-3.82568906022752","-3.11788027848017","-4.08276654426217","-3.01802356440948","3.12389557872548","1.68392095352406","-4.14105278374836","-3.0872553145935","6.92486651814791","0.135770322978401","3.26845028281853","1.38255844861131","-1.31584413897318","-3.53340399194228","0.0888022738391463","1.08420068425698","5.02829081305081","3.33903099691561","-1.86177351468747","-0.595153945904746","3.46255624319011","-1.36834521784529","-0.743094136821419","-4.51673620167515","-3.57433747090415","-7.11603743434093","-2.15852797651276","1.15632274894563","5.10437928729961","1.21247160978687","-3.13340834288031","5.86320786053686","-2.81396783985066","3.65939454167577","1.0641328237394","3.35430878993706","1.6335839788725","-5.69291447877389","-1.05902065169856","4.31460333884276","-0.121843905031638","6.57913121142509","3.19107027316385","-0.913963269745421","-6.80859362566477","-4.46498292847504","-8.97773761533521","-4.00672205035444","-0.339539548737295","-5.17546794739327","2.42719724246799","0.215690540670309","-2.96049060638093","0.819234183013341","3.66068183197372","-6.67299304994422","-9.23135019471853","-0.744906901988022","3.49374314553177","-5.55351871485311","-1.08002776756284","5.35802212999913","-4.96573516164219","-2.27700776653136","1.39094874908411","-8.34487976017452","1.65392268012126","-0.352229289866036","-2.29094806024547","3.4529221571419","-4.98830954014483","2.87122773021548","2.85466182536095","0.825219941733588","-0.699197947613855","-7.68781262642952","4.76905217416464","0.299785296783768","0.856642267012222","-2.75422997145927","-1.62457662837329","6.3071128539705","-1.99665127491369","-9.59906509439923","0.912004398292308"
"Random_Index23_13_0150","-3.10056026050256","2.29798440133738","5.68177005361673","3.2714096541442","4.84902268226678","2.15341204021559","5.1663922200906","-12.9117390158079","-2.83677149726964","-0.273875067531734","-3.68127211791741","-1.1982549098266","-0.655719396449462","7.05174905967382","-1.45269882805169","3.13391443117386","6.32310082000425","-4.75103514692909","0.196116194609331","0.833284169584894","-4.45803325323729","6.94894728527673","-2.0355305037225","0.162449436977131","2.29914974723659","1.1375718554953","0.358610437289666","-3.66480173603576","-0.592870212431661","-0.931000575270077","-3.87041565042153","-3.18429093347826","-4.103126748","-3.00767627951102","3.10884266881608","1.5987901410126","-4.13269522032201","-3.18262550539669","7.16070210195264","0.042673953524812","3.41680270789596","1.41063843596546","-1.17190600360685","-3.51142992739483","0.127528182028559","1.00651891082117","5.24213423271898","3.49394630200881","-2.00153866841713","-0.602834726616444","3.55598937587082","-1.36546203568421","-0.847176801545422","-4.42179937819938","-3.71400075829303","-7.17731211016776","-2.26082713689507","1.15972394345025","5.26019853145455","1.15275609125031","-3.23217274397516","5.88033056347333","-2.86536923270262","3.71893287930458","1.09556179752855","3.3598544774128","1.50225845579734","-5.82275453524196","-1.09619015506204","4.50689029204185","-0.0870781284427818","6.73386415594525","3.26153257637155","-1.15022601805659","-6.9458208298468","-4.56211354626037","-9.23262970798971","-4.04076527511666","-0.449728379782421","-5.20187270415853","2.5480808709998","0.232924116988259","-3.0254071961733","0.810574439945641","3.72142440298614","-6.7218482144366","-9.22002342533706","-0.812873440808898","3.4973984828128","-5.47762508030803","-1.06869792124796","5.3889338068274","-4.99716868907838","-2.27484004293992","1.45219665822126","-8.64012485722544","1.7237011351727","-0.428413482746615","-2.34807975059737","3.50890477687619","-5.14593901587031","2.94946963151478","2.92903162015312","0.805294310587982","-0.673456116146519","-7.86657920979569","4.7501898541121","0.244678838305343","0.776280930225524","-2.81401139076587","-1.65599932585001","6.29442963219415","-2.05603206298598","-9.69294736944782","0.802008406961042"
"Random_Index23_13_0151","-3.18186313374741","2.17263911732198","5.57868397831738","3.13664694255587","4.79302121326888","2.06376680268016","5.13585688758363","-12.9211050840265","-2.82211983871318","-0.279525113175618","-3.6977982427903","-1.14594401638588","-0.574536550513784","6.90716028508756","-1.39624034962336","3.02645162245985","6.37663227263544","-4.62068883303161","0.264448402745732","0.849523969237881","-4.27470390042745","6.85580222138953","-2.04549133370601","0.0439465208444223","2.30033494163438","1.13173020648565","0.313950447505546","-3.77113986894682","-0.607761837168989","-0.993710271221005","-3.84655928117486","-3.12053022284457","-4.03459300040141","-2.99389446934475","3.16500248785642","1.65761344366054","-4.22714576085783","-3.17744635140728","6.8610955318494","0.0311132219396793","3.26750675344405","1.35027052628584","-1.23220477644584","-3.53798931556777","0.00484466680568636","0.930328803089059","5.08801008853699","3.28568835512745","-1.96809122466382","-0.603306663441376","3.52398820369262","-1.34399880196251","-0.739490806181107","-4.46993083305097","-3.60214841348729","-7.10002613378482","-2.14770954828232","1.1402753832161","5.07558065256741","1.16625016022807","-3.15519855109969","5.89382708462987","-2.92266891480208","3.74626804903139","1.11985236568752","3.44062094861298","1.644236934074","-5.69962639199629","-1.13006501811843","4.40823520469396","-0.158480914397584","6.68452910010834","3.15208245224411","-1.16193863722444","-6.90787554283186","-4.36566034030103","-9.04974669700521","-3.89498819249751","-0.387954811294824","-5.19916908576671","2.40273923000185","0.144791619164921","-3.14331423476767","0.726823308763465","3.72642850592687","-6.70476629213877","-9.20621305670846","-0.80869061957653","3.51482786311331","-5.53349469632157","-1.2121069380462","5.29060897141092","-4.90832549641233","-2.35211013738387","1.44565493444028","-8.35439901204191","1.64736496896399","-0.343862893798284","-2.27123586388662","3.43781174960946","-5.04552954740363","2.9747280248678","2.87369252420412","0.764681979462922","-0.752683029035016","-7.49360573541875","4.69208651719659","0.258596972888732","0.851115270420665","-2.72211432869999","-1.61343953245838","6.30229570114891","-1.96142778544052","-9.63662754471073","0.807380885234502"
"Random_Index23_13_0152","-3.08950317339904","2.17857649807582","5.52407803298954","3.21968159264173","4.93690482711486","1.94877884659957","5.00113293161958","-12.9088707233362","-2.92238631789809","-0.239642831624208","-3.66569800420172","-1.09942287330274","-0.593559235603557","6.91553112176733","-1.35119063996631","3.10078963286853","6.27589236362906","-4.68749547514226","0.196585209929748","0.981602848098002","-4.40805337250216","6.87661604399999","-1.97636701950426","0.0805616325044378","2.29258234543489","1.10724278032217","0.370780078607685","-3.75520341189505","-0.630290485302144","-0.965062328700727","-4.00989054000161","-3.19562268620979","-4.10095770196556","-2.98641331575248","3.09915748880852","1.60614383545819","-4.39399002984737","-3.34736210519105","6.89891590013006","-0.0241331529492802","3.27769849049825","1.41570610556315","-1.16896661117822","-3.52640480474051","0.0150875174772518","0.939433500342073","5.14250558636137","3.29133450304296","-1.89711943530494","-0.576127881441415","3.49192544710149","-1.23300535076768","-0.732518216567119","-4.42335892883235","-3.47813812626948","-7.13151986488896","-2.12131349640478","1.14023538063244","5.08088848619684","1.1046812071486","-3.19934913186636","5.84289992572672","-2.89247018427542","3.67274091846038","1.15849011975656","3.28902281844524","1.56147292363366","-5.75785106832023","-1.10881300560138","4.41630998418337","-0.30463898360647","6.67729751410924","3.18179207819829","-1.05452499936754","-6.88734175063615","-4.52707191118079","-9.13645928576573","-4.09172265233377","-0.423527656631268","-5.27873546932482","2.4390170987239","0.106625704457133","-3.15049832207152","0.79328888809231","3.6702203148761","-6.71904343649413","-9.19832411355841","-0.735401124810336","3.52114253391163","-5.65728638771676","-1.13347256436836","5.2874664137189","-5.12268985223235","-2.29623223064429","1.44935691029587","-8.47837645040914","1.71633082735167","-0.445526794361959","-2.31789594157518","3.48433333823331","-5.04956603454745","2.88513195268055","2.84239391988256","0.729959028713993","-0.787845913321917","-7.4197397339438","4.68348878377424","0.22594203064524","0.739843120904482","-2.5614452877366","-1.76171511025707","6.24674488795045","-1.98225707603246","-9.49720398077043","0.713408608284547"
"Random_Index23_13_0153","-3.06455302079415","2.16657375454245","5.58116208660108","3.18365892586404","4.9125839102821","2.01939070228089","5.1202361991575","-12.9485706733842","-2.93996729737428","-0.309025759097135","-3.7876029070808","-1.20617632403354","-0.619283235495495","6.90928447096188","-1.45498052755263","3.09694476227724","6.27962210386829","-4.76501687008207","0.224934472304544","0.878882188483578","-4.38641053605347","6.88152032815748","-2.11342228804341","0.0633290738442539","2.36421781194308","1.08879449118308","0.358983946636655","-3.80792264883752","-0.523790344115363","-1.03496685119879","-3.95391250104737","-3.14622885613757","-4.11130783347459","-3.019121667608","3.07364809739558","1.65905021281339","-4.30905192117475","-3.13888361009087","7.00077641724569","0.047579153226312","3.33286562426788","1.27764549932931","-1.25157283244669","-3.59487414176884","0.190741590494131","1.05133434363874","5.12141273609212","3.30977758688953","-1.95700529265095","-0.599076001832562","3.62908465879487","-1.3613701055527","-0.789858802007928","-4.43860215788868","-3.48933742445925","-7.22437068602986","-2.04282193344614","1.08304001488548","5.14181806936873","1.11161975553675","-3.23597974942552","5.84852802871321","-2.84964758971591","3.80110269365302","1.0340344526041","3.3444823988461","1.54859438412998","-5.76583428518441","-1.00405796272362","4.45490181898827","-0.103176393379505","6.63292892081573","3.28359340682258","-1.0148728139753","-6.93405317396298","-4.53668427823509","-8.94733520100988","-4.03034375208144","-0.513346601204272","-5.16043837638987","2.45673705865198","0.130100324791889","-3.06701096016506","0.863414027462903","3.72167629472825","-6.75303658319555","-9.26058550612017","-0.776901175489876","3.49395471800067","-5.68110324197285","-1.05735116821527","5.3461026720679","-4.97907866468629","-2.17991104404782","1.43312923674156","-8.30757843631721","1.72183003952859","-0.475406117609647","-2.33230328877822","3.4071371692238","-5.05906954702445","2.85745551735883","2.89141779792705","0.738516964522605","-0.832262018439263","-7.64147768345176","4.7850454276121","0.213249249233329","0.84703478676196","-2.71812025036022","-1.59557253484011","6.33160055304132","-2.13309927626783","-9.59450735134401","0.768008502189481"
"Random_Index23_13_0154","-3.07968193777281","2.08338344572145","5.48991892109795","3.11607546302417","4.70162566650071","2.08820282758107","5.09339029401922","-12.8604441745865","-2.73559945623192","-0.235945470020463","-3.68564216168274","-1.13229699735954","-0.51729037158942","6.76869975654533","-1.36931091703658","2.92609630629632","6.37305658808623","-4.60670973563111","0.328593939992972","0.864587928836056","-4.35368585379159","6.70629708711359","-2.01349509807317","-0.0387549565807098","2.35045453498793","1.15820682288891","0.322902292082087","-3.79156549776622","-0.619687364028066","-0.951290598493991","-3.83957533955701","-3.02887666640105","-3.99013323721598","-3.15790277367196","3.13197723167254","1.68641813281129","-4.27129862558605","-2.92701427262295","6.86009841077152","0.0853434906927234","3.18966344191987","1.42210737098885","-1.26794403645562","-3.42654605851792","0.0872798727696559","0.984980693577928","4.96424600991278","3.27784883237441","-1.76067255164826","-0.641824024523967","3.43167750144915","-1.29955494847981","-0.673379766206211","-4.38153486533728","-3.37898659512702","-6.9868513832799","-2.11100178531884","1.13381725571457","5.008579619268","1.24775576685537","-3.12283759130995","5.81814579511843","-2.92599354234073","3.54819937811215","1.07716222008958","3.39453088967132","1.70781462547349","-5.62739848213005","-1.00954910337341","4.26342987046415","-0.0429469512212614","6.55579401216996","3.10731717475536","-1.07208625193279","-6.75605765507575","-4.40062805832729","-8.96504773017291","-4.00852791727828","-0.33839063854835","-5.15815060816429","2.36577141715925","0.245136589794657","-3.10965869587903","0.781151314861418","3.56843098070107","-6.70381049358778","-9.15180546250792","-0.707835412636585","3.41703161270552","-5.56004583465061","-1.18804736021248","5.27272636535162","-5.02611349294236","-2.34428212292714","1.37604900306225","-8.24163534338822","1.62918999201938","-0.319356493661798","-2.2485512103493","3.4906389750538","-4.99673897761019","2.97745027851916","2.7742814662287","0.761411265703866","-0.639585773205214","-7.58496422636144","4.63638016518109","0.337389623515005","0.814555247347063","-2.61269210559821","-1.69740433655168","6.21039531592493","-2.02280086533612","-9.58017519085907","0.871172683292068"
"Random_Index23_13_0155","-3.11482355749976","2.22244082068482","5.47763313201814","3.08922085093856","4.79995999422771","2.10607745455818","5.15553974885368","-12.8034324277004","-2.73204127223313","-0.255108101159364","-3.69360147247505","-1.11405143323026","-0.592372461986582","6.85766551271282","-1.40247871222899","2.97886811620766","6.23463435043288","-4.71743543644436","0.311656513819585","0.860169132926439","-4.27864589190843","6.85936982412717","-2.0617256171208","0.150335066483341","2.26972739770517","1.19655746516226","0.331405780107154","-3.75225493013993","-0.643901601068533","-1.00062396346611","-3.91013396405292","-3.06228917500464","-4.08371584400906","-2.95305483002411","2.99421073647178","1.70316281564142","-4.16120897701041","-3.08516591929425","6.95087069805236","0.0837069521548823","3.28881680409672","1.41918577206481","-1.36336623202916","-3.56214780909634","0.0703628956924737","0.991551194063378","5.0638582848058","3.25124551679316","-1.87538128593406","-0.579807959439406","3.54523077066611","-1.30389374740565","-0.702008961801792","-4.52071838277678","-3.51142478428154","-7.04584619010257","-2.18598719170221","1.06287868013094","5.07398624586605","1.1195317648311","-3.14428263592366","5.82875092920006","-2.82286348975994","3.654737445154","1.11237955339242","3.31631665740909","1.59206729255158","-5.70486586895193","-1.0389614069338","4.39794758739876","-0.218736239060778","6.54054900504677","3.15003638829466","-1.19729548350569","-6.8550418630739","-4.45061352260646","-9.14458723245098","-4.01286926741901","-0.396229138644246","-5.22166941731346","2.4144244505431","0.251154307410627","-3.00753666441781","0.679656361690056","3.72903652662082","-6.63385511449369","-9.09010410308232","-0.748577204131922","3.54689752632211","-5.57670573872826","-1.16467846002591","5.3964248235343","-4.92489134614937","-2.45606532063104","1.36073175307229","-8.44832476996577","1.71581987282276","-0.411092043115636","-2.26661875564987","3.28003760975091","-5.02888009652545","2.76843996972168","2.89714794765695","0.793180783926962","-0.808814393481315","-7.55073820612268","4.6787897480443","0.316346911572079","0.816093644191447","-2.73229013070956","-1.54130778240972","6.21420267845592","-1.97229715316007","-9.52877422474551","0.866008372683254"
"Random_Index23_13_0156","-3.2735066857568","2.11996472504063","5.5988510521348","3.10137609995452","4.86027583764422","2.11910254238063","5.36270688847583","-13.0076761493087","-2.69958383074833","-0.351231165424018","-3.81670140343969","-1.2545275293992","-0.562020082748385","6.84859477579622","-1.47703505964726","2.95425066936184","6.35032514984681","-4.70346819014937","0.189877929504017","0.834984363394916","-4.32081558480163","6.78033640402012","-2.11638447575415","0.0257924254299817","2.38072101440362","1.10607380756285","0.398317220673814","-3.8366109893957","-0.600492224346632","-1.0761338504852","-3.77856032074558","-3.1031571900729","-3.98358495039884","-2.94050060874963","3.16219948407883","1.65060185801956","-4.10156004605599","-3.04581210612309","6.96410553676606","0.0170780410689714","3.33199474872067","1.28561154869581","-1.27301462249395","-3.54828440369152","0.186946652539383","1.1396486951856","5.08508930141173","3.35798660999759","-1.88245147152986","-0.6096652012672","3.48246415246861","-1.39774730153908","-0.787590958639449","-4.50082659225223","-3.54046518867416","-7.09609231592628","-2.22140893591588","1.18145786219567","5.08323473804118","1.25090150046549","-3.18647452398387","5.86976327269984","-2.88855859233752","3.71972285603878","0.911198532591599","3.48046932885637","1.58109480461478","-5.73665324347973","-1.08973080696005","4.37541249591411","-0.151064680643619","6.62559932392309","3.2832673983684","-1.02505287112064","-6.731822304388","-4.43857949025966","-9.02605843562569","-4.02970124102345","-0.442299592085404","-5.12448880781473","2.39146296176203","0.172813976101155","-3.07483713240195","0.821093026341583","3.65310632939973","-6.66311593644442","-9.2157681516043","-0.848302527235998","3.55244618136594","-5.52091227306444","-1.22317329599937","5.3290469527415","-4.91210762545167","-2.21781587660458","1.36656270195762","-8.25677213969951","1.69297230764159","-0.393566024106685","-2.2853193244707","3.50131746295785","-5.04193936795621","2.94375423593285","2.85173256806324","0.767412819710349","-0.661548866316687","-7.56170697931634","4.79517724240012","0.227904731988903","0.817327290222796","-2.69699128067148","-1.53427932277534","6.27789580016129","-1.93912643182474","-9.64765460165539","0.76718754150595"
"Random_Index23_13_0157","-3.22643923191816","1.98286927330758","5.47282406895958","3.0343738829511","4.710276239144","2.22899146187217","5.22274216349683","-12.9957876840418","-2.70952094636323","-0.256556312483593","-3.69345845534868","-1.17473954374275","-0.613589898707318","6.77270588789251","-1.38730993116471","2.96476182181877","6.32659524913965","-4.58734023758323","0.328031360056737","0.743212051117186","-4.39166471509265","6.72327427672364","-2.03339162068202","-0.120180398790413","2.22016640507088","1.12967187044165","0.230616669732087","-3.70030961563026","-0.657341873470307","-0.982282356596896","-3.70585474471939","-3.045845702951","-4.03022888263523","-3.09469453726028","3.19021638347176","1.62218007586756","-4.2411174645545","-3.08979973980911","6.89542076623429","0.211355833320182","3.22302831265674","1.36447433780515","-1.2057048880267","-3.48550945881124","0.0433431612001433","1.07725429968929","4.99699868468717","3.22580059377826","-1.76837874063166","-0.679478443738272","3.3354505230117","-1.31192322943819","-0.698037190910564","-4.54401174906766","-3.64322724346042","-7.07741879442639","-2.22911993691122","1.18352496338442","4.97534662225992","1.15416060687695","-3.06042699296378","5.75758578054015","-2.74201101908621","3.56053369451181","1.12623543999767","3.46667926511944","1.61545479996955","-5.75097822340158","-1.15350050942454","4.32230509727531","-0.273292468759533","6.52111177853233","3.25334966402547","-0.902469460159062","-6.72008657862597","-4.46827806263723","-8.98483124158733","-3.96470907299276","-0.280475925460941","-5.22920068683259","2.41190388191276","0.241007200468609","-2.9237158684053","0.695281108658347","3.57537554120061","-6.61583049906729","-9.07574632930633","-0.727454557053236","3.38932775523008","-5.57446811118557","-1.14401731548158","5.27873330466423","-4.96694343595906","-2.2879387721158","1.16705896210975","-8.4162766100517","1.5583652352758","-0.323591229603834","-2.39518177844633","3.50389367508076","-4.96841784589651","3.04036182759847","2.79995565986989","0.869150801962507","-0.684546132266801","-7.58197179094428","4.65302673813064","0.347508618666557","0.783343356144447","-2.70032905004103","-1.76092242569628","6.2710866618727","-1.99528298827902","-9.556575476351","0.922460357725881"
"Random_Index23_13_0158","-3.25033456801395","2.1892631263878","5.57295834878407","3.07487288100725","4.83960249909258","2.15165914831109","5.49255648247658","-12.9099108631323","-2.66477807280856","-0.287974009741685","-3.78977435980979","-1.22820669071491","-0.535413696298793","6.92884399077081","-1.390662337485","2.93077293793273","6.30441168625657","-4.71204141247524","0.286614461723969","0.745545827034453","-4.29112152201148","6.80946365164455","-2.17940167297919","-0.0158318033150152","2.26039443843826","1.11994169470507","0.254196694428315","-3.94139454566576","-0.643637061219434","-1.04505192021529","-3.8503351901412","-3.12826421355901","-3.95970291671289","-2.87851452703832","3.18622221635869","1.68036015438438","-4.11813503313781","-3.04132931417576","6.84722143362997","0.0109128351892387","3.39472389983672","1.40705689184597","-1.49952230482517","-3.60872618396141","0.0141220646977984","0.86827433180064","5.01244557311663","3.29871706594921","-1.86388445631652","-0.585340910331379","3.538963195941","-1.38773748376","-0.682557535595476","-4.56123005569956","-3.60490685099869","-7.01136617421311","-2.24546612527104","1.12489906102796","5.13688227242227","1.32807562737423","-3.2509255653744","5.91279724320134","-2.84063598072314","3.75673462389195","1.13065989976162","3.39956945730795","1.65647006365151","-5.81552365709637","-1.15059905049635","4.34041726185278","-0.162726484292604","6.55307173047197","3.1743003058792","-1.05298681696449","-6.7429732872917","-4.53213834540457","-9.00423643856292","-3.88094999974095","-0.441494886942889","-5.09015493147309","2.39295300010283","0.256190338250518","-3.03392798809758","0.629294576029399","3.79581101946355","-6.76113329585034","-9.25961724521054","-0.85481503844625","3.47051945004764","-5.75266880397538","-1.13281756581188","5.37517063183579","-4.82125640374431","-2.38677860256097","1.30044837749476","-8.51752724309746","1.68078848762664","-0.307156141301594","-2.31465887587708","3.50871537186292","-5.03540119995789","2.97309033096226","2.87981213038127","0.799934723069723","-0.811309026574832","-7.61435688973772","4.69755528174046","0.335613766707873","0.81182135108881","-2.84998597336885","-1.64224366010247","6.27819692010424","-1.96975794216529","-9.68122349343112","0.84997360681713"
"Random_Index23_13_0159","-3.12235889857308","2.19955647549115","5.63680526972959","3.18492094235057","4.85440708092539","2.17065388403653","5.30518790298734","-13.0923283419845","-2.81055918904937","-0.299891667177888","-3.76363688411917","-1.18711180394004","-0.633197866875328","7.0453760846653","-1.49419046128573","3.15917722154168","6.35576166141647","-4.67719847500508","0.242526884683","0.898492674740817","-4.44852939032754","6.96941760673389","-2.04836301060674","0.0557239960154116","2.29443942662791","1.18683579122825","0.320247217052655","-3.7385338562927","-0.580097975285022","-0.993477141014547","-3.88984820897496","-3.10839950698764","-4.03653094241183","-2.97883850971698","3.1459406028022","1.76990009608684","-4.29092056556424","-3.15759179244642","7.12365286964829","0.195397407258143","3.41865680097041","1.43017623449087","-1.3119577770545","-3.61667931006344","0.142725976128144","0.959092525337559","5.17916179973334","3.38209586407069","-1.90662113942609","-0.607337939691106","3.54634794329411","-1.37308853139073","-0.726184752075852","-4.58663378815705","-3.58358455016229","-7.31624047566704","-2.22383176098591","1.12901171403675","5.19477671964641","1.17547355199141","-3.12164531004424","5.90833757912163","-2.86989073992244","3.77054995018675","1.22199276586064","3.39698632608355","1.69210899856617","-5.86769750278121","-1.08183099503115","4.46357529166762","-0.0644637053107127","6.61630457922493","3.35146072311375","-1.12215287737141","-6.9168629560823","-4.55763654345594","-9.09718837183163","-4.03740094753319","-0.454295280191674","-5.20975376307466","2.43947100071644","0.240343355634733","-3.01375392974493","0.861010863641097","3.82698921536251","-6.8473519998621","-9.37833779049049","-0.814073777202379","3.46867419882322","-5.56790091692422","-1.15950400899243","5.39440680238379","-4.99780649132838","-2.29989936298086","1.36112460189006","-8.64313987481839","1.72168068850212","-0.292444208283388","-2.280579848467","3.52031288378366","-5.11679406144475","2.95278754664453","2.87225720759807","0.868235332207358","-0.727118739941717","-7.81389619861815","4.73714424562772","0.301080837295536","0.818463800873326","-2.82243397650626","-1.63702737022964","6.34074270765769","-2.02019142561943","-9.73949679792437","0.945341259174099"
"Random_Index23_13_0160","-3.21287006576692","2.21039398928233","5.57685807152506","3.17174802248499","4.90276042136031","2.02157427011385","5.26019573188673","-12.9312938215553","-2.91217808843945","-0.326539277462356","-3.92712075766202","-1.26883897651302","-0.756810425888426","6.91888362916611","-1.63755967306877","3.16455629172309","6.25712919925996","-4.78742503268483","0.136028207387488","0.999010854960386","-4.30312678248479","6.94609062687752","-2.21009101413845","0.186291282143635","2.36654013351609","1.1998680059321","0.425597192045681","-3.8846182125161","-0.531697246907699","-1.14463455822891","-4.00046298486544","-3.22315518272867","-4.10103029029171","-3.0226966616578","3.05302369315257","1.82368153265574","-4.2769499293101","-3.17296978949053","7.02405855004194","0.047144127847539","3.32736759726106","1.17878473444954","-1.24087363337332","-3.72711599768619","0.113259434348717","1.08391600066905","5.00298808071079","3.33220198198729","-1.95111210027969","-0.584219566253965","3.5381835985773","-1.43668573217026","-0.816787152030584","-4.45257985853552","-3.56620336133587","-7.11730116536859","-2.05578048793299","1.07580689052248","5.12400714346657","1.27290468381958","-3.2725213326139","5.85809640360455","-3.02020785910796","3.7022523699943","1.04287343184012","3.29026094255547","1.57138738164574","-5.69297100551364","-1.06528049633761","4.4262947508665","-0.14096836097052","6.6033259393031","3.20196402849577","-0.972292453145482","-6.89005060986631","-4.63584880912036","-8.96152839320878","-4.44552534069596","-0.373106631852936","-5.1714851865593","2.40865875331986","0.0956679305620926","-3.1617934052483","0.875439862510682","3.66901740820813","-6.78641202361175","-9.1380541835968","-0.853927709372408","3.57477842988745","-5.50710896954314","-1.15091153776948","5.47628860582496","-5.00348326257014","-2.20461144483011","1.46187667856103","-8.33910326346297","1.83116548791047","-0.584993411509293","-2.29377020269222","3.38389677895589","-5.12218605569486","2.80691117613047","2.83570391356624","0.811072145330689","-0.646251562854831","-7.70630820778834","4.69691782144335","0.193070267191437","0.780573202307777","-2.84120883533789","-1.62873863146923","6.23575179240074","-2.055268183898","-9.62352732982682","0.711668874748266"
"Random_Index23_13_0161","-3.10131760210564","2.30064041491996","5.83100797552461","3.3184671099926","5.05005099627587","2.00817402844407","5.28537320660284","-13.0228921460438","-2.89128341976027","-0.396350686312659","-3.97782409060513","-1.32909241603021","-0.789479962122722","7.06447822816617","-1.46138990534612","3.24167579421485","6.29923749913223","-4.88297620010564","0.145229963961668","0.902530197939304","-4.20670184880762","7.06278037070359","-2.16300273648337","0.236273426008708","2.5277320832405","1.00866447358585","0.444071594475271","-3.98792112066556","-0.271411432775935","-1.0957479319292","-4.05931649319063","-3.28977641423505","-4.12017055392212","-2.83099832418701","3.00202288449032","1.54827853891904","-4.27096635256008","-3.11801328827997","7.07147358019317","-0.145394181366963","3.47206411631706","1.2818948697383","-1.40719085974618","-3.72205593325278","0.195945204394876","0.962119415996559","5.44328252889319","3.41434215162123","-2.05229513547943","-0.429884848800443","3.74315548735767","-1.44487703885687","-0.834396749503484","-4.51674639918203","-3.51823009659663","-7.08849089309647","-1.90853367329755","1.03420568261867","5.38619973239605","1.2069756258707","-3.32144653621495","6.06737515078344","-2.88897500775831","3.90032747866332","1.01165654596606","3.28248793625423","1.5239483409714","-5.90321703120422","-1.11633474011213","4.6151135322195","-0.00146618422820441","6.67388196081783","3.50156068108403","-1.22598402758692","-6.86576077450112","-4.62798732340266","-9.23542144716973","-3.8440635296253","-0.440684016167443","-5.2544911049323","2.49819445036711","0.125221796240579","-3.11691455580337","0.948422794743071","3.8494770061035","-6.8116799120179","-9.29359896169098","-0.891154378538367","3.75035333582277","-5.64329199935847","-1.03086787722412","5.52266846240411","-4.90846781139512","-2.12865327723881","1.60647222548767","-8.50990445674613","1.81771667373356","-0.516030986204134","-2.20072036279965","3.39226820654962","-5.31717731076673","2.79402218371932","3.09083932217774","0.589527785527944","-0.879246078606111","-7.53893320056437","4.87877155530847","0.232326205003763","0.993816070001846","-2.76412337302851","-1.54835470196624","6.43960872891982","-2.09026692929833","-9.81283271054929","0.781023069296947"
"Random_Index23_13_0162","-3.07952616050052","2.02291774981965","5.46320978545117","3.03034995306872","4.80162547047216","2.11433690742425","5.22315550213581","-12.9401748725286","-2.75062054159066","-0.278625002270259","-3.74054496833352","-1.14080147195232","-0.496196508573476","6.81595161882974","-1.38691610205378","3.13874256987082","6.308651316419","-4.6357541905574","0.252379792251567","0.909219332924398","-4.31950465509498","6.77307680462569","-2.01272162076007","0.0975515339860157","2.2360712839127","1.30985259857355","0.406988687755739","-3.77637302818587","-0.558677902001818","-0.905883344584649","-3.80972289320151","-2.99357072724693","-3.98244924538354","-3.07590443766028","3.10408957278145","1.79115888693797","-4.26180668615281","-3.1712053776951","6.88486668245722","0.0343432615521215","3.23766271177599","1.39415841864267","-1.21278748652539","-3.58229118452008","0.0187758076106509","1.06187289717589","5.03649886891968","3.26577180181809","-1.86368577455093","-0.646141585859164","3.45222218887759","-1.28400672754291","-0.613830207332489","-4.46657853688253","-3.43700291478331","-7.0864341625997","-2.1186309118271","1.12929049288218","4.99633596577363","1.20457462032319","-3.14153899426786","5.79835790890475","-2.87244332287274","3.5412089027809","1.16669102055296","3.37990115524814","1.70544991736935","-5.72462316629674","-1.08079511236963","4.3765409545834","-0.0883255989860963","6.50421303540659","3.1640282388302","-0.990588735834667","-6.94181974610591","-4.4995161117476","-8.97612717955713","-4.03878348162755","-0.323962322804232","-5.28659439830083","2.30994620277419","0.213360084650577","-3.08047553832249","0.798831644815291","3.56946828836165","-6.71596669233915","-9.11526646152113","-0.754406537707657","3.44462200886598","-5.57260803196612","-1.30337105878812","5.42097965807401","-5.01853057947336","-2.34534428541648","1.39356049584389","-8.43773190032706","1.66723753092444","-0.330671142195565","-2.22749615486795","3.42463460022989","-5.10315409691928","2.86485099887906","2.76255732620415","0.776528799192539","-0.604753024831864","-7.55048083093859","4.64372509131954","0.27859992288407","0.712888154834537","-2.59884055495512","-1.74390820466401","6.13226100082989","-1.93215803301965","-9.62561929212143","0.78034939791312"
"Random_Index23_13_0163","-3.19149359254699","2.21741094270504","5.67818232270924","3.2303524963158","4.84892510375636","2.20859959345052","5.26549456714332","-13.1200962174161","-2.73900546452382","-0.347197216216173","-3.68079186327069","-1.22390701638224","-0.687411657903865","6.95350660876736","-1.36886397402929","3.10998642809161","6.48405674812199","-4.76354273529509","0.262310158587343","0.815016289603873","-4.28475492346987","6.93450227531491","-2.01347890534255","-0.00495588420625581","2.37103613282953","1.04589534498495","0.329609538681853","-3.77705097842249","-0.626299048298367","-1.04837530041748","-3.85524259174236","-3.21625932998579","-4.17765051956175","-3.11328221423857","3.29732087864008","1.62275348070112","-4.27048879816718","-3.19097418588738","7.04207768350889","0.00787196944730468","3.34195259921933","1.41924995937239","-1.261612619134","-3.50435223316382","0.10749754483423","1.1044554063071","5.1448954254627","3.44151415345661","-1.81784775694213","-0.604915713864525","3.41938369422686","-1.31849642297188","-0.697544868781398","-4.42118634290441","-3.64424904119128","-7.09408471408688","-2.18424128396172","1.25789510625903","5.17499024459496","1.25050942351502","-3.18088927782745","5.91533291761766","-2.93911430314049","3.65141059747681","1.00362069349482","3.59840395247261","1.44544354075326","-5.87588142930851","-0.940496490702904","4.47451696200277","-0.188806557283138","6.7039932811223","3.22759564021668","-1.02371475071276","-6.83370456544781","-4.4500541261753","-9.0107974604318","-4.04792619545388","-0.275436669347516","-5.14912173281867","2.56479382663512","0.187932986005782","-3.07403568954198","0.824550085692151","3.74533279211936","-6.64482585167691","-9.32746235248882","-0.844516109922178","3.50107489215946","-5.46377793696114","-1.13125262307169","5.39579966902385","-4.9285272873851","-2.30027483948149","1.31143012880674","-8.56117746825493","1.64005354299452","-0.413061977276732","-2.41603509894608","3.65398459377746","-4.97166730128001","3.15933386388912","2.92410174634078","0.787935754518709","-0.623227566352574","-7.47717236085596","4.80261674400091","0.327453631069218","0.657022104535833","-2.88840590585142","-1.67486926434942","6.32365701688692","-1.9435266540143","-9.6550743014213","0.778387224339027"
"Random_Index23_13_0164","-3.13466217783228","2.04761451667575","5.55208310074269","3.03617186355001","4.85537774751736","2.02697596273566","5.11122835301675","-12.9005492401046","-2.72941941345417","-0.333081220314765","-3.71797917098883","-1.0629695335594","-0.634763134087242","6.87150462570269","-1.4568135400258","3.05068878276178","6.302908013292","-4.7179630014054","0.342926214856975","0.878447039881625","-4.27125300096711","6.85218342933796","-2.02454917995956","0.180798851205732","2.16348893560042","1.32512337671096","0.462136307211273","-3.78466397800465","-0.681227993930464","-0.947100719492824","-3.84334813211782","-3.05407337023134","-3.93145095255393","-2.9924374469292","3.08274113681803","1.72793387063022","-4.35832004379029","-3.1869610801074","6.90962906777758","0.0389686435447855","3.27889856349251","1.40399143446154","-1.41260417141206","-3.58457104570519","0.0225044309440162","0.960582983188651","5.07119195079587","3.21937238761001","-1.79918561151162","-0.678570068324829","3.52445494791318","-1.30701158609909","-0.63941729696824","-4.50813996277334","-3.41961608301118","-7.11507692729337","-2.09283344438463","1.13866349642542","5.07961855595193","1.24480355973434","-3.12168197900591","5.81471085094276","-2.96542064273149","3.70767665409702","1.0257320792402","3.3209545636585","1.73705375031226","-5.69339088254073","-1.29553715249102","4.36729373849152","-0.247128628894173","6.57807813844749","3.13587667117099","-1.03748892899774","-6.97208359506348","-4.41181258433794","-8.96611921078108","-3.99748386757094","-0.44732022492808","-5.24749201050548","2.26380882862756","0.163047577949123","-3.31471742993564","0.804012800040197","3.64919584178635","-6.72299588184943","-9.08806647373641","-0.677197242869925","3.5242408701154","-5.6153393234747","-1.30072939911438","5.401787033939","-5.07823863089532","-2.19169117486826","1.36498524990734","-8.36465346592278","1.75259763996489","-0.320001298906544","-2.24781445145477","3.46852818508595","-5.04777031294958","2.87010194884245","2.8020900301679","0.721854327494417","-0.706069129849878","-7.5819092032049","4.62802674988062","0.169875423841817","0.666760368575632","-2.61244510661779","-1.73715624506979","6.15703018358512","-1.85525184681301","-9.69105982030879","0.734808807338181"
"Random_Index23_13_0165","-3.06309085274607","2.26119750618489","5.64684057263692","3.19186572754637","5.0256216093342","1.9643967018721","5.12894532515723","-12.9535666335815","-2.87287446667804","-0.378658661043313","-3.86334685069196","-1.22217161451421","-0.636004375764352","6.89807613051289","-1.47190911260988","2.98382026680301","6.37842604653008","-4.72196308806986","0.181828051380356","0.923033205594452","-4.28824105069578","6.8943675608153","-2.11035794776185","0.0496723570767235","2.46211097858877","1.05962979716929","0.433289695661227","-3.90396654015291","-0.398126171609938","-1.12332611691362","-3.92032781312293","-3.17705154777505","-4.03759862955018","-2.85684968084902","3.14344281158957","1.5929608627703","-4.18277973877923","-3.15371174181462","6.96817297559063","-0.0729976410848209","3.38910886891168","1.28389188647638","-1.30088148206847","-3.68587204610105","0.216162951671748","1.03710621069713","5.16172867389492","3.39714780672115","-2.01275564136505","-0.516035988579268","3.5564031930417","-1.41502870247963","-0.725446342567716","-4.49883194374801","-3.47643894829873","-7.04870852750702","-2.17696135509335","1.17760374924751","5.16654441414778","1.07911562688458","-3.21279063503828","5.87731077214062","-2.96873541982359","3.73073400315183","1.01015382153649","3.40238999951658","1.51275175200359","-5.81717875948633","-0.974257388887663","4.46220725398316","-0.0691333619048112","6.61701072266891","3.29734240197262","-1.3005517643305","-6.79957447236279","-4.53685787064925","-9.14378808794455","-3.92091116904199","-0.470512169488643","-5.13909269555595","2.43030349003709","0.137671920344701","-3.1009081189383","0.876859874623785","3.71637573792271","-6.70891747570561","-9.21806428954293","-0.886821486213895","3.61756499744761","-5.46423103628366","-1.16026249125192","5.50206047087048","-4.89403114461944","-2.21707466817652","1.54221821668418","-8.37236306741202","1.77402489748207","-0.504370423453464","-2.24648612911207","3.49196928304888","-5.20147915187178","2.99398453518244","2.92891134646805","0.577377128011433","-0.700784468121987","-7.46186037159586","4.7761928096398","0.199089332612092","0.757978571839566","-2.75789810842534","-1.4939225754396","6.33405991122746","-1.93820653441554","-9.72377539874826","0.742745658688441"
"Random_Index23_13_0166","-2.90134356076023","2.12087869664744","5.57856868431947","3.05823056141609","4.79138242153158","2.10736077760158","5.09278705665731","-12.8952707001068","-2.80967655175525","-0.0610591491956943","-3.60696467495112","-0.979350693121788","-0.472236397581378","7.08622417308985","-1.25124024136438","3.1013540364689","6.29845468785409","-4.64129764488365","0.444718190231929","0.716061782093844","-4.33009323273091","6.97560795078647","-2.01589146591652","-0.0863202287552881","2.13703748308079","1.27240812622986","0.368120687934298","-3.68649282023551","-0.574747513515904","-0.832903663568525","-3.84143026854485","-2.93906416377932","-3.86836369472624","-2.92051200160692","3.01772501767424","1.93667995068412","-4.20235387523945","-3.19028220478808","7.18862891457648","0.202415472579613","3.22815013266198","1.51663229524736","-1.22264300670437","-3.46506944629647","-0.331491719725497","0.715447729337909","5.04944664552498","3.20412741026076","-1.83597504933193","-0.863528604078538","3.53507598223856","-1.14215230988472","-0.48731449424799","-4.5610613134721","-3.47968670114404","-7.13224294003536","-2.23323760782541","0.979323583106934","5.15561298930831","1.11655554137271","-3.11166384572802","5.95726954839334","-2.85117559022237","3.59472179257839","1.24415278163201","3.22199324270975","1.7126250003318","-5.71032748139539","-1.00693034766505","4.35870098196608","-0.0880447220808048","6.56379818466864","3.00245853297053","-1.11832066208781","-6.83431955880153","-4.31500451789649","-9.17890778967026","-3.97165390141878","-0.227120204443253","-5.1655113103188","2.30046760426129","0.252547006396653","-3.09921508735271","0.59507400975399","3.64186620752645","-6.66751614105201","-9.18975097823039","-0.521718546177034","3.39093755722048","-5.7465986100915","-1.37370858041463","5.27389578967345","-5.00055308538062","-2.64376209331443","1.32793639952671","-8.55031719254859","1.63973515702159","-0.155754923410219","-2.33088082909997","3.34586766552544","-5.00739878053934","2.84399206385961","2.806633298299","0.854108561908814","-0.541028725686382","-7.57716711045219","4.57374288483797","0.337454007070859","0.883845377774645","-2.64187597083794","-1.84112329111799","6.28954578950121","-1.83569852191772","-9.68615205547132","0.884104890446041"
"Random_Index23_13_0167","-3.1721503085123","1.99271126012985","5.52312464928558","3.11095962824546","4.71654189351781","2.12485414842619","5.29924310616665","-13.0917160196382","-2.85853648688631","-0.218099376572164","-3.82976637937515","-1.20583406781903","-0.655183703589985","6.99036735199675","-1.51387819737236","3.17172647009258","6.35671088140286","-4.585785033142","0.159314122768443","0.958551325183604","-4.40220067247935","6.89154699463175","-2.04470960387403","0.157410312478187","2.1455329144728","1.17270508496677","0.493496117306665","-3.80872182257799","-0.744397681894131","-1.02866226135493","-3.87545534672054","-3.05820899419467","-4.10693910656716","-3.0266003749965","3.19740894172742","1.78807926732752","-4.41316442274839","-3.23671722977179","7.08608842599961","0.229388150765142","3.30711797023088","1.42255763059361","-1.23993456628398","-3.58904398397786","0.00717436686915391","1.05063659760219","5.05858791587013","3.20064258681653","-1.81845996172221","-0.633645244399193","3.42850887929246","-1.37015736544643","-0.776088599040226","-4.48833918104791","-3.68907246569569","-7.38016892555994","-2.13496215391554","1.18825037141742","5.11354857249594","1.04971777489107","-3.16552122597736","5.77657284018119","-2.8581994917007","3.54315080700775","1.22076609744635","3.39310586521291","1.80939090839803","-5.8215488952818","-1.22772890213222","4.45294395422914","-0.194474688417066","6.55085065793635","3.0415248785503","-0.876815253614615","-6.93700640408244","-4.63805888541143","-8.95018648320508","-4.07795102162853","-0.384229143875766","-5.27724654233385","2.35359091294565","0.228457732619478","-3.02647482428048","0.899533536358325","3.78431773790159","-6.80507465154194","-9.32633860975123","-0.681484227786396","3.35520581822587","-5.48302987215957","-1.26107808490384","5.42736168113257","-5.09040780791613","-2.3189208740856","1.34255161412668","-8.57762868663045","1.57648786630833","-0.312978842457493","-2.3292634072616","3.54550739894979","-5.04723953798951","2.98743336748351","2.8201397200111","0.898595209072265","-0.5219046364227","-7.6720567368982","4.63750451083134","0.294249319001415","0.658859991932037","-2.73959522505488","-1.76594092982534","6.16294942248651","-2.0672245917828","-9.585441516911","1.00424738326765"
"Random_Index23_13_0168","-3.13039124488682","2.13412772570451","5.58214771034059","3.17360603233343","4.82084855083877","2.07404544191246","5.11762864906281","-13.0137948228025","-2.82271287247192","-0.268446505839851","-3.66751507057572","-1.20213988341533","-0.568672415392935","6.86668126545366","-1.39053051636666","2.98551228572503","6.32768441483339","-4.67778090516658","0.307771310244102","0.795535437721802","-4.32245702830352","6.82299320707076","-2.06079967367688","0.00888660028550063","2.39027158354705","1.06521248905771","0.319031799886619","-3.77388161633274","-0.564533753303387","-0.981048073309544","-3.82376512909636","-3.0789724514293","-4.10912980986535","-3.05806391297265","3.05975356361032","1.6297838336042","-4.24045210878132","-3.08180034434134","6.95962338707173","0.0425075526959448","3.28720037382548","1.35081688962008","-1.08453810174882","-3.52573785947968","0.104985676791997","0.971092062191409","5.08355427601989","3.38076547368546","-1.93002813854034","-0.517431890533019","3.47059832315226","-1.31778479847775","-0.723075533010108","-4.53395457183743","-3.55325676277171","-7.08583548645461","-2.20016354178448","1.0887295122879","5.08824582319968","1.13880521069329","-3.13800164990537","5.8624852757442","-2.78362708461298","3.69843327381824","1.02735570351244","3.39425236220398","1.53005861100551","-5.77824476994196","-0.931890715808336","4.38258053923629","-0.202417846229012","6.63319366794324","3.24297057465974","-1.07407404664208","-6.79342343745402","-4.4876247687813","-9.02778828979841","-3.94415556626995","-0.417190007007705","-5.11489659596107","2.49257117173307","0.0942951637604365","-3.05441493323659","0.804488890918096","3.67466460142794","-6.66936144082172","-9.26364145413137","-0.784061526076194","3.52652406749846","-5.59782176010726","-1.09536043872519","5.27570575001766","-4.90026941796821","-2.31194175973638","1.3109692521525","-8.49416546463732","1.65338215906138","-0.291140304028052","-2.3493085655169","3.39984238058228","-5.02034347434504","2.90566838090276","2.91669507598094","0.735292314262047","-0.715969584137226","-7.49416623485604","4.75845347858574","0.232378161125643","0.777921708132802","-2.74084282963804","-1.57013040019558","6.34964240169493","-2.02820459436837","-9.58890370167533","0.754077273050068"
"Random_Index23_13_0169","-2.99470069008723","2.15658403631982","5.55528732466149","3.14975653633742","4.9533586056439","1.95576978604669","5.05976451856345","-12.7819304084282","-2.89285587728009","-0.220013967935048","-3.61091924691982","-1.06712153304009","-0.555519335932076","6.86198773928541","-1.31387562644749","3.11041992660669","6.20007818039476","-4.6818483325529","0.299903451452187","0.920199181274428","-4.27701578423175","6.84805320193934","-2.05913062035506","0.215649363888155","2.38929090535326","1.16978629174921","0.377443720795844","-3.7399846832779","-0.563745989647151","-0.96322142755716","-4.04074935390084","-3.11511552099019","-4.05171051781316","-2.96024490118289","2.92411517507795","1.80224400854487","-4.36533807734885","-3.23774231546055","6.87178000483097","0.000261094755075844","3.34783241259428","1.41190696215954","-1.22833860638647","-3.54958399832622","0.0904413561168054","0.84526023461158","5.1917418278034","3.19316747720639","-1.90533740669442","-0.582420277959862","3.61206215053527","-1.24247126357854","-0.718286987101325","-4.40808999444671","-3.52065388488148","-7.06699459511775","-1.95455579243846","0.993826695679484","5.05448922091517","1.15455893451953","-3.18580653745703","5.76257692278447","-2.87590590258177","3.72653436750877","1.1057017385501","3.19280808655948","1.61111073140754","-5.73323943936631","-1.03442897138712","4.40454563528917","-0.145126740798413","6.53380565080758","3.23730772322","-1.09564259907694","-6.88193185605329","-4.3856909859037","-8.98652545448306","-3.95892177867497","-0.405914751542715","-5.10296997054097","2.41958310121085","0.132322541205999","-3.14250012585811","0.779367225840823","3.67081790815053","-6.56237606516577","-9.03744433053277","-0.744979516497039","3.45137211652914","-5.74743612598313","-1.03613292070712","5.29164373353056","-4.96502190086989","-2.32657489924875","1.53391324830431","-8.34611549253779","1.72998818110565","-0.454693060019551","-2.26748338143486","3.30558681825603","-5.06203361459279","2.76257521135781","2.89591571195678","0.700530371079024","-0.834134641163427","-7.35712791189628","4.65547129193713","0.173644997627926","0.908368354193797","-2.69016435400902","-1.53900804059352","6.17844837747745","-1.90950869635987","-9.51570760539089","0.654656996763431"
"Random_Index23_13_0170","-3.20284100423979","2.14219384955703","5.60366561691867","3.11201384839525","4.78629228646088","1.95725003882976","4.9978212103055","-13.017034421402","-2.94916295043087","-0.302042414700414","-3.82861549360103","-1.15029923509474","-0.718570558511953","7.01726055931926","-1.47518450857538","3.09550447468285","6.3082761081422","-4.72444096469803","0.308406333690642","1.04468385507937","-4.26404201105064","6.94693413503042","-2.13176863614875","0.174365865543967","2.17444208712652","1.21516469809176","0.433814254927527","-3.82716125800595","-0.524581235729434","-1.02661410149672","-4.0333912830788","-3.15304719502386","-4.06384718453579","-2.9563812056946","2.9327194601371","1.75272549195956","-4.38336005150236","-3.36261071782043","7.00307161104743","0.0105271938667705","3.33871865761361","1.39898436907769","-1.21488526013965","-3.57521566880173","0.0881522691617433","0.868298339870935","5.05586860549154","3.14873214626591","-1.93717017843752","-0.745044283142963","3.56135840269494","-1.28730176242811","-0.746175579752995","-4.53698761049165","-3.56801485852356","-7.17028792616357","-2.24784425564961","0.936772572011681","5.04118403038785","1.13461396706888","-3.22644346098711","5.77761954725322","-2.93517264001142","3.69361998993167","1.1073891865547","3.26952060163776","1.62380435994171","-5.6931908124823","-1.01447574241759","4.48320216917766","-0.119599103210726","6.64272218142925","3.1443683614296","-1.11083249633838","-7.15946595672148","-4.50448204474439","-8.96096824439521","-4.07473250522307","-0.438125649952298","-5.19024716280882","2.31425577827948","0.136651119157813","-3.312203632791","0.824379867409209","3.71465202724101","-6.78057087968143","-9.21215257417402","-0.728157865089765","3.39514883643634","-5.7091484125792","-1.33037849842139","5.44842417749653","-5.10574022233325","-2.34846243487588","1.39902636392441","-8.43274348434018","1.77409842882887","-0.481665650749978","-2.38101123338444","3.34275846484443","-5.24192218535357","2.82659172947877","2.79899804487566","0.6869039038082","-0.672331710641441","-7.53483506130356","4.5887391644795","0.168908359468776","0.822617265720146","-2.70693129678167","-1.6679633402674","6.20061464687267","-1.95445951756721","-9.66037290712869","0.731242782060449"
"Random_Index23_13_0171","-3.25940862524719","2.10629905796102","5.54982870788162","3.01592952176626","4.7260412545086","2.32257975023928","5.32587752574072","-13.0680101023082","-2.71832504359072","-0.156404195833763","-3.6249751206896","-1.13569200259854","-0.454307221982224","6.84971569960283","-1.28242210294503","3.07692251699174","6.29396594449705","-4.65658757695153","0.380400994554749","0.790065740246834","-4.46519538248181","6.73352474909267","-1.89350177763437","-0.013776732829988","2.18817231479134","1.23607593928734","0.264106703997732","-3.66882293968211","-0.674448727364653","-0.82724539764744","-3.77651693687794","-3.06855421125269","-4.01930049199969","-3.15043012059001","3.12568266406709","1.80420150642486","-4.16343831980764","-3.23714158714343","6.98395213341703","0.299416943107999","3.2850620790458","1.5508270701838","-1.14229191947959","-3.49370986010182","-0.0297645062873753","0.979996543034371","5.04403017600203","3.33035075463435","-1.81307925142994","-0.711601315797228","3.35054668810857","-1.21937139110951","-0.656360887968645","-4.63530900429872","-3.72434013118006","-7.22885741385566","-2.42603413541052","1.0897953803835","5.09983400073646","1.18801982757451","-3.11550449952023","5.79376001303363","-2.86808788327483","3.62828838631622","1.19739487146343","3.40183481176504","1.71263163924161","-5.81296523941672","-0.983555794582006","4.23625761872668","-0.117262714009661","6.52139101371527","3.1624310237088","-1.06311276822669","-7.0356374224196","-4.44548433572648","-9.07724213746057","-4.16178263054214","-0.259111426084708","-5.26988048781388","2.35934394283352","0.318140322612716","-3.00342155022143","0.778946072003698","3.60132801062534","-6.68603966327674","-9.39454498964469","-0.666923185971145","3.38705046279125","-5.69874981629655","-1.18552207278458","5.29151369061185","-4.99938901524406","-2.25236150386178","1.40103500516395","-8.48177716759266","1.64290550651076","-0.183255913650908","-2.43764703095805","3.4091527647289","-4.93329573413475","2.89958304902988","2.74524167029737","1.01811298205843","-0.615094923439434","-7.76674620608279","4.58382015290201","0.383131346464127","0.632628536044559","-2.77289197687252","-1.71227061690516","6.28814302723741","-1.89344073212129","-9.69806779042604","0.941638275229724"
"Random_Index23_13_0172","-3.16262093615475","2.13869112087754","5.45403643242972","2.93968317595769","4.82475368152051","2.04210575002346","5.33625911697094","-12.9150525853992","-2.68640204558956","-0.218634919516696","-3.73328542464277","-1.06908991302851","-0.469214430599157","6.86013632165267","-1.39089494341371","3.14031668385487","6.21058127303987","-4.77333352099006","0.315978490680259","1.06329478878237","-4.34527106289272","6.74401233346143","-2.10505783780212","0.193217510090376","2.24920787938927","1.40560255821714","0.488620696317959","-3.83526342455833","-0.50569556764722","-1.02900484851699","-3.94959915471772","-3.04940977743181","-3.96590295429126","-3.00280010179004","3.02505810383865","1.96427906527118","-4.22446878737587","-3.17526333670019","6.91035802632635","0.130787287184431","3.22111567802506","1.42901418277899","-1.2940173286205","-3.64199188038852","0.124871011290755","0.960185431433247","5.02698909038888","3.17203858260998","-1.78568238182985","-0.715145153650636","3.62234588728931","-1.31551753935287","-0.691449128104807","-4.46999952326091","-3.39677920206521","-7.0973629079784","-2.2335079949491","1.06707083091338","5.08874315149815","1.25799705222777","-3.25424159052808","5.95841085874821","-2.96059368767589","3.60146068861354","1.16695135247592","3.3162513502693","1.76473678785104","-5.70918408225767","-1.04303385180678","4.343508060863","0.171085259912895","6.48241786631156","3.07768877224484","-1.10728870655308","-6.79204797648992","-4.39781240186892","-9.12234143158391","-4.12769103345086","-0.504865531968487","-5.27973623445659","2.26056051324009","0.280441259072738","-3.03428913959106","0.763952637443592","3.66946222134676","-6.70057532413869","-9.04284319908526","-0.672914391322922","3.49786266937282","-5.56054130382522","-1.2427009825262","5.52145361085709","-4.97353740626991","-2.35364535917349","1.48129087214766","-8.38110438967707","1.81009907993108","-0.427749296538545","-2.12658577540133","3.38371504636301","-5.10193484630916","2.8098758653149","2.70793974677274","0.836061323181087","-0.784429775821625","-7.6506052447946","4.57291848876371","0.376476671886239","0.860362964309601","-2.76630962822082","-1.64590460860866","6.15916634644092","-2.04789433462754","-9.7668713687369","0.825018153283991"
"Random_Index23_13_0173","-3.19740453528621","2.19603490899427","5.65863165120425","3.23397503001745","4.8389292916433","2.13781018968602","5.15312062734741","-13.0284265953143","-2.87207266264065","-0.253389076371192","-3.73277368895092","-1.15757050114255","-0.601786534232245","6.93122943290569","-1.39041506695669","2.98166183931854","6.41378999771526","-4.64287386184818","0.264064680206181","0.796867816256278","-4.48328319415662","6.84078453750229","-1.94908300104434","-0.0445161031225623","2.41817360893642","1.1791018010315","0.239120297248505","-3.74374025770228","-0.479199446324677","-1.01629159906475","-3.87083928133873","-3.14003029736379","-4.11441962525448","-3.0677257362038","3.164580905862","1.65235820830405","-4.16882594988842","-3.09213027652072","7.14146853021075","0.027513000643582","3.28932300129826","1.39794150343902","-1.22316368149908","-3.52059608196423","0.0929562529909422","1.14016603675536","5.12082890787598","3.49109363684365","-1.87842577799908","-0.560786667255596","3.49267906737536","-1.32963313898902","-0.73987371412928","-4.60348551707458","-3.6407383167909","-7.14781004465445","-2.07086859456228","1.15552637773793","5.1019100988252","1.13149332059978","-3.09411448478386","5.9069583411645","-2.87798967796207","3.68876693115185","1.0532169902066","3.47709119124551","1.52447440633087","-5.87841792637718","-1.02321073480444","4.38993924224349","-0.179596559768145","6.73178057254341","3.28929135873119","-1.09844978655889","-6.90544950600268","-4.45032278215639","-9.06596339667951","-4.03232733554944","-0.456560475767571","-5.15925791224643","2.4909053761759","0.217557386451689","-3.06347270750469","0.804088525075427","3.70261608725295","-6.71042366519983","-9.29627270966619","-0.78847859757796","3.49116294280408","-5.69825214029839","-1.12236427697925","5.35359510968947","-5.0027984967017","-2.1653360911541","1.34272029490395","-8.64397175693664","1.68213437800235","-0.394035943865734","-2.39387772830281","3.48478236576366","-5.12557726255515","3.00985019242525","2.86966579906321","0.773726462375938","-0.666723314337785","-7.632371491064","4.75772356979473","0.358648265395108","0.786135079092952","-2.71420745400513","-1.68891252033297","6.40512071768833","-1.97613131024544","-9.77601906455367","0.826422126056269"
"Random_Index23_13_0174","-3.28249664583873","2.17685260530236","5.61453433487584","3.11424071244236","4.81037455445594","2.14049225142232","5.2010978553109","-12.9812267238162","-2.82156777149267","-0.2294542979947","-3.72546134746868","-1.14517413540586","-0.569009086492445","6.90423330834145","-1.42532345888083","3.01363720152469","6.31664602636901","-4.61969480002386","0.265660716023801","0.834749830622195","-4.39648383767457","6.88986721313164","-2.06519404847285","0.112376811767196","2.37129873019743","1.24028390978758","0.295103944886786","-3.83173465716226","-0.565395748507452","-1.0820470780606","-3.85808404483013","-3.14616069941094","-4.04900600376037","-3.05029390107424","3.13243627259346","1.61980871621417","-4.23698849847129","-3.1984111969444","6.94669910624475","0.0393885896313276","3.34760468843679","1.32083155536608","-1.23998575098002","-3.61157411164927","0.0435515576596671","0.893340000336112","5.13151805158067","3.36039424921838","-1.95521319410158","-0.563742253970706","3.51401495370639","-1.38999349090661","-0.778230646304986","-4.57310415242618","-3.63082648402324","-7.10482313196342","-2.2536612263469","1.17285744259315","5.1671380791341","1.17836515272784","-3.14628651110233","5.93279661665204","-2.84149336507183","3.72226443213309","1.07045451263591","3.43574388958828","1.66327966968336","-5.79770964495721","-1.19091597001689","4.36654923167526","-0.128431519800816","6.67106942013647","3.21643674193535","-1.0963104900167","-6.90946839408173","-4.50955277255973","-9.14561965046728","-3.98679350008127","-0.39662116930026","-5.17271006991469","2.46075614898723","0.198509187029586","-3.047818081581","0.788525095281723","3.69801058278516","-6.67832014323624","-9.19314230259029","-0.831730141403549","3.52028705779359","-5.63372326551734","-1.08324275138101","5.2393449769682","-4.97493296319338","-2.33925632357186","1.3843573714568","-8.44230846803539","1.65530127936856","-0.420812147887512","-2.35661851628511","3.47100153808503","-5.04510949670167","2.89919491539093","2.87230572543332","0.837718111855822","-0.736263789138089","-7.59375713969477","4.78342362504129","0.206196367172854","0.829020826367218","-2.7518045008224","-1.69314519134583","6.35920535993061","-1.95100389529248","-9.73248687279662","0.823515791963224"
"Random_Index23_13_0175","-3.00499734714696","2.0303128314128","5.48358576567626","3.05578244107459","4.76855979050654","2.27474428295081","5.01425731976844","-12.8374325794259","-2.93856543384602","-0.0489556023789763","-3.46766566133279","-1.03544299054086","-0.422525353637977","6.87077520051779","-1.10632726053917","3.13586884631282","6.31764929036197","-4.7252726414873","0.481762809875595","0.90417486672833","-4.4538423362778","6.74147630743079","-1.74952025791324","0.0494967765900313","2.16340594138499","1.26688029352644","0.497589634834252","-3.56084210155246","-0.611757205496858","-0.798132615791346","-3.81664593176817","-2.96338392835748","-3.89478027120783","-3.15040845523486","3.27698932876998","1.73345553152553","-4.40325902676854","-3.30934406337456","6.97641777943497","0.238873232965658","3.20463006323666","1.70626397016475","-1.056212929405","-3.36758044593399","-0.0619290833582832","0.843816529602073","4.993750198744","3.19216478561572","-1.94565592112822","-0.765070618296237","3.45451095096804","-1.17648889509783","-0.591228894772895","-4.40025142034284","-3.5735035735087","-7.10386892580769","-2.15494772649631","1.29600484082569","4.94897947736046","1.07670433602212","-3.18412324902453","5.72256244196181","-2.75843831270003","3.52652222894435","1.24101281099545","3.53919736984638","1.67671403742428","-5.74073798969104","-0.989204835909273","4.28059608722386","-0.113652580425059","6.67426706154752","3.14912354840283","-1.13244586771119","-6.89242034436346","-4.39960638798201","-9.16518670773239","-4.1845208257899","-0.24419722832139","-5.26543733055877","2.3154100723689","0.459653508762495","-2.88772561231305","0.756038751483225","3.67395554627716","-6.65478369546842","-8.94353157121338","-0.647863118027056","3.35389769601325","-5.68029272009386","-1.27516983768972","5.35104425923012","-4.99527109976306","-2.33578520816068","1.44617656542034","-8.38973904441274","1.71297175001243","-0.201578713171538","-2.26450622134452","3.66943215083283","-4.95800239315083","3.17544306508374","2.79298992768481","0.985714492665939","-0.652248659972661","-7.68027781648744","4.56264943285368","0.486209281841664","0.68843600998077","-2.5363732833429","-1.82120982100493","6.12754586490373","-2.11425094998102","-9.55984288139899","1.05826973791319"
"Random_Index23_13_0176","-3.08727765324894","2.1431524705375","5.50419597997798","3.15517870488419","4.83609097676161","1.99232366001279","5.10341461050048","-12.8562165255389","-2.89140186167584","-0.275743670064139","-3.82202834181382","-1.20110635888059","-0.619982082977819","6.89828370136191","-1.38755770499815","3.14671705732329","6.23730083786024","-4.70370855040608","0.201062041421108","0.907879186755964","-4.20909318771354","6.83216451405866","-2.06671393314036","0.137546560623923","2.3151431391058","1.13835244393369","0.42271903994307","-3.80631844743539","-0.546008191049967","-1.03745902399502","-3.93257732012469","-3.15933932723527","-4.14573347475774","-3.05876135115914","3.03339294849329","1.64909812108747","-4.25203540045875","-3.15634081585061","6.94191945822849","-0.00509592445319644","3.30965816306323","1.29279376504055","-1.27743183474847","-3.56015299535148","0.125423065470271","0.95550781783899","5.06471566907335","3.27248247629432","-2.06000053213533","-0.564169820180684","3.52673542743452","-1.33112190440015","-0.7630324779813","-4.42349907994241","-3.57715038979062","-7.11701672650261","-2.0425691925115","1.07081050767575","5.07559619894108","1.14015258386604","-3.17164623746648","5.84214768080455","-2.87325443441277","3.69904540174027","1.11826237684317","3.29693348020156","1.55197374689667","-5.75926589163943","-1.05849841933523","4.40134935001674","-0.196207961578936","6.56665341562956","3.13561808204501","-1.07385598101577","-6.85291399274492","-4.44311867059971","-8.90773423314866","-3.94728973137889","-0.408401987227466","-5.14220973659283","2.43986920277668","0.131183820596971","-3.07491359846874","0.794418587332645","3.72372730183997","-6.68022739904648","-9.11196040226945","-0.745582264570125","3.49495629159155","-5.67080225295296","-1.13324183182746","5.32881328352692","-4.94560338457273","-2.23492364569007","1.41876425270982","-8.39476757998825","1.71387875716164","-0.429591133611002","-2.32411204432323","3.36725629570865","-5.06746445602611","2.84216061076823","2.88596745050977","0.728951511966884","-0.766597610640059","-7.6023617684355","4.69665532094499","0.261778787319364","0.835904964335196","-2.76006215797401","-1.61583672589434","6.27760218535992","-1.99947568171937","-9.54683647219153","0.787546389989093"
"Random_Index23_13_0177","-3.20442806138854","2.1506340261093","5.5667339774494","3.16189515464077","4.88578553510104","2.08411200733914","5.24399133224951","-12.9712145211963","-2.86274838351052","-0.309421476686659","-3.7775929584484","-1.2245465748915","-0.590748152811832","6.97375947965039","-1.4273724506358","3.11762223521231","6.38608637351711","-4.74275562647935","0.233170964075296","0.874496064470537","-4.38650788580013","6.87680906361355","-2.0574865128282","0.058049383412206","2.31523901785372","1.13964070521176","0.409369382992563","-3.84748369839668","-0.55629372597359","-1.01822622525472","-3.86391281454452","-3.11030815430597","-4.02995871965036","-3.08774260556008","3.18655791399755","1.67062815903738","-4.20034083202679","-3.14256426579358","7.00071634491527","0.0336927617003708","3.32962040653409","1.39259938366315","-1.28298437758801","-3.64897701020468","0.141724098788404","1.04385492312111","5.09241960153346","3.36331576505562","-1.97284422585058","-0.552504790643272","3.53091321075619","-1.36464648173564","-0.707599613670975","-4.53170100415303","-3.57788721767535","-7.21773592067434","-2.13080276379087","1.21026448123377","5.15018459312724","1.12006223277392","-3.20146685866249","5.87863781439983","-2.85532575550352","3.70587851371585","1.08003486905316","3.43638131404298","1.61191136897628","-5.851367732723","-1.05605765197418","4.44274953650113","-0.0855762556666386","6.62607930864153","3.21233905714368","-1.08796030580944","-6.84630658169264","-4.60955312976607","-9.0641125920493","-3.97935979047065","-0.449782886762166","-5.27315653439927","2.51694446136658","0.215110544422399","-3.02446323330651","0.858812204319776","3.75617854397392","-6.75331208567011","-9.1955975529903","-0.803042088576565","3.53403869651493","-5.66020182197184","-1.07874700321218","5.40498717077787","-4.98394008678704","-2.26389193802002","1.42733748305335","-8.53478340736361","1.69037551947181","-0.41150909761948","-2.22970782998507","3.53588611770606","-5.02904060452029","2.97212377736654","2.90479732853829","0.771742292552864","-0.760532886564105","-7.62628254445096","4.72557906465568","0.25568077550113","0.774337287279544","-2.77824334147764","-1.66429959676096","6.35458210983955","-2.1290174809561","-9.66654270337889","0.910669299546631"
"Random_Index23_13_0178","-3.18874243118916","2.14343842245798","5.62626664505122","3.17736491829364","4.88827859337365","2.11489574880306","5.28800513255029","-12.9848905973539","-2.86111547808265","-0.2998342596105","-3.7585727345211","-1.1845951933663","-0.58534684288066","6.99422330423173","-1.4597154576034","3.13118590879774","6.40915714053817","-4.82696819402204","0.276711705808335","0.898571023602557","-4.37903080817148","6.87845698108877","-2.01125725440375","0.0653751661143313","2.31703246642719","1.11984807915032","0.402363797472832","-3.76956548852567","-0.539193102699531","-1.04650227350465","-3.92653088117406","-3.02328909781269","-4.07350474724057","-2.98889239526893","3.19068114121172","1.73847099663326","-4.33102349151005","-3.12840618455803","7.01013673923587","0.123774770048729","3.38491456999765","1.422035422985","-1.33970180250232","-3.6424252171529","0.108898047536625","0.975511262288052","5.07976909324056","3.30098214172078","-1.86931662330127","-0.674900266324021","3.51814102784556","-1.33108226933614","-0.733264449941557","-4.63719262300232","-3.55377671696027","-7.32287313133494","-2.20730250004578","1.15009290532372","5.19875096395241","1.09134322391261","-3.21647169713346","5.96799567913241","-2.87697382092692","3.71680424559158","1.02533041454827","3.43058161780941","1.64176621174257","-5.93017690067218","-1.22673708154587","4.3638284903447","-0.127816434904058","6.65827505051131","3.21171126468999","-1.18425891118865","-6.95516030324146","-4.47340862583344","-9.08328111368529","-4.13636357605863","-0.430702930275507","-5.20121451076838","2.41854958787543","0.239418740577793","-3.04534751129305","0.863257098289629","3.69984022846392","-6.72148811762464","-9.27984953078308","-0.801397678346846","3.54200791112024","-5.74739053317446","-1.19707657220838","5.31798130043286","-4.94825542159221","-2.34809311109895","1.41202746105474","-8.49235236314222","1.72226677541588","-0.342420918786562","-2.35440946952329","3.51852697686184","-5.11835884520527","2.99848140106893","2.89334549599767","0.816228518055445","-0.780089589036229","-7.68946894859674","4.71477214187822","0.287068736365096","0.786843419840474","-2.87922433313305","-1.67304365354702","6.25835049224202","-2.05001415977102","-9.76959180428495","0.879436281812116"
"Random_Index23_13_0179","-3.19661053020223","2.1830686695045","5.70546580182319","3.15394930845557","4.90192245533124","2.10329854848049","5.2676079666304","-12.9094009570318","-2.75972475666579","-0.383762409653182","-3.85843693280387","-1.28363008701457","-0.659888046658696","6.85872576189559","-1.46093105272496","3.02972239761065","6.34083762092418","-4.80066018120497","0.125393807641099","0.82806557113599","-4.29216969444116","6.85078178804183","-2.08066258913654","0.0523593445232988","2.32690739049049","1.0276080622617","0.333575019794132","-3.8139198236158","-0.605975680575243","-1.01497535548773","-3.86801711444798","-3.22669461853924","-4.18945627419052","-2.96968418864161","3.18877939329076","1.49247733068438","-4.23092981392823","-3.07255163305797","7.01800010691977","0.0352823956735399","3.35843745875824","1.35151322051207","-1.33995246088491","-3.62382237602889","0.191843044923021","1.0894205006557","5.11853665103471","3.34678685703945","-1.87686571757822","-0.544666466352424","3.49193322791843","-1.35616003157691","-0.865239783645356","-4.50351014411995","-3.67045241128303","-7.15816366847384","-2.13765950373279","1.22851344511633","5.11904009775057","1.18003666734945","-3.22275429176932","5.91482437062487","-2.87678960701789","3.69212068217182","1.04819683347217","3.39245624244282","1.53126393231859","-5.89264718151953","-1.15146763732232","4.45459296267914","-0.198784469996413","6.57439685244323","3.20362041054366","-0.990420691996843","-6.74155968550382","-4.51689603047457","-8.89200677322655","-4.01502596903772","-0.410428222437936","-5.14948439537478","2.41235344416481","0.0593772334815479","-3.08160553176715","0.906470221753211","3.69261175114812","-6.61805944057993","-9.20949286928574","-0.853381669661789","3.53177779380448","-5.54974466584486","-1.12612460999403","5.40857412695935","-4.85626805737859","-2.28020527863428","1.36419708758224","-8.46463107903784","1.69857854267733","-0.373929759428177","-2.42796806631942","3.52455022888932","-5.02691984728518","2.97779123857064","2.86721091012922","0.783812929076754","-0.657885539817572","-7.5291831549997","4.66645566872478","0.18910320419206","0.823699731061536","-2.94221079017406","-1.53663645616613","6.32505159806408","-1.98045438733833","-9.5922335564094","0.74709614740492"
"Random_Index23_13_0180","-3.09185734363148","2.2392151593833","5.6873043335041","3.27826803824092","4.92275431948738","2.01135972253048","5.16594239332679","-13.0816692180806","-2.95426662666389","-0.309868507318122","-3.78505034488276","-1.21835830662205","-0.653845678865311","7.11797465981003","-1.43127741635485","3.23984447853412","6.30462580922541","-4.73844007887881","0.247652410415127","1.0414556305289","-4.3300218418586","7.03580194050381","-2.10377642141485","0.172443590960219","2.31006866377981","1.15071142078602","0.484117318538396","-3.80466044098135","-0.579081236971115","-1.05886991937503","-4.04232318138179","-3.15639036840795","-4.06546296563523","-3.04123692800546","3.08218289025394","1.7904842528663","-4.38259785968691","-3.31399159763327","7.12656980870914","0.0878325140386267","3.45697543336293","1.45702024667285","-1.31915630320813","-3.62455068803891","0.146954275750205","0.887747266733471","5.22636511622505","3.33848694676104","-1.93711225276196","-0.635088606589544","3.58204204204359","-1.39550548438974","-0.74053004119163","-4.42608100555179","-3.62607996139078","-7.31763434639196","-2.09354032609842","1.07957613235299","5.20970018951344","1.19491732146726","-3.27155127625115","5.91774572821784","-2.99982664065639","3.75668650703522","1.18965994357162","3.2733921956092","1.6301119747177","-5.85480917396135","-1.04470986352828","4.58541774024321","-0.0973802890085141","6.73994843246233","3.16876277721628","-1.10344879928665","-6.89810277985225","-4.61991080179869","-8.99607023985727","-4.07924858889023","-0.507205180110376","-5.19609851255303","2.5260337275101","0.19625387850559","-3.22211686185558","0.813094810320375","3.88366001365672","-6.74871653437689","-9.28956097290778","-0.754329686605203","3.50465497885614","-5.5906516753465","-1.09809923891903","5.491102848625","-5.03255798123495","-2.23442353589439","1.5203809493908","-8.5501933191019","1.75342288314529","-0.42423703683991","-2.32044693145348","3.47917298596271","-5.17135166739122","2.97707222138539","2.98562081177163","0.719144892669964","-0.717022488962498","-7.65100905687544","4.6882583256732","0.168536719218323","0.815249753821165","-2.78659471630061","-1.6597117784036","6.3348941117316","-2.14784957844876","-9.70088691166363","0.870682764602491"
"Random_Index23_13_0181","-3.27662724947102","2.19739727077567","5.5887144288549","3.19844850542211","4.84992340785405","2.12234740821747","5.21701789548793","-13.0680212171415","-2.73434830160865","-0.344712740964438","-3.81538098450583","-1.24726288256186","-0.67117586276881","6.89369468871728","-1.53350161782562","2.90985213622669","6.40204998322039","-4.6531709536938","0.177481582348347","0.717483175064492","-4.40331712673811","6.84614630093684","-2.09795015915998","-0.0641048670855474","2.37182282328626","1.10223999435018","0.318745468154357","-3.8441093628718","-0.606380984682031","-1.07064705510937","-3.76223538460877","-3.08894746757679","-4.0230913109526","-2.98955653150905","3.18621843224309","1.56159662186571","-4.1576039228872","-2.99655019991085","7.03319916974561","0.0718941387814297","3.3947940799882","1.30240772003318","-1.26283072184648","-3.59878980512671","0.170020651124341","1.16735988389931","5.10148529645779","3.48211651556756","-1.86373917547175","-0.489536547821303","3.42596018464289","-1.41243074219998","-0.720013781460174","-4.60659805377226","-3.62182820045593","-7.22699524279555","-2.26637077354159","1.18192039438413","5.1702252169134","1.16687414265602","-3.16985418865302","6.01223583531067","-2.83631831922234","3.77367314471042","0.91734246402834","3.47833440579569","1.45905488146839","-5.80129345161327","-1.11503184743368","4.37100788547429","-0.233208138000839","6.6760306202934","3.34918334511643","-1.01355337183837","-6.79261574728606","-4.63712292978322","-9.06899550009273","-3.85472399560386","-0.368412395524561","-5.15509131460678","2.5174169389144","0.13301705286429","-3.05030937127943","0.881852892988254","3.6986663821268","-6.78236221422611","-9.31419481589317","-0.89590886752913","3.67292224419917","-5.64588261700179","-1.10278846118926","5.3245538894427","-4.90953120530788","-2.20748476195309","1.36487198037429","-8.43800386865946","1.57669046263915","-0.341851057324877","-2.28869332716228","3.49469203718882","-5.09386115548893","2.91020756773253","2.88822804898206","0.73889901968868","-0.707177130438525","-7.66897342737437","4.8731127600783","0.226454157502368","0.84970753511027","-2.71591683642557","-1.65290325466705","6.47339501144327","-1.87474700916984","-9.7462674666513","0.794847562118194"
"Random_Index23_13_0182","-3.20203580434764","2.16431515236298","5.68802315903405","3.24615618342077","4.84221488169142","2.00248881737856","5.23424735455977","-12.9895274826842","-2.85819149395988","-0.350081604199085","-3.8269464176922","-1.31650755323119","-0.739076568082004","6.87748522081948","-1.50675122533423","3.13769293784125","6.41078600893831","-4.62775841824246","0.156455167272793","0.963100738636803","-4.32905285617539","6.84964413592541","-2.13618698628826","0.0634746992148029","2.45430445645294","1.09093721233476","0.398576302197682","-3.8941258092002","-0.533331239981442","-1.04428877678679","-3.94507757996238","-3.25148118992604","-4.20755206112846","-3.03691530279688","3.15277374485356","1.62269221569449","-4.24883306047969","-3.05691857553568","6.9962349877054","0.0840342358454723","3.36967069519419","1.33332234549315","-1.32938906257226","-3.64451596964167","0.193727803813702","1.09742323138053","5.07552620286666","3.31238704610982","-1.9303819101252","-0.50941906911488","3.52303798545787","-1.43040056055339","-0.837823813565995","-4.425590232743","-3.642836738865","-7.13252833900629","-2.00643913585846","1.12831946794474","5.14268980959848","1.18962128612481","-3.1208444834836","5.92728399778091","-2.83710356706773","3.68863148564319","1.02720187717737","3.39336232858814","1.49405975178502","-5.98251885712434","-1.09207782625047","4.40826997161251","-0.092359015145216","6.59125965744875","3.2600132507687","-1.14184232101547","-6.73641883710206","-4.58395408098006","-8.92783969656026","-3.98675720721131","-0.369719522146426","-5.16191810026543","2.47354716447784","0.143016431963919","-3.05398494933923","1.02622053011868","3.711269010017","-6.73624176788659","-9.23595214960415","-0.857213023632145","3.5494470645671","-5.56518065607547","-1.08987158545126","5.37025365483497","-5.07197997575204","-2.10908993151769","1.44381034001803","-8.39684270403573","1.64060131990801","-0.408529215807454","-2.35778373351136","3.53709709777131","-5.08508037122828","2.99597057074244","2.93620665707511","0.728973388112494","-0.702151108901938","-7.47633313581022","4.70010946908168","0.160274100953434","0.849096769117582","-2.72995203837303","-1.57451837186465","6.36209038726922","-1.97414502572733","-9.5743708055724","0.873719850542071"
"Random_Index23_13_0183","-3.18858283548515","2.17639186043642","5.6541633605357","3.18276254600839","4.8442277980008","2.09559084659289","5.23075020816372","-12.9685571740931","-2.8609861986302","-0.338889742189408","-3.72049788118356","-1.12261721302448","-0.609348695053492","7.03577198961547","-1.45638526482088","3.08411492807988","6.39792438989014","-4.79452945442415","0.311400628250732","0.803633788562609","-4.38303683493755","6.93649954122523","-1.94559532404633","0.0366293252245454","2.26854877585189","1.27362406044287","0.550430938062199","-3.79553299301497","-0.488538840213813","-1.04043752408356","-3.88971569687172","-3.01854306781233","-3.91430385871994","-3.001459045132","3.12066787051934","1.67485081321434","-4.26567094323137","-3.03511684956322","7.08960173319498","0.0616410404633464","3.31960136850874","1.3821015656484","-1.21497961290231","-3.60143138436965","0.0906329056142844","1.21072426808422","5.11865166307082","3.47869814930601","-1.83194439701031","-0.66566471041516","3.4692882232256","-1.38766407859687","-0.690794542802579","-4.58543158822978","-3.52056691468685","-7.24420282887793","-2.17729923657236","1.1345585857963","5.12915610897015","1.36341503548722","-3.26554105749127","5.92991885039295","-2.97960547052597","3.72344289890136","1.05535976267347","3.51935453058341","1.59382438433925","-5.82722725844448","-1.14728594405665","4.39839487879128","-0.00179898230511534","6.76058056386015","3.2903702586753","-0.987947389964853","-7.01553186685178","-4.43905185875955","-8.99611355076541","-4.07067387974548","-0.515122556635789","-5.28591887044313","2.39013358697242","0.229829147888853","-3.16019249710119","0.798616595535989","3.77735711616998","-6.77654834156845","-9.27301749447891","-0.811733338545176","3.50323169542099","-5.56729874888104","-1.20654727198618","5.4701761191623","-4.99443023500316","-2.25241331978548","1.43061938919883","-8.52140227078301","1.72611654223669","-0.433267118566537","-2.17268799294365","3.50972596824414","-5.15886601029817","2.98094133040256","2.87261951192078","0.773330308453745","-0.628097504914925","-7.78438452926166","4.78322356737321","0.301635249653752","0.765354253148635","-2.71480781108294","-1.70864433569877","6.37429378611059","-2.01673576401711","-9.8104866211806","0.799839789004169"
"Random_Index23_13_0184","-2.92773307052311","2.16446768722634","5.74654951359696","3.24107685251887","5.00580477469084","1.94564982611685","5.13047199055413","-13.003129115292","-3.07583276508432","-0.398820499517653","-3.86614712174365","-1.31657706987553","-0.779921261407895","6.96193437469456","-1.52167291381113","3.08184116422153","6.30171211474312","-4.6999349277913","0.203563446860422","1.0875097658203","-4.19724483284852","6.99268640849211","-2.19799657117409","0.171665366588254","2.41715796475315","1.15768764059885","0.512488546498676","-3.90873139325774","-0.470057961006306","-1.05987187882945","-4.04417753081695","-3.22062264811539","-4.12320553003189","-3.04210117202224","3.04332936601448","1.69132906511474","-4.32672986698573","-3.14147440830743","7.03535772334999","-0.0911145715976356","3.42557289988214","1.34490902878484","-1.31337559777638","-3.57565846949643","0.143103039532757","1.03244094868018","5.31561351319638","3.27086655538207","-1.83499040803936","-0.514425978555841","3.57780512206963","-1.39659848959319","-0.834038338400315","-4.43257899812852","-3.55814694165398","-7.22529285926529","-2.02508496897692","1.08561901913774","5.21065668447575","1.2805360209549","-3.22410635208337","5.94263468666505","-2.98613622046625","3.75443246020511","1.0580073564401","3.30355565498548","1.57665240067458","-5.94787838368023","-1.09721788478034","4.57538256853171","-0.110484929327955","6.65577997623085","3.23054104151809","-1.13529813277814","-6.93914895463546","-4.69344803215091","-9.15696172679491","-3.97848556927565","-0.416931528763713","-5.255900755136","2.44345067586957","0.130431780493954","-3.17857383114006","0.908223925197339","3.71207932048232","-6.80210167788124","-9.20133166748286","-0.815150302980095","3.55042543431454","-5.43079103822418","-1.05669030500758","5.59351835095219","-5.05751049276595","-2.31308146814852","1.47880150538705","-8.53083165375168","1.6504877054509","-0.409124177658853","-2.29729269326068","3.43437506396729","-5.24317949000734","2.89760133691737","2.92397484397698","0.627664493383974","-0.722596857677793","-7.52517751913311","4.70393085683174","0.15264718688058","0.887277885779172","-2.72371974527578","-1.65960410828516","6.26350192113434","-1.92320954305217","-9.69599760409119","0.759186936779062"
"Random_Index23_13_0185","-3.05307355736049","2.04858987580974","5.52516502952263","3.09486847825535","4.82621829209619","1.9891089100441","5.08004329703299","-12.8040813043501","-2.89681093227125","-0.24847900296061","-3.63434011638215","-1.09892050124557","-0.531981261342892","6.89150134520886","-1.34064251399974","3.16633310995443","6.27568562797956","-4.76951709327994","0.379086810032806","0.899632845024532","-4.30055677616165","6.80738713127741","-1.97019317508111","0.0934783305796143","2.23805841527821","1.16998572168225","0.454252215893629","-3.68281916408611","-0.472972408355599","-0.935016689181501","-3.89162820466199","-2.95750928598305","-3.99373615899671","-3.10629095119408","3.0786079622939","1.70269064681761","-4.32056769917045","-3.16121158765625","6.98012688705451","0.0534705165553444","3.18722520189577","1.47983510637442","-1.15958102723574","-3.56673098109702","0.0610270685868452","0.973099322111534","5.02579063694377","3.21734182141089","-1.95641697682753","-0.686181641129674","3.55153835499575","-1.24252284134126","-0.619773658662502","-4.36110986668156","-3.43704409608084","-7.14258762062283","-2.12005293506148","1.1387498767756","4.98090239252619","1.09973254398579","-3.25009889917444","5.7251803066663","-2.85105466077714","3.59642264544699","1.15348808743298","3.36756882248743","1.57962597807644","-5.73135334604745","-0.905530765964256","4.4193958375675","-0.00493019401226137","6.56872205140052","3.06867280417895","-1.11987397038473","-6.97149946024904","-4.47768666247171","-9.0398234349227","-4.07072424552321","-0.398506021270754","-5.27693693953773","2.39507915446586","0.132926923481969","-3.0823389710792","0.720485178599935","3.67219787523247","-6.71139280166465","-9.07340730634087","-0.704106834285175","3.37341446371817","-5.69234696678739","-1.23414445853004","5.32050119732565","-4.98617764139816","-2.30353816700697","1.45648832426209","-8.4328442121714","1.70566204152583","-0.365689719513756","-2.2899248512676","3.4863600642942","-5.0439333428381","2.92901852707156","2.82732163857316","0.742446162916169","-0.712261232165949","-7.55333403679703","4.60384494830132","0.251327021353339","0.61443360950911","-2.60001633200777","-1.69251467714465","6.17571145744352","-2.07476195883383","-9.58774649029829","0.767170157935826"
"Random_Index23_13_0186","-3.17985676449592","2.23592287175873","5.75515703996113","3.16689576189047","4.93636217789683","2.0694419421811","5.27649670258426","-12.9176608200496","-2.81661951065475","-0.343042324142138","-3.75411463278742","-1.21559302981325","-0.631735075005423","6.91650814301296","-1.47951796312741","3.06644986991451","6.34895730220535","-4.68470916379809","0.168916816043859","0.893694695090897","-4.27429504753082","6.82438130917402","-2.1359029834504","0.132969684129021","2.45577204099867","1.05606137348075","0.378404812747131","-3.82713318694965","-0.503459936155493","-1.03556338312557","-3.8790705029373","-3.20813661203939","-4.11415699496976","-2.92986868814283","3.21744085068152","1.71326138687133","-4.14604362460714","-3.02389397093114","6.87029456379285","-0.0512792841175705","3.34772871603755","1.31058219804454","-1.3369074333271","-3.74179306051367","0.218186288338972","0.977627472525234","5.16390993222051","3.32082818543383","-1.83451273813673","-0.525361830161981","3.70057468586244","-1.29691277119131","-0.776403620847535","-4.4284910334555","-3.4758381108564","-7.18279883035859","-2.08168612281688","1.15168713010869","5.06470866026388","1.2573618766366","-3.24709369512852","5.96946354875529","-2.91354183941574","3.75865729685067","1.0117742804438","3.42852427205096","1.61477237313334","-5.92271294591285","-1.12757911822033","4.37659561109601","-0.189294846293482","6.63765395734433","3.26468609108119","-1.20081369471489","-6.85312079768012","-4.47621257794631","-9.0755215440462","-3.94447577384002","-0.54734983464254","-5.04375970783524","2.43954683579302","0.156918723043671","-3.05537282626292","0.825433064604798","3.70802857135274","-6.8101896285696","-9.3097861618001","-0.882406308669029","3.59469920026234","-5.76733391568116","-1.19701711842769","5.44038774857173","-4.79285465615211","-2.28631442282514","1.42044131052302","-8.51909013744742","1.80780296058012","-0.411173293978252","-2.16720280054483","3.55045612116929","-5.12399062644232","3.03277147239379","2.87109884912252","0.714957964438859","-0.881421654969607","-7.55800990936562","4.71094868213554","0.205075242177863","1.02988304054559","-2.82448988723799","-1.55005204448811","6.282511748481","-2.00944377121564","-9.76365938487762","0.779702064812723"
"Random_Index23_13_0187","-3.20922329317714","2.18927023829838","5.52999070913523","3.15703217292399","4.76075286369009","2.15668570668376","5.22675014155802","-12.918245987933","-2.80169736684711","-0.321257789734707","-3.79520533013996","-1.24232856583584","-0.684176013969467","6.95525730586954","-1.51345281171907","3.01774758468174","6.43077780673688","-4.7192545078318","0.153746553117229","0.900147188868847","-4.29380450948562","6.85760875438732","-2.02776850045653","0.0571610493290028","2.25202898624683","1.06136246915718","0.387919493546867","-3.79582441064204","-0.631175154717037","-1.06228247309212","-3.84156093940366","-3.11261517338228","-4.10267689183292","-3.05162051287384","3.2241621683161","1.63256904620137","-4.26548317475692","-3.10695068849355","7.01394156718607","0.153994073661591","3.33637022183797","1.4055535072493","-1.20566190668828","-3.59226895131746","0.109754607815933","1.16813597595765","5.05093024783014","3.30327653966919","-1.77576941082442","-0.614111091771737","3.4238106933113","-1.37274109619079","-0.746006412543229","-4.4778343717613","-3.58946324882967","-7.24844476849074","-2.13370880078571","1.26257334789648","5.09640638961692","1.13639382264922","-3.1794185001996","5.8460213894135","-2.84061452988747","3.6567019379383","1.10232247747326","3.53065239723746","1.59487488120838","-5.8179514750179","-1.08556307416311","4.42262034822843","-0.120944027622394","6.6173412752863","3.24297565705634","-0.99342316528861","-6.72536095686207","-4.5699405446886","-8.86499259470885","-4.05980846306063","-0.371163446278694","-5.2662794345591","2.46450354372445","0.189808198287126","-3.01285868249985","0.878407926438392","3.74153811636392","-6.69564108837636","-9.18637504679287","-0.797870436570747","3.52221204192627","-5.58711274390698","-1.19180238755345","5.38695133578813","-4.8809693127208","-2.25228422106369","1.38764131670151","-8.50111991083443","1.65860823837882","-0.475292419339438","-2.25476194833899","3.54935207568152","-4.95491083567172","3.04179668727788","2.85220048441227","0.854357837850336","-0.644221272420277","-7.61353274477973","4.6904502604413","0.256657866720156","0.689997997069314","-2.7739102264516","-1.6044341891541","6.28724044616711","-2.07933718130889","-9.59312803835084","0.903148802839409"
"Random_Index23_13_0188","-3.19690497993936","2.25169356123115","5.6386525251737","3.23950489714795","5.05495900875079","1.9502540140149","5.01723624669219","-12.843001802702","-2.89062393657228","-0.297479148668223","-3.82430262082286","-1.20127006961246","-0.688058018764614","7.09604364876112","-1.50532495838273","3.04386454405089","6.18481400050988","-4.87353523650044","0.227349145487473","0.887511949911425","-4.25454948739492","6.95240986636119","-2.1651448741213","0.268179495169061","2.36569973523554","1.09116274055126","0.419884998569382","-3.84416858473875","-0.37367766752724","-1.06502417262499","-4.05173585253581","-3.17577223903094","-4.08132643348453","-2.88965925769173","3.01718017390895","1.76889977167429","-4.13064837745535","-3.34340176294626","6.95264856043785","-0.0200825939585353","3.63722570055334","1.32928887684772","-1.40386249327694","-3.71580709417423","0.327765012137914","0.797947250001399","5.26843104081679","3.36344160878499","-1.99844280794154","-0.410685874749353","3.80450552684034","-1.35650810196918","-0.738344360263029","-4.67028175045417","-3.6843667602888","-7.35081114894474","-2.13599809655025","0.998053451458079","5.27636124847037","1.23829460082788","-3.19214241916987","5.98599939027567","-2.99123576599158","3.99728949355331","0.958806138803401","3.30728896485581","1.57946688646171","-5.89431722265434","-1.23411225152224","4.46996755098866","-0.183695316454022","6.59330058263648","3.40791858010744","-1.32044993926463","-6.9454795680374","-4.49911091023649","-9.01661574904732","-3.8692398830757","-0.601096655825166","-5.16904532681683","2.57575877076222","0.0952272875407689","-3.15477623450683","0.829400070940143","3.78940062771211","-6.69348982128514","-9.27054721812248","-0.858965507122333","3.54464818491561","-5.92099029264054","-0.979491583642781","5.35907636287592","-4.67258137686316","-2.13885511877398","1.47617299537827","-8.48776062206362","1.92596187680637","-0.484549832756144","-2.19286902994824","3.39131806209419","-5.16182338705913","2.93257206608794","2.93091768383665","0.59562845631964","-1.02101662509313","-7.61526118565011","4.66760470691263","0.161237850072695","0.914347578671911","-2.85324709211165","-1.46031623874982","6.33202288350732","-1.99679200197444","-9.70740287710992","0.724679190676896"
"Random_Index23_13_0189","-3.12459236832052","2.20049707645084","5.55392640869919","3.16189378316082","4.86908934294642","2.01583673841079","5.12963037595246","-12.8656906947267","-2.86124972647903","-0.335083527911362","-3.73233500077722","-1.21087284192911","-0.693316991636337","6.9072968625181","-1.43965125614686","3.06708356446976","6.42603766575708","-4.69077609862929","0.217706015643104","0.899501145980219","-4.28660983138681","6.84398335451103","-2.05702856673461","0.0688272448711623","2.33089178593418","1.1433901065686","0.479494432338401","-3.8170151486618","-0.524568266339219","-1.00261347334538","-3.90898454710233","-3.14286050315909","-4.05003312852016","-3.01024506568605","3.10248535087276","1.59882506531399","-4.28105936035743","-3.09978400311083","6.99917201301161","0.0603694761028213","3.35780341474159","1.34738414817169","-1.25811501916931","-3.60334944162253","0.121112771332086","1.08300284941973","5.08440836039042","3.31226991692977","-1.97400761856126","-0.574391333336901","3.4876903483383","-1.31965750486752","-0.783376887550048","-4.49030848933433","-3.59279469173517","-7.16687679354287","-2.06659301446448","1.11115223225736","5.11081535072067","1.18600350298171","-3.19388467366057","5.86624308351065","-2.8395658549858","3.71100021699021","1.0125885781313","3.46296095435294","1.57295379852665","-5.79552851912452","-1.10389209681319","4.4024085241133","0.0362089307858996","6.63240640022886","3.26624462849227","-1.06741985958556","-6.83855805475178","-4.54183634365628","-8.93024280455196","-3.95049205396675","-0.421246468405378","-5.19850818613921","2.47705450367217","0.0952561334383348","-3.02709784749509","0.880400076063182","3.74751838097645","-6.72971338236086","-9.1375697588473","-0.818807071457309","3.51640568935904","-5.50110173564507","-1.13717630117447","5.38352855884437","-5.00546226323989","-2.28202320652306","1.42692247958932","-8.40258404011053","1.68155915851131","-0.433373809755442","-2.27207896473044","3.42785193150276","-5.08137509689537","2.96191717061628","2.91050722724037","0.721344449670434","-0.711006225463161","-7.5372117157174","4.71766536106572","0.211753042331393","0.77941485910989","-2.72704779835449","-1.60773762272604","6.31816998404541","-1.97214596796277","-9.61774961545572","0.793490020878159"
"Random_Index23_13_0190","-2.9361734746939","1.90229547281687","5.40584208819141","3.02703362692631","4.6412981593579","2.14704435460157","5.26495783148976","-12.9974883873021","-2.66794413213205","-0.178746421764702","-3.700131969258","-1.12615443221549","-0.447608850900927","6.75379306926303","-1.36350273295348","3.00974319610466","6.43231325860729","-4.52899244886433","0.247329825420592","0.772601329141341","-4.36973211207378","6.78385852118796","-2.10505654215177","-0.0160799912523571","2.18553215198651","1.29980140923503","0.366330047444742","-3.7317314703018","-0.678290983162571","-0.884628406011993","-3.79565501764162","-3.06772099223742","-4.06096090616114","-3.05041702080265","3.14285768770955","1.67543903436113","-4.2442090515657","-3.17242966232292","6.95617249660114","0.175333856977141","3.14838078870909","1.4814750313975","-1.11827899005654","-3.48668706184233","-0.0634740965417122","0.97902361377332","4.92061405397351","3.25855685699392","-1.71169527418228","-0.647559586986954","3.3115058429075","-1.33867012745261","-0.645080952432377","-4.45406943061637","-3.55006146185621","-7.12844147537769","-2.19352534119637","1.13256861960945","5.03099933887765","1.16643954799402","-3.08131528836729","5.74253671987186","-2.85385780522055","3.45688092851038","1.226171456489","3.33695856910237","1.75774930978486","-5.65668514510777","-1.13155046632716","4.28467562189221","-0.126270756681675","6.51424719502338","3.00592476195506","-0.953029964913619","-6.86863069771187","-4.52684969603623","-9.06919561879188","-4.07483504596234","-0.183427147150459","-5.27937761262128","2.30316862031007","0.172995541817824","-3.09900801681457","0.819110261963451","3.59894298086852","-6.65737778779042","-9.11702251131136","-0.630577281987385","3.40995308659979","-5.45723515369376","-1.34105263246351","5.271792829494","-5.11461796795322","-2.3875385970008","1.32667633284568","-8.41816993063166","1.49281040085304","-0.227591318667168","-2.37394479392338","3.43777615019122","-4.99665642761257","2.83881117917693","2.69486167040376","0.845753995427014","-0.458087041526738","-7.53441294515177","4.58193002401796","0.297871694723482","0.674080916164149","-2.69178528936433","-1.89034162585501","6.20837638492731","-1.79018396165862","-9.5709590462814","0.962045648108013"
"Random_Index23_13_0191","-3.2208568994235","2.01938780039109","5.54733053527157","3.02946979041624","4.75875958027097","2.23872838603354","5.20283618885321","-12.9862207385204","-2.77699868845181","-0.342170682067602","-3.64467309505549","-1.03095545901385","-0.538575509007283","6.89931682739134","-1.31775997385628","3.02351946087143","6.57182192583507","-4.64436880069708","0.368993885700612","0.796803220579505","-4.36895812080397","6.7925384448174","-1.88915840049498","-0.0237884225415579","2.34314399176165","1.19203899526749","0.334580714377898","-3.68401062677953","-0.653882442076954","-0.746976801159999","-3.64923883584899","-3.03184740786066","-3.97423732130215","-3.21111276826531","3.3951111407268","1.63715951687619","-4.33663995408944","-3.15771196050188","6.98044606958503","0.225873128186914","3.24851958306713","1.58123941367121","-1.02693595293619","-3.46193628798963","0.0371952542967204","1.11703069601617","5.0915313039178","3.32282866178842","-1.86316165605391","-0.61088638243624","3.36713830731943","-1.21936462502994","-0.626241130864581","-4.50664139480853","-3.66078973407446","-7.15691131067489","-2.21035654990471","1.38125944470192","5.03363314424667","1.01896893726369","-3.09341223635371","5.78959554838863","-2.73665681454906","3.59666835719666","1.21513989311718","3.73733414468172","1.63216770106004","-5.77717175584661","-0.925630308882947","4.40041774692879","-0.181647923522935","6.66697536263743","3.24522523227723","-1.02254083924244","-6.90154912085764","-4.52169593851524","-9.07483914857764","-4.01533467184907","-0.218606388591645","-5.32119799167145","2.3889117139959","0.357017453652338","-2.95256856168463","0.730981326307588","3.62790654561622","-6.73732599403907","-9.17500052442053","-0.651134062971561","3.44140846523918","-5.66296493648102","-1.2372482879084","5.32823611782625","-4.99219121258004","-2.20163698114773","1.40206430986275","-8.48799516910027","1.61743277161654","-0.2218029603782","-2.25049279088373","3.73152542094184","-5.02008686734971","3.13515867931564","2.79618060610997","0.994046914339591","-0.541973626571144","-7.63610141957557","4.67965462348127","0.427098778800847","0.698003049437532","-2.56601218175443","-1.75285546659051","6.26177228397473","-2.0036013652958","-9.65146712418951","0.970548385671788"
"Random_Index23_13_0192","-3.25424983819799","2.15641044434087","5.61350412428049","3.11228410245954","4.85559307371949","2.11942527520067","5.21485913686481","-13.088574419634","-2.83655129520696","-0.322082138065486","-3.77230758835161","-1.26605300119852","-0.642255373517145","6.91613548842081","-1.4292672478268","3.12010238089558","6.38083344627226","-4.82734812160004","0.210909698878572","0.962104221751055","-4.36425381640339","6.83451530383049","-2.11013086483568","0.129443281861512","2.36818337103085","1.14228283619302","0.406537859059753","-3.89576287837264","-0.490925153662039","-1.05043777363073","-3.95478200755239","-3.20147442591328","-4.12358167255119","-3.02230250141336","3.08877424201447","1.63793939939735","-4.24648282949766","-3.07430882188475","7.02916208994638","0.0431553186141936","3.354578457047","1.38116920196149","-1.3638686537489","-3.67648999694322","0.0933465804568455","1.02072809134699","5.19129100500786","3.32996461910231","-1.95100717315468","-0.596143462418136","3.45257669750902","-1.45014376724995","-0.755034800931371","-4.65444866916216","-3.55894898057459","-7.33152621848216","-2.10651982041091","1.06686103081487","5.17369258666053","1.30030653981906","-3.27239516878831","5.88671160544392","-2.96471790294379","3.76413597286962","1.10313223016069","3.3770993936279","1.62002629922406","-5.85462203702463","-1.1960970633592","4.45135494859551","-0.108144198095318","6.69184212942305","3.26619875624415","-1.04660307842628","-6.96077013941313","-4.59684598602122","-9.11591085774274","-4.05358554799043","-0.512996471384644","-5.20563969249126","2.47635298969816","0.189709277375387","-3.04222476977704","0.911501061298528","3.76987953793831","-6.87831057412892","-9.25007752345089","-0.788776863465708","3.53545363056949","-5.58649847437065","-1.1475054545889","5.43801932860677","-4.98717454037671","-2.23473741752806","1.43679620836742","-8.48973552549386","1.69478428368836","-0.379931549463301","-2.19032872180473","3.45767752559137","-5.06319410240033","2.93378119865564","2.83678976594294","0.821015103457811","-0.779058365933964","-7.68219868991276","4.74248487791034","0.293439008862024","0.849349757719698","-2.82052018673022","-1.65002323758907","6.29470486910542","-2.04824499002318","-9.85310497794347","0.856085456291968"
"Random_Index23_13_0193","-3.08055698126889","2.15923166576708","5.51738791021068","3.15458904689031","4.7335002532972","2.06934844919392","5.08704560676879","-13.0053293893174","-2.79996534666538","-0.23284278120334","-3.75036147357354","-1.17446980011868","-0.613971854860642","6.92170080225368","-1.34919904764052","2.93905864419096","6.30033278766418","-4.61956640262153","0.165219764881643","0.735582520352655","-4.31490050739912","6.79536644652698","-1.98796689543212","-0.0382332119136632","2.33118145398767","1.07505325966558","0.318469148140175","-3.76390681928651","-0.615722115676103","-1.05490708486314","-3.78876691415024","-3.0595768086381","-4.02530797412753","-2.95366484966161","3.244812197189","1.62161722393868","-4.13117739567903","-2.98809955809873","7.00539540557169","0.0378596648696368","3.2289027137252","1.34792038732186","-1.17762418975596","-3.54436079245641","0.029896156895246","1.00628997951579","4.95835306545636","3.36900109545021","-1.88223198722434","-0.571908937114532","3.44905510095574","-1.36344136235129","-0.686934058058413","-4.47815427097808","-3.53281028218602","-7.17703842916465","-2.18635805877879","1.23905996461085","5.07968588537547","1.15134551868165","-3.11008693879299","5.81832336514015","-2.76510323173478","3.68309964918878","1.04865705147325","3.43354113829659","1.42501397667959","-5.7584743870377","-1.10428089696949","4.36590097667126","-0.235098487426077","6.70084921273403","3.14697280910497","-1.11162669690693","-6.79915255929983","-4.44403985922391","-9.01561631422221","-3.96256263854176","-0.410276777670002","-5.09376340708076","2.48277252598856","0.198005893041195","-2.9776962693559","0.799347716180167","3.74434670383664","-6.69864589347481","-9.32283333101731","-0.762743563476299","3.50375739325012","-5.50084499021507","-1.09490137232791","5.191277081473","-4.82216961602359","-2.32482158724447","1.3217291630516","-8.36727612839617","1.50977157603461","-0.300578802790731","-2.32832009469062","3.54383537598333","-4.96550705832431","3.05505891269349","2.86332497897019","0.789698154248968","-0.644599720117262","-7.55156886427711","4.76674902418076","0.297573050018222","0.832972577001326","-2.70039532761115","-1.579920766351","6.32578622331512","-2.02923905199116","-9.64199914685672","0.911924496302049"
"Random_Index23_13_0194","-3.06109111487861","2.14677529549816","5.63994771930613","3.22496307093654","4.85314722692753","2.07716514382602","5.14146946104691","-12.9859666346657","-2.81569012722039","-0.356709039607989","-3.77361440182605","-1.22208296912164","-0.689135952968251","6.85523046881324","-1.45785666691944","3.06253537050873","6.34129432609067","-4.63052026362208","0.167605517144081","0.912451284506219","-4.39639972626944","6.87121552359929","-2.08935906255622","0.0575830084298272","2.36592116773785","1.07136242758464","0.35824036141554","-3.80328515576505","-0.617596823232494","-1.04367693898192","-3.90402499839408","-3.21379380828759","-4.17117865228951","-2.99862251388182","3.07953265395594","1.62823863297844","-4.25970292654972","-3.07825786990814","7.02353444564135","0.0572832180744881","3.35970943088269","1.33379061868364","-1.23065089507476","-3.54644886289081","0.130808361977885","1.09706209130945","5.13330626214192","3.3476777635964","-1.89603006628202","-0.530675817843968","3.52083361178406","-1.37784070466673","-0.795641662400969","-4.5190197766109","-3.71140827039067","-7.21170208829058","-2.12772066306038","1.10635741300447","5.15381604130049","1.17368869066155","-3.12312693670129","5.87810840381159","-2.80904782521094","3.66194928264719","1.07273728013785","3.36194592185658","1.51019430362275","-5.7519694464658","-1.06385851708216","4.44111494767585","-0.237754293396148","6.58619957812687","3.24710220938585","-1.07441156699092","-6.86342435600728","-4.55794602599643","-9.04315973351134","-4.00150987234148","-0.387888713196665","-5.14818593003499","2.45024732643941","0.11816674000002","-3.07663848292236","0.843717791748464","3.68915226735894","-6.68559326000271","-9.19686512459549","-0.873246571373044","3.49041656151524","-5.50280412364212","-1.11945004339549","5.36552264030155","-4.9734369177711","-2.29755650286786","1.28982361977953","-8.48624304758595","1.63146744682981","-0.405340718478358","-2.39626482374209","3.40165298979614","-5.12555700376901","2.93584785624287","2.88171750082044","0.744199958078918","-0.650905794831883","-7.57960439972477","4.73719744295825","0.222065578136648","0.789870664055047","-2.78424678504507","-1.64083281020213","6.31908179886412","-1.94224497464084","-9.63172421043962","0.827672578706485"
"Random_Index23_13_0195","-3.20318781025418","2.12140855621796","5.51751947111009","3.15190029540867","4.83021769070644","2.10555116444119","5.14292844968981","-12.9592420571306","-2.87025501893414","-0.264200541033829","-3.7069806527218","-1.16782518036237","-0.570023837027099","6.9333069999988","-1.39601189667295","3.07158383414888","6.35572395293477","-4.69641475874601","0.274632412144976","0.922635884432948","-4.36075249877083","6.8836157987533","-2.01108176450759","0.0295521435857668","2.28155907802845","1.15318717215003","0.407733272205438","-3.77201755218897","-0.586965366578383","-0.990147531050649","-3.89719508082531","-3.11863099638578","-4.05028123517509","-3.01726710518281","3.16202459655966","1.73749596884695","-4.36000890084652","-3.20977571204866","7.03314007791638","0.104967974464011","3.27697391064753","1.40786808401374","-1.17270340473563","-3.5507848075593","0.110982708957062","1.0523940756387","5.12623684442492","3.30349906330406","-1.88723165984784","-0.631009791356422","3.44335488513717","-1.35809066982257","-0.687114124272289","-4.4585770519292","-3.56996759762334","-7.13357823955683","-2.12768441783823","1.14418756570931","5.08588719864038","1.14338198593759","-3.26643172186657","5.85096088177974","-2.86973184494789","3.71270342959343","1.12885740381181","3.41172770051172","1.54407503935442","-5.7216982452036","-1.11139419550147","4.42190591437668","-0.10646567680861","6.61338242554724","3.22327497251842","-1.03605193884689","-6.90371388914012","-4.53372843965164","-9.02174426205188","-4.02912595546696","-0.467073573576381","-5.24842967567095","2.41282079230457","0.245227948429229","-3.01714618905019","0.836366709373552","3.75732444205582","-6.77548231253036","-9.19417217664096","-0.780376360699607","3.51864580492259","-5.55494450660344","-1.17112759775078","5.379070871677","-5.04427684471863","-2.29524669045122","1.3710763488746","-8.46333603760471","1.67868164610296","-0.386404171246692","-2.32801216729198","3.48627745063603","-5.02736651469954","2.98432690439885","2.85491072871585","0.791736361326263","-0.661068148506928","-7.60316530981935","4.71741315004116","0.317462145597918","0.705134076455733","-2.72040002795605","-1.69756918962998","6.28309596005678","-2.04930609279521","-9.64408230314314","0.849163192334662"
"Random_Index23_13_0196","-3.08337850887532","2.20359593922983","5.61515226097498","3.18061921257809","4.96238279261338","1.9223220307911","5.07166965536693","-12.8414968726449","-2.82958491133201","-0.298376928840679","-3.73361402162565","-1.14027485475308","-0.597079908221046","6.93958619831098","-1.39612632757197","3.02928618757674","6.18838306320604","-4.68653966175908","0.283300880722333","0.924438530413126","-4.21512065637748","6.90138303821867","-2.1352674869191","0.187715466563772","2.33104466911484","1.19676549190482","0.413751243577026","-3.86360516027333","-0.528123819012772","-0.963315685027312","-3.93808475908255","-3.08972560697103","-4.00826074166919","-2.86358582084154","2.98343184033859","1.70917058775557","-4.24780583832862","-3.12883978308668","6.91474626175198","-0.0444491372290437","3.34184140015259","1.30379485495739","-1.28014677681989","-3.55974857839461","0.162736544933707","0.839158823352885","5.10930729578967","3.33135967222852","-2.00113362959689","-0.575737409598141","3.7122947170292","-1.23986026463568","-0.663180744889591","-4.50737753635856","-3.39588519892829","-7.03880518164854","-2.08058572496281","1.02174540393727","5.1069030778276","1.22963397299924","-3.19056387237095","5.88538199488153","-2.83400896922113","3.75349523160991","1.04975643015389","3.23921759881961","1.65403332469361","-5.70828190256672","-1.1177308071522","4.45757618623597","-0.214513052045842","6.55149187689667","3.16175943233929","-1.10307235638231","-6.97286699699338","-4.37116074460299","-8.98547650012478","-3.90561243683836","-0.414591137986822","-5.07307794905469","2.3779478003561","-0.0148166246801001","-3.1978600186276","0.728319519823571","3.647131212084","-6.66229418800227","-9.11490667383488","-0.69721763335853","3.52623632635845","-5.63926087115166","-1.14754556820235","5.25930315035527","-4.9143034655312","-2.33993345653086","1.46793477364927","-8.43757904716082","1.75426228970011","-0.415476062624758","-2.22476100506786","3.34221599876848","-5.14292818743515","2.75086655721215","2.93290063336568","0.648178509905117","-0.765426762334778","-7.46340985745166","4.67372477812175","0.169503043345056","0.908072199199543","-2.60832200277358","-1.5884485791364","6.2231210653392","-1.8621542746254","-9.5727795959174","0.633148482802884"
"Random_Index23_13_0197","-3.25636325919606","2.16354160412928","5.53266468078565","3.22786599489235","4.74704144283588","2.15459321320136","5.2879783079567","-13.0192065410742","-2.85399126162908","-0.345235782028849","-3.78883577340335","-1.22574876294815","-0.678252916645604","6.92402144335838","-1.47535024194975","3.08380604485232","6.41230413503737","-4.64983301309472","0.155024309247434","0.717795286478816","-4.51089086684727","6.87767719497029","-2.03949857283586","-0.0578485175175924","2.37029538213581","0.986407159646996","0.229721852284032","-3.77911211841442","-0.68915779567811","-1.05143405174461","-3.77676555955549","-3.17650985613849","-4.29227282995502","-3.06099175037791","3.30588978720728","1.57401810195028","-4.16659985029165","-3.19743291244471","7.05292511618029","0.0943987247151132","3.36082144589664","1.36737578548556","-1.23268176180381","-3.6128088821058","0.124658753210073","1.06889120728804","5.10838939504055","3.40867105994596","-1.91750020493969","-0.500845897011448","3.44896742461649","-1.40941831498858","-0.815006732944427","-4.58215734388425","-3.65533121048672","-7.20863683514962","-2.19459634505211","1.28152481627348","5.17871743315365","1.09181261319492","-3.10144627283429","5.85974496676403","-2.74420024526204","3.67490040391603","1.03195656632467","3.43274884422552","1.45485696995136","-5.81889552686443","-1.06546086338494","4.38224951703853","-0.328652740433443","6.65592231935213","3.27985965129891","-1.01348266992248","-6.89831149923139","-4.59332253631432","-9.05104613257009","-3.93200424236047","-0.404493668683471","-5.22254051673324","2.56773441876447","0.238581154617494","-2.91118400383085","0.824191527166447","3.72394077823046","-6.66186420797862","-9.47205286459789","-0.797600473397774","3.53441442006971","-5.61205973642742","-1.07719785302854","5.26154978278191","-4.95829696005357","-2.32343111346427","1.25534021986334","-8.58936082682686","1.53290426480122","-0.305579588957069","-2.4927514403621","3.6143965115234","-5.03824793335644","3.03195231117506","2.9373138360547","0.799609302834319","-0.711508934330131","-7.72689929755234","4.79931156499409","0.351718642727098","0.785981514352644","-2.82652249827812","-1.61501161892971","6.40145471013106","-2.0198422372646","-9.64691106316258","0.905006461610174"
"Random_Index23_13_0198","-3.08856966015413","2.24532984551628","5.75208466481487","3.32811851736427","5.01977409892377","2.05161432556877","5.14656455918221","-12.9846750420725","-2.88350813689705","-0.353037852070095","-3.74865884457471","-1.20877965260509","-0.624863438538322","7.12024050403804","-1.44559694184725","3.18365135660396","6.35592008972051","-4.72088643489955","0.230878745451298","0.890259535143977","-4.43618177468306","7.00898472625749","-2.10894587651098","0.119373263872552","2.38674260970428","1.11064760038284","0.327100441809019","-3.8351215911978","-0.55823558292085","-1.08811751576683","-3.95727428571354","-3.16788857712436","-4.13820877100702","-3.0998589314607","3.13780304706852","1.6563218324184","-4.30425070619191","-3.24992696597922","7.12607076506391","-0.015159768225848","3.43247938797151","1.31206286785678","-1.22683194608607","-3.68745367942826","0.222356969665637","1.02584803561525","5.22976885366693","3.45459731603775","-2.10145738682513","-0.60335678216585","3.63000324176993","-1.34988859875742","-0.80306192914443","-4.51687528001807","-3.63381544463303","-7.40546640794461","-2.18723144403854","1.14527295099638","5.30040071035578","1.08734973087518","-3.24766034400833","5.97595988657222","-2.89748752539674","3.80051416297733","1.02695178077103","3.39285006470267","1.53168186055473","-5.89502590958475","-1.01584584298748","4.57229324632846","-0.12021162920538","6.72676406568739","3.25214158789173","-1.04140999141148","-6.97991331027785","-4.59633725748082","-9.06215511492769","-4.08636104010783","-0.502674322751217","-5.2661560985427","2.52407964938066","0.143709769086526","-3.06188009397969","0.939878373806203","3.798927764462","-6.8770947099718","-9.27687122309812","-0.887480070316365","3.63166320950912","-5.59899684294552","-1.00763985308428","5.41283464887045","-4.97553735005679","-2.24535030502363","1.46732258517767","-8.51063701715203","1.7753075402274","-0.476249455042513","-2.32628610997147","3.48861225009298","-5.15291482303188","2.95052873514681","2.98264830173735","0.767246416682186","-0.734212922989841","-7.74520732445589","4.85842660557875","0.188520059802706","0.803924210557835","-2.82844932006676","-1.62067426856548","6.41118013194872","-2.08438930413834","-9.75098988210339","0.807646662324062"
"Random_Index23_13_0199","-3.18278942451537","2.07581689101586","5.453342546635","3.10377071856934","4.82436311120473","2.06071101774834","5.35895654214596","-12.9343530460202","-2.87710670991618","-0.260717642559405","-3.76868668218007","-1.21961949153551","-0.584775793350691","6.93531095032653","-1.45973596996429","3.19443910240842","6.45457710878713","-4.72977412201344","0.148613489344765","0.907668590275527","-4.3831655835123","6.84981416774744","-2.03756720567299","0.0530448027332852","2.18152757261155","1.14227640620532","0.480596301775668","-3.77577715854276","-0.546184288921153","-1.0163740892214","-3.88155967303414","-3.09084776497939","-4.04584055053492","-3.06875246381122","3.15638826908934","1.74220504104061","-4.24041344876099","-3.11097845170218","7.09021520121975","0.126835660547732","3.21458794081357","1.38164699625176","-1.22519759328992","-3.59739166979895","0.0522450784088636","1.09611524758637","5.00796817194237","3.25924961082007","-1.832506507915","-0.707439319357754","3.45328989632556","-1.3729779233406","-0.776360135641927","-4.43832931811129","-3.55343685558461","-7.27252391864126","-2.15293604771017","1.14460548894484","5.01890498160084","1.1637214028992","-3.18672559897922","5.79860628701098","-2.91704407897495","3.5910035952698","1.20484827536712","3.49881633725306","1.59368875919787","-5.85702175003716","-1.15344177619935","4.41720066084872","-0.0815045062991114","6.68573326599976","3.18747817649144","-0.949611114999595","-6.95875260778741","-4.57511647332801","-9.05872542784386","-4.03311976920247","-0.342507233383207","-5.29241622168751","2.35322181362184","0.185269443462949","-3.06390811716586","0.770744020863778","3.74486988788349","-6.79264573057203","-9.18399381427194","-0.69431765494914","3.38269938485977","-5.6637141645137","-1.26605841051704","5.41049293609428","-4.99079758000113","-2.23618439105285","1.41870772326588","-8.40384250518024","1.62712004450349","-0.412564553535828","-2.22678194807285","3.46018406744091","-5.0511318054861","3.0261648110859","2.78395126683939","0.800267132138849","-0.706216909352235","-7.65844453350384","4.65385129236926","0.209407346195858","0.752989696068775","-2.67531673370375","-1.69762481351025","6.23305392291565","-2.05005113957177","-9.61643595684738","0.872802615558677"
"Random_Index23_13_0200","-3.11627929683221","2.13040580843109","5.60372574415184","3.12742134496672","4.88373359782669","2.03031779599576","5.17356758195502","-12.9965247025593","-2.9056773056041","-0.385280102867687","-3.79696547361534","-1.24282084667409","-0.658957683623355","6.93304379159885","-1.39592435046736","3.1091462780412","6.56294098336829","-4.66123162661313","0.216223527469155","0.899571599653839","-4.35716303146553","6.89174471063108","-2.02293685436812","0.120734380497726","2.36498677095875","1.23422140475445","0.422971451617051","-3.83084829456867","-0.420062884038079","-1.08976798057321","-3.90473887346686","-3.20859246155255","-3.97240747832203","-3.1479661238548","3.26946898326536","1.66985787599554","-4.33826227133517","-3.1846520198378","7.082021306906","0.0975877008774055","3.31426272590428","1.39373867950852","-1.18716578288932","-3.62218565368612","0.0430326472403107","1.10041781206316","5.13579524863432","3.37621446410618","-1.79835414509936","-0.566678754208924","3.42506446661176","-1.43340137707081","-0.770026533513754","-4.56140974411231","-3.66617464582174","-7.30112199717531","-2.10982194778521","1.25159104900604","5.14734069892255","1.11942100157261","-3.20357252641703","5.83872997863083","-2.89094742373158","3.6586086703748","1.0686790346348","3.6344885172282","1.59800881725379","-5.83044471220885","-1.15481084019424","4.46072318470857","-0.0905330434516122","6.74219161170972","3.27547672198673","-1.07942296376789","-6.88103781594512","-4.66180960253523","-8.96066465038713","-4.08079289867303","-0.376741211887268","-5.34710519203322","2.51458647277793","0.205761065185202","-3.09912081708833","0.947407880736506","3.71306358167932","-6.80258645571723","-9.22493990604225","-0.730940053720978","3.49288200784848","-5.46450835943771","-1.12235946474757","5.43079783082337","-5.02984480928178","-2.21681159364344","1.44887767627822","-8.47653991533389","1.65606146424638","-0.452617806851726","-2.18952740084524","3.63422929218807","-5.06424914083948","3.11834337458892","2.88566425852633","0.778238314095518","-0.633115733866362","-7.61038843191823","4.68585030087826","0.265472332023732","0.746175550560706","-2.77250750959025","-1.6316797699192","6.32982412733294","-2.07507429603408","-9.66196175533235","0.8750231757715"
"Random_Index23_13_0201","-3.12412628626573","2.22616323026852","5.62727639797958","3.19589031091784","4.91495106356577","1.99092799179675","5.23089590215591","-12.8790335206143","-2.7711638408923","-0.41045958024339","-3.7826105706146","-1.22372152042139","-0.658794828917031","6.89158632213907","-1.51721718560565","3.09198793532076","6.23229330964801","-4.70123107730753","0.132822673938335","0.985965255567643","-4.31420961219667","6.84654652809011","-2.0995341295032","0.117024112844553","2.37373446443458","1.12598609477731","0.415350455684109","-3.86822075755152","-0.420869522033962","-1.10026965685246","-3.90039085878493","-3.16141051809007","-4.06379086448257","-3.06952004895249","3.07635865348734","1.68261717717315","-4.15930706701723","-3.0823415714073","6.95690455054461","0.0269526856189135","3.29102426368619","1.28619862954867","-1.20570989308398","-3.68430141040793","0.177033124448229","1.01312706931972","5.08243221519496","3.36547547236854","-1.96857101498743","-0.602737728787284","3.68868055288321","-1.39800802483638","-0.841409322911376","-4.49908463020105","-3.57364362718693","-7.1748153326754","-2.21832547511705","1.09454641759649","5.13162539071217","1.25490459941389","-3.17685633729046","5.98381058949499","-2.88449939215363","3.73627863851039","1.07879993284319","3.27113689685149","1.59702320828275","-5.73376289081012","-1.04123691978016","4.4149031787751","-0.0153747661117565","6.58065988228635","3.17946984521409","-1.13181251437188","-6.84367754787006","-4.43251662635587","-8.98136547269541","-3.9754833525565","-0.456984354956946","-5.17538350176134","2.42210337074623","0.064922519298474","-3.08922013210781","0.892550045667808","3.67341298910275","-6.78760077926406","-9.13154405104036","-0.795294354254509","3.53441274901883","-5.48309394625952","-1.10234056867369","5.41389821273366","-4.96040421371672","-2.27439452911134","1.49104749188657","-8.30188704141002","1.70942187140266","-0.40713733991767","-2.28367564650581","3.46093048574872","-5.12668587645323","2.86378132732459","2.85162643495158","0.718389497650976","-0.642068487973279","-7.54858403014444","4.70229258745386","0.177291561391281","0.954697021120332","-2.82374414206092","-1.54791559262416","6.3451461435217","-1.99907989158675","-9.71515112432921","0.718936291989977"
"Random_Index23_13_0202","-3.06056018526134","2.14008126303931","5.56479868142322","3.10659940004396","4.87986160668384","2.10568467207924","5.17161680495424","-12.8278499411076","-2.80320204226374","-0.249968043518131","-3.76443260769146","-1.19387245579979","-0.629057225410401","6.86734920536889","-1.45379013523325","2.95560784314048","6.20867832488355","-4.65224484135935","0.270267101485536","0.787200056275366","-4.3132122455596","6.84038826399129","-2.01631020188616","0.0679001582353947","2.34994694258544","1.06740636424945","0.351768578292319","-3.81668956216707","-0.596117919113744","-1.02402866692835","-3.89907399437761","-3.1071387268819","-4.11440735900137","-2.92088065183618","3.03063564258649","1.72373910178468","-4.16577933048548","-3.11863398244474","6.90308723129348","-0.0398188937869194","3.30803729778675","1.33668465839772","-1.40925709154791","-3.5747054489239","0.0819401584950465","0.78758024036814","5.10804024107517","3.23188645890823","-1.86243805607649","-0.647082080750626","3.55796471970273","-1.33731300896406","-0.715609352950094","-4.59761854891625","-3.61546406504673","-7.12738209259407","-2.17080666377631","1.01253707838257","5.13984910468235","1.10908366933909","-3.09331935941733","5.91656313385881","-2.88976222236191","3.70210654591395","1.03448374511383","3.2808048457362","1.59108519567424","-5.95637297279187","-1.16676236762966","4.31446838078132","-0.214395512972949","6.58247233927843","3.11770581689148","-1.21833876839","-6.77658315665287","-4.47245953491075","-9.06570804761038","-3.94327576208715","-0.484246510565092","-5.1163943278246","2.45608160531117","0.112453882472043","-3.05926815671097","0.617387694314903","3.66808983491197","-6.67053746342396","-9.21609099477163","-0.767004381798474","3.48684023446589","-5.92930986939685","-1.12844155276586","5.219182618733","-4.89171129619496","-2.36930224817131","1.26833627249323","-8.47024525947673","1.63664332727626","-0.388942282983795","-2.31442702068684","3.3555169179438","-5.01448851834986","2.87096836671888","2.87957167463945","0.723128080316209","-0.883510954867402","-7.56614891627054","4.64132528122744","0.309006716239368","0.853515730518042","-2.80228542305835","-1.64466284500474","6.22178932658871","-1.94461528972974","-9.64978607159681","0.811954367335387"
"Random_Index23_13_0203","-3.00765703684875","2.01141286834085","5.5942872514758","3.09666767643485","4.84941687865597","2.12805888011933","5.26154362634822","-12.9226461177473","-2.68972220189204","-0.323577445520055","-3.54371457584286","-1.15944937653479","-0.508072545106927","6.82230031223377","-1.37601164516838","3.10212643220793","6.35660624887086","-4.60334800426141","0.341501237638903","0.87030681076384","-4.358968495288","6.72864887642446","-1.89569438095678","-0.0705388213790608","2.43519987286802","1.3058931920382","0.354667093926433","-3.6982586030093","-0.391040681044381","-0.932093142893631","-3.86984615958517","-2.98749025168689","-4.11440217950228","-3.19821497361346","3.19152210307725","1.7116810299425","-4.28458046993574","-3.05717893043815","6.84689424369228","0.0497044924141644","3.26490288755841","1.57969643952466","-1.18882485586981","-3.58385725397885","0.137069401670293","1.04475396312896","5.10168123662152","3.21758538017517","-1.87196273380877","-0.683458499412951","3.37946829218079","-1.33576770850619","-0.593151128640708","-4.51054598199313","-3.58354204662897","-7.23321786989307","-2.16156120169648","1.22181349529759","5.02651133866115","1.08971264033103","-3.2810260021597","5.85731250394047","-2.8819190857778","3.68352976357765","1.09845598545437","3.47562283023332","1.61866982680966","-5.75782851003274","-1.06089955119761","4.38937603677324","-0.133149728767788","6.44331289014358","3.14663140778135","-1.03056631978942","-6.85532490350503","-4.56790388361345","-9.04520794958885","-4.08730128850105","-0.324620201687533","-5.28103179425659","2.35019773686213","0.234866678539033","-3.09448571844719","0.764123308666274","3.55940074982471","-6.81444509887645","-9.15504092774818","-0.769990867297311","3.4280924839444","-5.59098132452927","-1.28449290722478","5.33418979347202","-5.04904661643205","-2.22167243039984","1.29753883087896","-8.37494091954626","1.65374224350594","-0.328735814936482","-2.4576153196999","3.57418422251758","-5.08666920771327","2.9609451621832","2.70963889640832","0.792278343350362","-0.392786395587006","-7.60673307690708","4.62545726683907","0.381355136591906","0.616069581657357","-2.56955391318075","-1.76032756227289","6.22167041405172","-1.95948617249624","-9.72396024185096","0.858075215146077"
"Random_Index23_13_0204","-3.09721446676103","2.00832607120815","5.48965990331118","3.03063032933621","4.76261308263686","2.08796781845267","5.19554508940776","-12.9553438953065","-2.81958169864773","-0.285776973102526","-3.76226937933001","-1.08434320644724","-0.553513697434324","6.91883827365324","-1.36722384964365","3.03757495602188","6.27085487810858","-4.65984063133034","0.314041330668547","0.930710093188518","-4.34293721137877","6.7505804183157","-2.02197606816448","0.0721032507144191","2.30388210475397","1.23756460929136","0.389788626237053","-3.711872941913","-0.61352826515499","-0.953497038575937","-3.81298015396248","-3.04659056988215","-3.95531921270052","-3.00661324526661","3.12035183228706","1.70695200753709","-4.28488857887715","-3.15259785110829","6.95186497154258","0.110842393304898","3.16714597512695","1.39794242756765","-1.11112327753185","-3.48776511039028","0.0539183755492221","1.0500894947581","5.05741286098601","3.27018853744633","-1.84298787406777","-0.664687167590655","3.47091195275472","-1.29560157397943","-0.708998909643327","-4.47530633295816","-3.53144505476063","-7.1694002294991","-2.12661635993236","1.12019687481113","4.97049895967242","1.18532350428756","-3.15831411152365","5.79661968843554","-2.94342685116975","3.58929658968946","1.14734494583365","3.31700612702995","1.62869700275715","-5.6597276828686","-1.07796554332727","4.32803480505701","-0.0827430541798576","6.52861247063102","3.13823262811802","-0.902730686811198","-6.8301411260151","-4.33751544228648","-9.05829723944972","-4.0669536380326","-0.404593379635025","-5.19487176892328","2.28009781510688","0.166228775264073","-3.11881006356428","0.860755549346215","3.56214774444035","-6.66605340299753","-9.18769422751601","-0.725580975194741","3.44062712177321","-5.54498527320135","-1.25739745079082","5.33686100492795","-4.99432107043157","-2.27669357465131","1.42699423187684","-8.34090269067298","1.74675228647639","-0.356641712626342","-2.19353062866817","3.46615968437346","-5.06480341806761","2.89789579206729","2.70833538769235","0.850964767184035","-0.578591295098628","-7.61005119922526","4.61242167433123","0.252177733172301","0.794167184335809","-2.60525860853079","-1.7348055640533","6.19918354015855","-1.95905609637024","-9.66949028596385","0.7547853634287"
"Random_Index23_13_0205","-3.09761103976014","2.12670159621501","5.49351964736447","3.10927009708837","4.78480739617971","2.11036800514076","5.2592219141864","-12.8684750006823","-2.82598492136136","-0.291313482294394","-3.73961188055284","-1.17254785453698","-0.576649040842017","6.92628097342926","-1.44428539249024","3.13460322958953","6.27495298778597","-4.70721259413039","0.295637728713557","0.945304093990144","-4.36893722488818","6.80089955565306","-2.00782952791708","0.112520516483023","2.20871215474644","1.14124682609849","0.410131055329656","-3.74339449765878","-0.535181255823107","-1.00134090307908","-3.82947766554974","-3.10546636374913","-4.08741859996076","-3.09125651377671","3.12654217980453","1.72359160466262","-4.25461059224516","-3.13965005707499","6.96539719409","0.160273007004606","3.24519924126211","1.39878685802268","-1.21961747311706","-3.58234638182977","0.0611223775298261","1.04239444794658","5.02967443226004","3.27309013167694","-1.92859773321854","-0.68873484549865","3.47358185051076","-1.37134895366248","-0.73983045903077","-4.48004277943653","-3.54734538223786","-7.34772890004766","-2.15921340670899","1.12703257327036","5.06841510864318","1.17778530278967","-3.20392816270561","5.79613639700199","-2.92860797112811","3.58140954257142","1.12025262411883","3.38122113201491","1.7197713338902","-5.83399727851586","-1.09684811370046","4.35747980711164","-0.0513041299159514","6.55738586463427","3.1533460678637","-0.985532118860562","-6.87148368088485","-4.53012846296441","-9.01769316154818","-4.1021232419618","-0.396989712607142","-5.30340282843215","2.35917770822868","0.227202922148847","-3.02593549122775","0.80434311069386","3.67878406139669","-6.83076039473229","-9.17133169550865","-0.752941137664602","3.45897910704315","-5.62719215644554","-1.21433494336605","5.38805865483175","-4.96826607771565","-2.26876748024738","1.43678322009142","-8.43568187682819","1.71161957700329","-0.379514768948272","-2.2750316256979","3.48249642430734","-5.05922243300196","2.95543582435951","2.78966737077655","0.810059165630218","-0.702853895552218","-7.68755275583249","4.64966021422415","0.269433304044034","0.787813413677763","-2.72461053777352","-1.70743201101428","6.2487328620316","-2.10352323583047","-9.61646645891219","0.854992984454434"
"Random_Index23_13_0206","-3.12084401726276","2.32866939823467","5.61077872976629","3.20279135249467","4.88441502689692","2.03755333087592","5.13567153713138","-12.8493764018102","-2.83478148610957","-0.393713091555725","-3.72661436165787","-1.19289591302174","-0.680836959879801","6.95081293130662","-1.47381163045566","2.99414675112826","6.32645504906608","-4.6684418458809","0.214270586679666","0.922855759867567","-4.2681070745826","6.88212007845537","-2.03994965988393","0.066838574167838","2.28060692173588","1.0665019081016","0.450580305577909","-3.81336457220417","-0.476807663683006","-1.05294587820564","-3.92929622080966","-3.0804039267132","-4.02341394009678","-2.91256716866321","3.16156911115575","1.53775997549246","-4.21538205385479","-3.07545138787464","6.97061193554951","0.0175702172408554","3.33694355576266","1.34116725833604","-1.25493150093626","-3.62151801450823","0.164815551303926","0.960155890151778","5.08772074904198","3.36354842125978","-1.90391782620803","-0.547062786945139","3.54002698742192","-1.44023903168121","-0.744140221288846","-4.53732407413025","-3.52803012051522","-7.18183086616119","-2.08351466797036","1.17277578422731","5.13877309083437","1.14036101651438","-3.20032900647118","5.87878221191914","-2.85211294425582","3.75683350303582","1.01666016536956","3.36583695692038","1.50474486613113","-5.85434114894213","-1.07919122173221","4.50095602790923","-0.168502075886367","6.70629837017975","3.28992391816075","-1.08926757966019","-6.83451411924198","-4.59463849603486","-8.91755876474932","-3.93095703115894","-0.472780521435087","-5.15011324708258","2.51570010391892","0.227909633092532","-3.06491203979022","0.817621758698414","3.71865012426374","-6.7346399829617","-9.16118972693732","-0.847187896528835","3.53690437242155","-5.54886005525615","-1.08591954756437","5.334848804982","-4.81231352804899","-2.23152389649021","1.45453421319524","-8.3791177027021","1.70800333242904","-0.454607094244178","-2.25860435047303","3.51782668169284","-5.07301379453412","2.96874496749275","2.89989945962949","0.688104288223501","-0.752634345954432","-7.70010015610088","4.70910677376913","0.255446004459475","0.84399337975111","-2.76943083949809","-1.50364821788536","6.30611973338938","-2.08430243313736","-9.67042146938779","0.788318700629333"
"Random_Index23_13_0207","-3.09293749909314","2.11750369480328","5.69753592946557","3.16689536055727","4.79180740731977","2.0455501353796","5.05117286708431","-12.8370924620345","-2.82568122244702","-0.352696685393193","-3.76116945988579","-1.13892182772451","-0.664902259771611","6.77107004140449","-1.36390778949264","3.07365342916448","6.46564697252486","-4.72461031732701","0.150125267938551","0.871788080961607","-4.37904177622933","6.75423500002963","-1.99665131566883","0.0803352639338163","2.38995441225516","0.998992160294782","0.428846922551661","-3.78384244805287","-0.609214507086816","-1.02703156160277","-3.81557356109016","-3.22581761960652","-4.2236513722297","-3.12754601414423","3.28296125303944","1.53978584481297","-4.18762852496065","-3.06940101881352","7.00266002995625","0.0147564332946052","3.27690902264654","1.37475579954187","-1.21449167731254","-3.57753770655764","0.170847984923755","1.18989551798606","5.05648477555867","3.38837060410002","-2.03760604410199","-0.467814987761148","3.49134381375835","-1.37457033119469","-0.874460744689181","-4.43205447315455","-3.67623846207777","-7.18728886562072","-2.08297065802914","1.32901269329965","5.07395598763524","1.01002692780119","-3.17226860884612","5.78323938484863","-2.78933608167576","3.62274452180921","0.945078178488186","3.45991185694147","1.39955715418781","-5.82436231496405","-0.975355446776494","4.38071424023919","-0.262446087941475","6.57901493119161","3.19966781234983","-1.19396633841036","-6.84498353144822","-4.57702558331778","-9.02607366720938","-4.01593206930058","-0.376548482163201","-5.209745203137","2.43937034098403","0.220039724582877","-2.9485680021748","0.935766414292449","3.71163671235251","-6.69247490491661","-9.25460631100009","-0.886408621107559","3.4895047797886","-5.4642865183226","-1.14678607663863","5.45960050532726","-4.97686686550147","-2.14373609214027","1.4393763994492","-8.44415681490151","1.61207384804993","-0.379451873971708","-2.38454833075997","3.62931337328243","-5.01195718498519","3.04359493555413","2.85943370596162","0.746625808145518","-0.683438228807212","-7.49274592316311","4.69021614700492","0.302718395289506","0.804436493719207","-2.82007026286654","-1.66087192259126","6.27500965400966","-2.03289187879064","-9.62902164885784","0.91578187853775"
"Random_Index23_13_0208","-3.19505522849842","2.13029903573987","5.51667935730536","3.1476227714367","4.85887868934965","2.17628984393575","5.28319909865752","-13.1251375751634","-2.80793784504057","-0.262896231615615","-3.70225266177332","-1.20549789741642","-0.518512330679785","6.88207059211031","-1.4317537144652","3.05456122889056","6.45300923216909","-4.6257965906812","0.277610042810273","0.84551276131681","-4.4246916085333","6.90045787272333","-2.02356126403566","0.0871940948861483","2.29198450166961","1.18443377874635","0.349799298012965","-3.74450379304043","-0.640302581123049","-0.912512277073697","-3.79715586173801","-3.10979018608547","-4.05509024602494","-3.03646553438418","3.08510965537491","1.650502718584","-4.16180797386893","-3.14170542852132","6.99492981314556","0.220200683123257","3.28575609784197","1.43577482926149","-1.2910837710107","-3.47483525903769","0.0833752600728706","1.05717433379234","5.01531826823671","3.33615102044548","-1.90082906529335","-0.603944986059516","3.4807261094295","-1.39868724559517","-0.754986774978899","-4.55640173872043","-3.5161904261757","-7.09862311007361","-2.27440341377359","1.03851849794987","5.11484745565987","1.14335524612911","-3.15117428350436","5.82942236884592","-2.85297921950797","3.71938842932819","1.11952959098298","3.45350485067677","1.66334780638291","-5.87319475732161","-1.04766761047998","4.39474617302659","-0.248903357586358","6.74100208917984","3.18423734317579","-0.901222531310353","-6.97422526377837","-4.5427994199164","-9.04562386866269","-3.97319016021514","-0.391202596298327","-5.2440080355116","2.40750206099689","0.2441431760076","-3.00768525568731","0.73440504249236","3.68583553182395","-6.66225857338446","-9.23719415148247","-0.716069144106093","3.5165996731439","-5.59179148912818","-1.18174605675821","5.42251525593783","-4.99781021950481","-2.29184349762829","1.38534989038647","-8.42354735319572","1.64506990520153","-0.315664901173053","-2.23247621900298","3.3500630812459","-5.04487940096441","2.908439020641","2.82292774453395","0.850965982701082","-0.654957842991994","-7.68201428919083","4.76123581856471","0.348979528229296","0.783767388156207","-2.66411450425407","-1.65427870278422","6.28746387430338","-1.97753423339741","-9.61875122653717","0.883055505290537"
"Random_Index23_13_0209","-3.06079847574304","2.19211487185213","5.69028563104984","3.16182252827602","4.91490774680376","1.99687623243022","5.09512108774083","-13.0784862122686","-2.91129741779535","-0.298118486589048","-3.71573882061987","-1.15225567899515","-0.631095872882847","6.94824312730349","-1.42656530527512","3.09422369097613","6.32343051784594","-4.71534677312146","0.245809273848381","0.932605609720168","-4.23971026051118","6.9511768398864","-2.06327931924059","0.0772299799893315","2.36915332607992","1.14458949049194","0.339227025931796","-3.84598130607368","-0.513401405002911","-1.02570618376812","-3.99804161144841","-3.12433653222769","-4.04844607355247","-2.9783887360716","3.15011843734248","1.62593844330726","-4.32523028117554","-3.2148283668223","7.00439902464158","-0.00164619172556594","3.33755333827","1.34865218709446","-1.23901030960642","-3.61068459542232","0.110601943520299","0.85398063428068","5.14180981937528","3.2909940954039","-2.08682229393925","-0.593302436635068","3.54298473267576","-1.36245534845273","-0.719823318073656","-4.500791053542","-3.57964957541033","-7.27196679739438","-2.15756877421","1.13096003012273","5.19141970384967","1.10195273649525","-3.28680996067764","5.85076409261747","-2.9129422394189","3.76752169592668","1.0375696311977","3.35581650903495","1.53040468592654","-5.84452594897539","-1.00597523922364","4.49231815760892","-0.05742728021947","6.66542018743867","3.24621691789801","-1.23072959957756","-6.98088504398059","-4.49087269818651","-9.02661662729088","-4.08946354030902","-0.445143029357189","-5.23228801763189","2.45190714515096","0.161810777571784","-3.12811040536298","0.726459286852729","3.74774110166623","-6.75573532287306","-9.22056691360719","-0.725386422228185","3.50672393130881","-5.55944654134229","-1.16235934534437","5.37413633550454","-4.95245109813846","-2.30249250718739","1.3912308987018","-8.60913270731592","1.75373053960093","-0.432169935302735","-2.32653625006846","3.53825573917919","-5.12602860508419","2.99700072702265","2.94503260748198","0.668555743143857","-0.721987090872496","-7.5648367301141","4.71350607419038","0.214898919181305","0.905583235717925","-2.78426618548693","-1.58122745452729","6.30501957999239","-2.01700660239219","-9.72108039633011","0.802992408830346"
"Random_Index23_13_0210","-3.23346166110851","2.1604265534685","5.51486484500178","3.31183870388667","4.70326727764534","2.31493099246286","5.2207701252547","-12.9409271766408","-2.87337770443085","-0.222052230055452","-3.61990332657479","-1.17109491164545","-0.459145669445783","7.02896022141835","-1.30837656682632","3.02412210397202","6.47616937099865","-4.60134305796536","0.293463861014121","0.785347870383597","-4.58287300362594","6.97176414130008","-1.84232965243003","-0.00388508568281406","2.26901110771503","1.07486672990896","0.361137345310052","-3.60004732069029","-0.762377507781121","-0.83887175373177","-3.71103032995482","-3.08369058825781","-4.0245129831628","-3.1504344638328","3.46677781069109","1.52350504574117","-4.21726182010588","-3.14183579005255","7.16901060319248","0.357521600665347","3.28801108919082","1.59784120348274","-1.11585147872469","-3.40589401701684","0.0129750679750268","1.03098637529881","5.03861169220213","3.41649296177595","-1.94469485489582","-0.563199831581794","3.40299317004323","-1.45445799922365","-0.78759425216022","-4.56389155082354","-3.79566480653055","-7.18095564494271","-2.38484927986341","1.39555946608567","5.16378017333191","1.01828155387657","-3.05662096664616","5.89043314710057","-2.64549229329374","3.67768512425588","1.17507536715809","3.66783417155378","1.60918784290986","-5.86855013231059","-1.10551103441594","4.40511568088338","-0.24137669604586","6.91699861887524","3.28358639428527","-0.9316157843912","-6.77477879781387","-4.56563311027908","-9.04486680957842","-4.077363121281","-0.320592347453005","-5.26466993272312","2.63146398786583","0.419949142214437","-2.8005522661755","0.799251428293721","3.82310783512342","-6.6267819451481","-9.237157563551","-0.798227193503703","3.45163428281584","-5.62470549249475","-1.03932242794697","5.33366553872742","-4.9091164120343","-2.28710505554354","1.37352567111689","-8.35809857725927","1.6166782059581","-0.220037162561861","-2.37903117477621","3.76098264936992","-4.85468930240099","3.23529351299445","3.02684980131565","0.98374158216696","-0.655505101324471","-7.81607678068728","4.80720652175675","0.453057623363448","0.741428304782736","-2.70571278141392","-1.73061744014127","6.43157470800713","-2.17341571754963","-9.52869683478596","1.09864266401459"
"Random_Index23_13_0211","-3.13071735990745","2.16448334263942","5.57225363132248","3.32965716380025","4.85057034590288","2.06649753924291","5.19342191294694","-12.8465209734479","-2.84691914839245","-0.358857400251902","-3.73271409588235","-1.21521618056556","-0.646736141950313","6.90929101212863","-1.40428357391432","3.01042827338265","6.40206160104011","-4.66897931121738","0.196400490444108","0.764332143384906","-4.27452672781121","6.92506921604883","-2.09932738988891","0.035719201373588","2.34269301974986","1.05943303427332","0.240111974521388","-3.79852743735835","-0.683785843753277","-1.03992994322504","-3.92699571815521","-3.12000584372264","-4.13799982756187","-3.1533250679525","3.0806194014556","1.57907832413022","-4.2347543634098","-3.18951374797306","7.06197331589967","0.0686932494517494","3.41361923991988","1.34375423411189","-1.25356793269651","-3.56957004263775","0.0283192558390338","0.961760902431327","5.08461758755711","3.43582336714462","-1.88720691976616","-0.552529144387341","3.52900038481458","-1.33535934970033","-0.871524960581966","-4.46000305158349","-3.68120063541579","-7.15035560650833","-2.15742771438923","1.09149281043833","5.20086200217175","1.18638593100548","-3.12837118367267","5.82655592687592","-2.79777353360673","3.64714362099789","1.03729537079334","3.4334889300934","1.52891795386453","-5.81216321245866","-1.06798690760413","4.38144219409936","-0.339537431145583","6.69609952443768","3.12621163961568","-1.04625602459916","-6.87973721648333","-4.45239879297978","-9.11214127791632","-4.04510246094655","-0.336701229308328","-5.10298903151719","2.61284878029643","0.101592605233488","-3.03151722731294","0.763345529572208","3.76826568057109","-6.75188237885431","-9.22884382843298","-0.724549958362734","3.43827680944657","-5.48377583816482","-1.09313550187984","5.22125798326492","-5.06235061477767","-2.42472012306881","1.37356478603715","-8.42197175163777","1.58984308455438","-0.369520408179783","-2.36634729792395","3.4089334977046","-5.05323524391412","3.00674203224479","3.01455299435912","0.736879480193016","-0.669835739918992","-7.44664641510667","4.75543444581419","0.257591521757721","0.836473815938625","-2.7341461453051","-1.66898880943899","6.428214696909","-2.04528293902354","-9.58379472758951","0.854597003092961"
"Random_Index23_13_0212","-2.99976833873088","2.0801259282883","5.58457286461471","3.18841188236938","4.8479630096204","1.98157842697061","5.1300286158223","-12.8647854405798","-2.81138266148661","-0.321750325907884","-3.7564518372239","-1.22142769080876","-0.65725003537457","6.91478831199304","-1.42877723910579","3.06773376995991","6.36449902052228","-4.64192525271734","0.16140712136481","0.943461652487231","-4.30834564497015","6.83877421579201","-2.08554736258849","0.101260165980483","2.2798517566962","1.1407249657637","0.392112591633748","-3.80453129829684","-0.539662559996574","-1.01802170516946","-3.97409253084701","-3.21801625761084","-4.13134441832754","-2.99898538620366","3.1139348671333","1.62608162853358","-4.34667603136056","-3.17467851862482","7.02102826322121","0.00289099185578024","3.33151728605607","1.37163389971042","-1.27198884411927","-3.65605629031534","0.127976665585779","0.970280976368139","5.10956694457195","3.32168676969416","-1.76199057422438","-0.554662794209158","3.50657783853432","-1.33595334916228","-0.723878964598726","-4.4587150821774","-3.61121371066283","-7.19782556481937","-2.15444458947484","1.09497268372527","5.08989830580206","1.14537223510919","-3.21084872571477","5.79139451472841","-2.93411689585566","3.64820908297821","1.1071143780877","3.33554977105271","1.56656726804276","-5.86726131694048","-1.13688123398295","4.4134329302953","-0.160185909252846","6.63346456026178","3.18155239321329","-1.09198059951529","-6.88821565222055","-4.53350303437391","-8.9566647842019","-4.02783094589493","-0.421879793379334","-5.19645745032263","2.43426840437685","0.0888816774644048","-3.15262229013672","0.91642769131813","3.80113960036676","-6.73586868882563","-9.09615571641744","-0.781394694493238","3.49138067031302","-5.48397088740022","-1.18789791037203","5.33587864663076","-4.98380130323186","-2.21685674826206","1.41628325329753","-8.49231677296656","1.6838021628271","-0.41794355759345","-2.33667808714927","3.46382380713785","-5.06275510297474","2.98346557238042","2.88747516019042","0.69814969245778","-0.63345193384305","-7.43943540610364","4.70798771047554","0.162767703784876","0.72698459630226","-2.77115727938767","-1.6571019576251","6.26435060730268","-1.96070843689868","-9.55760010489618","0.80574759447879"
"Random_Index23_13_0213","-3.05499046508809","2.06887749071625","5.49982685887149","3.0373783572671","4.80919183763724","2.09466342690484","5.15481217461802","-12.9104067019941","-2.84200506140199","-0.165683473805196","-3.63448306213031","-1.09510438628011","-0.479350204365973","6.94612614101815","-1.29783453224611","3.09062986078314","6.25681430318541","-4.77036877176935","0.298348356171255","0.825477341429153","-4.40992718208958","6.87280883602188","-1.9451836184592","0.037254382232819","2.21115450328988","1.25978044928194","0.425456344377135","-3.67420019428382","-0.539010766966345","-0.873515017334676","-3.86219493330091","-2.99982782937169","-3.96750428697051","-3.07274407064204","3.05060705758057","1.77353413660948","-4.34077520177226","-3.23644379695758","6.9784123883917","0.129266582579299","3.26195454754852","1.48821208746666","-1.24657275279336","-3.54806953977488","0.0954528800402991","1.09580608179112","5.05308540720576","3.29308497939247","-1.82416715091191","-0.669933468858117","3.4608787685785","-1.25439658246584","-0.633271623478815","-4.49083568736772","-3.42460266005298","-7.1583243840183","-2.10321892645584","1.06286077984582","5.03557877605904","1.07502808703877","-3.17638687056877","5.77331249637387","-2.7867744099612","3.65975593602317","1.21406011000922","3.35024404620867","1.68239902138289","-5.73807834667755","-0.99984711698775","4.39968318432147","-0.0609222624308548","6.58350759674977","3.16732790363057","-1.03848950835711","-6.97822358423223","-4.54120392266737","-8.97386160755517","-4.14070645220234","-0.419297135331359","-5.27723892188643","2.37552341804884","0.230388338653275","-3.06665060555644","0.83415411889594","3.66976296645546","-6.64471269697724","-9.0695556107182","-0.660235368159874","3.48340424983537","-5.69298599986284","-1.22176278659688","5.38949760734231","-5.04630569148606","-2.37695034593906","1.37779441072762","-8.50542870264994","1.66122313734604","-0.334715412525723","-2.29247726837219","3.40927705053958","-5.11990440787728","2.83617830374395","2.78798822768779","0.841984015990686","-0.677663720891612","-7.55066615517682","4.69801626603525","0.336202953939405","0.729824705264232","-2.66380044127766","-1.66537653620179","6.2338440949374","-2.05268881064334","-9.61249039587573","0.820888516224321"
"Random_Index23_13_0214","-3.22631920678383","2.35733904332878","5.74282082714594","3.30189942230735","5.05441050540216","1.92747814140376","5.25342867581394","-12.976632472221","-3.032821164856","-0.526596686969248","-3.88589498376374","-1.36269481542036","-0.791423411803075","7.07220852906885","-1.60422230902387","3.11672837457189","6.37725615186919","-4.89721399603153","0.0536181820094988","1.06181067133207","-4.32381656892663","6.98392366709289","-2.14743461949921","0.210985234059607","2.38137083493149","1.11762853424762","0.484999832367041","-3.96367080712946","-0.366899349653466","-1.22810449712837","-4.05837264589673","-3.22185678680533","-4.09287925004126","-2.97115112222637","3.19164955718949","1.53446315841598","-4.2543246358529","-2.99800516841772","7.09432124161089","-0.0392522315150686","3.44257175863779","1.26323658023105","-1.32619305424552","-3.78906184526091","0.295996708488266","1.11852317895539","5.17629857784724","3.34320556570584","-1.97228003466497","-0.570453498954069","3.6944742279419","-1.56321330157482","-0.906068051165552","-4.57207099861314","-3.50144063355258","-7.32016387784837","-2.06825936998306","1.10521539422521","5.24048404988172","1.29590528535319","-3.43336517901078","6.09786988997745","-3.0082784722841","3.89387166110637","0.937958616867811","3.4108215519778","1.4794143095926","-6.0245565302359","-1.20211364508083","4.61582286064426","0.0241310690571743","6.7302176004029","3.41504116337459","-1.07238753892514","-6.86034629328684","-4.6632457018146","-8.98259464856847","-4.04619439148175","-0.58460334268472","-5.2814440318762","2.50773203214827","0.124946257580611","-3.2102320486568","0.915666125939701","3.78386445672058","-6.92989666907361","-9.17488995674076","-0.906953042396216","3.60619300025637","-5.53808850680859","-1.11710214179447","5.499391776379","-4.91635855119814","-2.14330717906142","1.49433529683952","-8.41371421847404","1.99764039974125","-0.557076525451662","-2.15518937992876","3.61340604740125","-5.40056224324015","2.97815297416074","2.94900032687729","0.665783973264567","-0.772295894092418","-7.73858518991838","4.72541878469623","0.17419640041579","1.03618662231555","-2.76580086532927","-1.53686354926666","6.3562328450174","-2.13614683024323","-9.9128165550011","0.788900583996124"
"Random_Index23_13_0215","-3.14022843523944","2.00465889472018","5.57942518636423","3.19866562998003","4.89285207662372","2.11116084931178","5.32616834009251","-13.2499539744842","-2.80702066530879","-0.266326313845743","-3.7558083339321","-1.25388439039365","-0.574949551098939","6.86253649777254","-1.41216681762222","3.15803983926535","6.37261563505476","-4.73171534470579","0.300847124560549","0.78700418174424","-4.56315162570343","6.89711917772908","-2.06566612864743","0.114804313044946","2.41603278254279","1.28923257150407","0.403677838883203","-3.8073631949472","-0.562245636008017","-0.976214478876671","-3.84100832304087","-3.18899737575961","-4.27825909212654","-3.12735346417624","3.14956071815916","1.70898037958276","-4.27213206201326","-3.25706506393043","7.05404409937187","0.132435066916646","3.2629689760314","1.40930247582021","-1.27584475533357","-3.63774676442744","0.111613423719004","1.19739405322346","5.05391341153066","3.32415360017374","-1.96848734237215","-0.625009217920285","3.48386857564525","-1.32601754633406","-0.768409675285647","-4.55256231205488","-3.68239285184498","-7.24170906752239","-2.29979274966904","1.17849181370277","5.09632233056674","1.111829145012","-3.14332561862969","5.96278334232493","-2.78981238506163","3.62155310041388","1.10151720902178","3.41215996521381","1.63828300152001","-5.9595823134619","-1.06993319296581","4.4131733995616","-0.186029324189427","6.58979409471286","3.17514395068406","-0.893541695091115","-7.05330697782269","-4.57490440604015","-9.06455618680463","-4.07309884239397","-0.365882884930882","-5.26092025574916","2.42468623167888","0.126315289342021","-2.94963678396008","0.962354478523981","3.71501642723439","-6.79950878696694","-9.33747175429073","-0.786303641882582","3.45738928009293","-5.73544315877588","-1.17803074529216","5.42651198333321","-5.27427809757438","-2.30983025805566","1.35383967212887","-8.49268216172738","1.61295866771278","-0.298878117503785","-2.45296718237717","3.48396174223623","-5.13215001260807","2.91124027114406","2.91009069365826","0.813273724766638","-0.765090246608817","-7.69611212722103","4.78410899395044","0.26585757619146","0.865769386790034","-2.73057209855224","-1.71716159053015","6.34010565076464","-1.93421244540849","-9.71298810154212","0.872202956439162"
"Random_Index23_13_0216","-3.22581612657718","2.23443227309867","5.70272738246607","3.25989501497249","5.01097409743608","1.92556764087076","5.24279402437859","-12.9866154513158","-2.96260792891114","-0.412836482809882","-3.88050068176588","-1.30637628233418","-0.733526571370361","7.08830179503337","-1.55718224386179","3.13557543191071","6.23225038566735","-4.80699132732448","0.0277456541496025","0.995798212427984","-4.20929264798112","7.03199486264952","-2.2515219217805","0.157970973343103","2.42454251172274","1.05980665618226","0.410039183395257","-3.79666605307119","-0.588951991589816","-1.14638950524621","-3.94590217009295","-3.2791438488846","-4.15064806560516","-2.89979445297375","3.0763269125503","1.58400662446009","-4.23424059483351","-3.07262255771413","7.1468406455206","0.056635794951802","3.43935106558219","1.26590973055143","-1.18701370532081","-3.6722164828948","0.33457856643463","0.98229527559614","5.24215340364443","3.51002726212725","-1.88935317342457","-0.496358712101662","3.72283673244236","-1.48386380988856","-0.97653461836285","-4.39632504318819","-3.60649704904137","-7.251684892475","-2.09201625141589","1.12340486174939","5.27021227800088","1.23207928769755","-3.23701595281267","5.93856135976347","-2.89804072562584","3.85628618192049","1.0016660444673","3.31041165169304","1.33343349239933","-5.84164774911116","-1.19896745674468","4.55640517168362","-0.164811642573704","6.62683944862302","3.39591413525306","-1.02164163180676","-6.8500480979637","-4.501220840359","-8.93538596847137","-3.9559357165678","-0.525928521983755","-5.09671664584965","2.50293146284562","-0.0579541619474404","-3.15171757646524","0.997042233330425","3.82938825084719","-6.78454982227313","-9.34873381548641","-0.891294920096588","3.64537684864881","-5.45311539743912","-1.05030180652895","5.41806380984532","-4.96397476026608","-2.10585042837782","1.623588056859","-8.2839591310967","1.7476331176358","-0.587327241516775","-2.27247224145837","3.43048595246106","-5.19062307165657","2.87894276650711","2.9990117132523","0.706884454904054","-0.707487252199596","-7.55405577805792","4.83696490447392","0.0170006191262262","0.894260937059223","-2.80777231383487","-1.53811657961845","6.36596733282255","-2.03193542111968","-9.59345077577371","0.676150736204286"
"Random_Index23_13_0217","-3.04471402987796","2.04377022452301","5.59794886679039","3.0376249631135","4.94928868314498","1.92962627213397","5.23383698236643","-12.951389205248","-2.98966589854754","-0.360844844462575","-3.86827679508744","-1.16442037235769","-0.637420965601565","6.95722669024635","-1.54868587945304","3.19810258479934","6.27637595008338","-4.83567927629597","0.279136699314991","1.15023735250271","-4.16930321869901","6.86998446873629","-2.17317698379185","0.241937032344724","2.31199785061032","1.30103561153364","0.586106271412352","-3.9343884956638","-0.351623571526748","-1.05682939183569","-3.95286084796947","-3.10024135560993","-3.98169829418803","-2.90568829025753","2.98666574013213","1.88028193638457","-4.27910008712803","-3.16978619923636","6.99724472149894","0.0370271335491822","3.3254356619268","1.29885727354525","-1.235807484588","-3.63246524162903","0.211897433095649","1.04079296846729","5.16915153543655","3.24405837130763","-1.8196915296824","-0.679463815022666","3.53527815995488","-1.3156071964215","-0.691443617909975","-4.48344609297148","-3.42414215731224","-7.16762430811154","-2.04448487907332","0.981174382070882","5.11183508272283","1.28267602695028","-3.32645533576218","5.88464841705712","-3.0872832730413","3.70942174302791","1.12200360751844","3.31539723775727","1.82652187987661","-5.8799277814788","-1.19699915934273","4.46722700636883","-0.0094155555540393","6.5614729395299","3.10917470127796","-1.02843772455181","-6.90288568963434","-4.52274723590363","-9.0375192517325","-4.11593010359932","-0.397009513135955","-5.25398747844787","2.25302964288507","0.131588659679221","-3.25103018990952","0.933236869562921","3.69334839772486","-6.81365067003209","-9.12020316429008","-0.729990323090313","3.51906882702358","-5.55812125758303","-1.29227561802056","5.587391103691","-5.03511865717122","-2.19126732741006","1.56927266509238","-8.41165118099245","1.86613312550564","-0.5066745658275","-2.09821492532326","3.33942016061384","-5.25238213088474","2.78175008637946","2.73050743916398","0.680596929432123","-0.590064136069019","-7.55705490138726","4.65233040684444","0.118938179374017","0.810794741502376","-2.69461662024335","-1.71901019100569","6.17167238292694","-1.90622479770422","-9.77781651097333","0.693122814420456"
"Random_Index23_13_0218","-3.1397903180351","2.1641310287888","5.62147943502116","3.0897749539554","4.86944181336138","2.10456463999765","5.22804860625323","-12.9402933952034","-2.80093158317006","-0.296939549693284","-3.78188468195078","-1.23010146174726","-0.579639636489013","6.87037231554652","-1.43011570224532","3.01855188113931","6.32717440594264","-4.6640495198332","0.222204360866387","0.868551835495322","-4.32182944928898","6.83796364212505","-2.05881319325687","0.00207336463352855","2.36190434362303","1.08922667396838","0.335004391798616","-3.83753135768933","-0.537128759406178","-0.991843006350866","-3.91047632238727","-3.12410114229801","-4.08469130484762","-2.98850289287793","3.13456282274474","1.6297360835338","-4.18638611555173","-3.14429406124372","6.93683510799233","0.067379873172978","3.30233753450907","1.37479492130526","-1.31355840398551","-3.56733971842534","0.179512425501007","0.98592820658985","5.05719773502088","3.30939262718688","-1.82229993477892","-0.588273702534572","3.5073600021307","-1.34201095944212","-0.797313098532851","-4.55075480599083","-3.67563949043823","-7.15504252281451","-2.14483741708576","1.16228991677215","5.08658083116744","1.09836145907992","-3.12752252565391","5.86743086472152","-2.847328051308","3.68819386677961","1.05297332615503","3.39178243020658","1.58983776644931","-5.853526667052","-1.08194090718641","4.35422294819528","-0.161109428762941","6.56379858301677","3.22379571735638","-1.14291766741145","-6.77591767097703","-4.48160608108024","-8.96053337741319","-4.00939130887569","-0.476367100408519","-5.16284197730795","2.39803354390724","0.346029612573935","-2.96391809403345","0.765213608727474","3.68957550923402","-6.73489265452499","-9.23598261246783","-0.843320383563341","3.52040389228469","-5.6332123227169","-1.1486751143755","5.36411656085382","-4.89178655574346","-2.23730219416244","1.34011649933106","-8.52363240283243","1.66263887533586","-0.384882406349186","-2.28992567653462","3.46365433771711","-5.06255367295164","2.92576981842668","2.85228009940769","0.776640745594693","-0.735978541381846","-7.54489969994484","4.63931829704233","0.326263162464446","0.731631626781388","-2.83639007627374","-1.58726810128233","6.25040199445963","-2.01587963493236","-9.62124921699022","0.892516680127703"
"Random_Index23_13_0219","-3.12162254617722","2.15995168576176","5.54848132275146","3.11137716064055","4.84136660127838","2.05979199381911","5.12473786248061","-12.8467435535479","-2.78923074805322","-0.324560121553704","-3.7554722430926","-1.22784771895202","-0.604076259584368","6.90188207680868","-1.46010433653777","3.02980457113431","6.24745435382557","-4.68721233013096","0.277030836521411","0.866804000297161","-4.36126669982774","6.8196824248078","-2.0616784810649","0.0899504054825377","2.34364813094768","1.00312417937219","0.345295440675504","-3.766043236197","-0.503434323889067","-1.04043097036902","-3.85886902376951","-3.1272425421892","-4.12241041136025","-3.01109461629543","3.10906205050489","1.70212900725353","-4.19920094995413","-3.08338460285125","6.90818500971933","0.0767964098835814","3.30657451047437","1.34492300522782","-1.26775543427581","-3.56787478407878","0.13392628127118","1.04269801916697","5.0399758332086","3.26057217174684","-1.87847428914128","-0.580716196842758","3.51070912448948","-1.33882240270429","-0.754669276555935","-4.49742361631178","-3.54524100181034","-7.18998022363274","-2.04636607180033","1.14228234536124","5.05147918571931","1.17511019547417","-3.16425624993097","5.85763291873783","-2.87126427745007","3.69041593549122","1.0179907048267","3.37276807692457","1.71858450044957","-5.76284437729422","-1.02951739632282","4.37185165996012","-0.155032992281601","6.57367200725302","3.21575713597896","-1.11777392094948","-6.79652967947853","-4.51331365562829","-8.94634319178895","-4.01643909790674","-0.504174547038908","-5.15957375422537","2.44826311557633","0.171226267282141","-3.05643294096914","0.791168919141306","3.75893607224682","-6.67077052994482","-9.1466336106594","-0.836694855369159","3.47294334444935","-5.64585626671839","-1.12290633604411","5.33145473574301","-4.90068721800123","-2.24202643727421","1.37283414875949","-8.44723504069633","1.67797431798146","-0.419053360335588","-2.28803330442995","3.41458883707225","-4.98736931813494","2.9924148629255","2.85953615461202","0.735890264323986","-0.765226605059101","-7.62019368061365","4.70034211612216","0.197000317593368","0.8423071640638","-2.75088756359675","-1.58487521462143","6.28038307012568","-2.04555175076194","-9.56929068848192","0.870104106172073"
"Random_Index23_13_0220","-3.1836975535047","2.1459405936054","5.74159050796114","3.14185146580293","5.00648424555615","2.02595171675196","5.24276693767425","-12.9494285256155","-2.88064077604668","-0.411769937956314","-3.80938274128472","-1.25593619069005","-0.601373117796061","6.90058073587392","-1.45990432591897","3.17759678659321","6.36682143718737","-4.89431671822372","0.23797439833955","1.02787749703229","-4.27767967499468","6.85538216077961","-2.03369183234535","0.245043028548151","2.31683709576978","1.11890146943658","0.617001552920767","-3.80178181816975","-0.306993557113213","-1.07158471619212","-4.0156672096916","-3.15098812151891","-3.95120016001823","-3.02880947144014","3.19445521984239","1.77729962882771","-4.31556474708828","-3.13507269812927","7.00597035821401","-0.00258401680336311","3.39777146695045","1.43433245885319","-1.32403328362816","-3.69411943963032","0.263982297317159","1.17608772593043","5.20096147574733","3.29588371045069","-1.9095987149264","-0.621155600250155","3.59980740450837","-1.45248401005809","-0.725141864600109","-4.33770355886865","-3.48534777368069","-7.21832623364701","-1.89145859816698","1.17050358103268","5.03098755958872","1.40297851586175","-3.43100366824787","5.96607904484642","-3.04158692038264","3.79347120791504","1.13384861895178","3.39728736326045","1.74578437406399","-5.85234474964196","-1.17660145956897","4.55881210036368","0.0888505424623034","6.54854405281251","3.22665147315191","-1.08127531322504","-6.74535606197507","-4.64263868891797","-8.85658717531723","-4.04885309293753","-0.564013531200739","-5.13700917248922","2.39709313825095","0.306337028947494","-3.12763578073605","0.896686337818368","3.66664375141805","-6.87703774849414","-9.15699237279163","-0.854043802101194","3.54076251812984","-5.67890761498035","-1.2334368980129","5.61109353974667","-4.82720328562669","-2.16395245133805","1.64967628352939","-8.42692382078111","1.93933582264058","-0.504314093896837","-2.13258008703983","3.55660663768212","-5.17226982717056","2.95804525292547","2.7531864782609","0.757728469707427","-0.805182081590146","-7.63511098410021","4.61229116675933","0.218633442004717","0.833921440407519","-2.77285443964366","-1.63055031234979","6.27613696185941","-2.04859740792617","-9.80647655325311","0.816198891558068"
"Random_Index23_13_0221","-3.1511081950029","2.19477381900434","5.57014130903772","3.25472287240385","4.86254252067909","2.00844369166763","5.12929385253219","-12.8957470295469","-2.97161758627186","-0.334666988154442","-3.78112811104816","-1.12674479240535","-0.558757959182508","7.07067963405468","-1.39147432943452","3.17049413265912","6.45358933184099","-4.7458717204896","0.234226590198855","0.924830007128353","-4.37382844916352","7.07186741995582","-2.03417171540004","0.184287436658732","2.2845822479508","1.17149662888057","0.437401514122615","-3.83724017845273","-0.54225157090612","-1.006636378074","-3.95309958590622","-3.17189720610277","-4.03654543583673","-3.06698999097804","3.09244389970375","1.69701300113935","-4.40454019123908","-3.2360708481243","7.17168982497844","0.0220651185074991","3.38865104162799","1.43129446668841","-1.28992152662199","-3.64677148697042","0.0691886446404362","1.01568275636814","5.1287150188098","3.36135510790839","-1.97609857879341","-0.593812447523467","3.56699544181338","-1.308151548597","-0.680580034739327","-4.50956350971771","-3.5955767731207","-7.15905235380576","-2.17247263970304","1.14630301685806","5.13030935591226","1.10273388993681","-3.27862286204285","5.89890179958658","-2.9300082912969","3.73892261319611","1.17628679610834","3.45983798373629","1.58858273904306","-5.80250412291033","-1.07659199133425","4.49667027104672","-0.123402740855658","6.82632009698404","3.16902920267658","-1.16490139991512","-7.06491784556106","-4.5390698310183","-9.08608239253219","-4.03260988741366","-0.443933023062579","-5.32886598748081","2.52137471610264","0.205134080458448","-3.12373647405765","0.825275507288262","3.80767202267899","-6.78741727755988","-9.16498301532562","-0.821939259667433","3.52352603338703","-5.61401423685172","-1.15808760747621","5.44326846666377","-5.02084425395927","-2.37011248813778","1.4042289499573","-8.46616242412779","1.73546708436702","-0.45235387104869","-2.24027783759538","3.4745085059794","-5.06885507111878","3.01018182145421","2.98059949708251","0.766467160620124","-0.75186039944201","-7.58643632730569","4.75586849918799","0.268620190726637","0.788595624805538","-2.76692854113118","-1.65412051996245","6.31455407271661","-2.13477067247358","-9.67059500124104","0.757864746293367"
"Random_Index23_13_0222","-3.17886914059766","2.20973450615834","5.59511740923895","3.16010761472388","4.82361507313813","2.14588263711931","5.2452046424165","-13.1906414269524","-2.78467138563545","-0.223833922318937","-3.77057282683089","-1.17184924079907","-0.720804877912315","6.81576009828228","-1.39917889097456","3.07054641590852","6.28702269469235","-4.64701294360538","0.275693735883156","0.766854998983066","-4.47216120504492","6.77438243536225","-2.10542708820011","-0.0651074438810547","2.38364017562729","1.04999828376706","0.283701501213092","-3.80533475188348","-0.645584640840447","-0.984384950666291","-3.86941791841637","-3.25421363876476","-4.21645811970901","-3.00012539229892","3.08014797706093","1.69666777874082","-4.19078786954299","-3.11867934123879","6.94026827122466","0.16947621066178","3.27682450222638","1.27158691694121","-1.16281779282104","-3.57108364741263","0.0939913703427905","0.881545319093027","5.01372782502982","3.38374947069657","-1.89003217909198","-0.592373068581744","3.39824787528319","-1.44640385504273","-0.793783463268347","-4.56410034857445","-3.59131963775965","-7.09301740186769","-2.18489374871747","1.09533842273863","5.12998822864518","1.12491641095071","-3.08881649478224","5.8991485251483","-2.80260551511499","3.7098830628221","1.03760152597065","3.32564531399291","1.57753532719076","-5.76723651817493","-1.01346306532536","4.32821952891887","-0.219328083002686","6.59852863621528","3.46231609232245","-1.08335910116061","-6.77787033623285","-4.58169110841042","-9.06421258485529","-4.28241109364423","-0.234822968477945","-5.10490703119613","2.47095368235578","0.116212226481625","-3.02232873262532","0.860253323304672","3.68787558748962","-6.59467809852718","-9.30748622848397","-0.788718545064902","3.47155709190337","-5.7341211910253","-1.10382693080147","5.18705058668575","-5.00055932636569","-2.21812011147679","1.3542846212392","-8.40969898449341","1.58948424820718","-0.399128526140571","-2.43267168604706","3.37231841858576","-4.93424473538054","2.89991284899304","2.89409624138685","0.793035666031876","-0.702009613427706","-7.76739120207301","4.73167797881954","0.289918947704486","0.908932184110847","-2.98055225627319","-1.72448308665945","6.39497592021112","-2.02310594378509","-9.61997141506828","0.854779095297086"
"Random_Index23_13_0223","-3.1703559707718","2.13110007190564","5.55805657889305","3.1407110220163","4.77546153427119","2.23879437078874","5.11177787369842","-13.0026990424814","-2.76867435601506","-0.209337826496005","-3.63081206077712","-1.11464193750542","-0.578965475862051","6.83505418875097","-1.34739520360651","2.93273095366678","6.31815171182792","-4.58870644686158","0.341764940576018","0.76608702079885","-4.49319211579994","6.84399018843561","-1.92511899085654","-0.065785532377201","2.35429230353354","1.13655711123433","0.248262957835291","-3.64849609229807","-0.689472555370086","-0.837330047492722","-3.73970166079268","-3.00023796138177","-4.1306702146728","-3.09515136364098","3.14256794169561","1.58140368727434","-4.2130218070462","-3.16047434130109","6.96498550318149","0.152647740588117","3.25156501465189","1.55151590608495","-1.23371091197929","-3.44233623295126","0.0305078638793582","0.990672899373217","5.02675154008964","3.30512620450332","-1.87492158230293","-0.59109969103617","3.43267173510419","-1.30450025403876","-0.646139966440218","-4.58502305560408","-3.59404554080247","-7.16998458405445","-2.24021689711541","1.10798206598297","5.06841394104475","1.05834338064322","-3.03724668953466","5.79397640972251","-2.75354244767803","3.64259202327518","1.10785457360651","3.33512642771767","1.57921309054642","-5.92409458716065","-1.01283275315948","4.35065048787531","-0.341201700099674","6.55625137790878","3.17004786466103","-1.11433798337694","-6.80593195864305","-4.50370964371027","-9.15005031809951","-4.02247049910517","-0.340755179586345","-5.19358500135063","2.42525443214587","0.317993924758634","-2.94339217140884","0.72901121097185","3.65757559778046","-6.68808418582192","-9.22587568410776","-0.714971176518786","3.45205116049711","-5.63270574457472","-1.17133911158395","5.30143245123104","-5.08682168361121","-2.39036796352881","1.29169697120193","-8.45307622756119","1.53251326524122","-0.193235842131769","-2.46906591932061","3.44515204480053","-5.00965249167351","2.91880167832803","2.83841266653617","0.897837936322639","-0.687326999273554","-7.60439866193347","4.71606166388954","0.458598086429808","0.712299723296867","-2.74758958800371","-1.65661644647512","6.24805633835487","-1.99639811072213","-9.56233951305073","0.947518804678975"
"Random_Index23_13_0224","-3.14882253108669","2.08873907641752","5.54116028025902","3.09323801483801","4.79739468082912","2.11193404507043","5.14705128877568","-12.9117203005187","-2.8243725157569","-0.303312749901182","-3.73245154832256","-1.20235947857688","-0.596985314821729","6.91288220356573","-1.43672998147035","3.12239582881921","6.35694225159971","-4.68385938033772","0.255354227079332","0.899563063599584","-4.34959977504934","6.86108165891862","-2.00781052797849","0.0947025436597631","2.23626644154455","1.2084125139167","0.507809731203672","-3.75811859386737","-0.593065672495208","-0.966152045989523","-3.86410024026178","-3.09187349193788","-4.01459717512775","-3.03182848469034","3.15825511295336","1.76410240327523","-4.25251158213914","-3.20297414331234","6.99243621939461","0.125105785759958","3.2726673296348","1.4174460440213","-1.201167714096","-3.55393060694155","0.0578944118607605","1.09163338133331","5.03851773421119","3.29088284592899","-1.86189808566729","-0.671246553377839","3.42274348009021","-1.29206792946862","-0.695901358261329","-4.47266224468906","-3.59691786704172","-7.22049417140338","-2.12181524726261","1.12817806922961","5.01358135901977","1.13859861272759","-3.20128577532098","5.81576545311377","-2.97208139166677","3.61618874515904","1.12354882473512","3.39730766906346","1.63069635969266","-5.79296635614088","-1.05286129437008","4.44105122212507","-0.123978096713479","6.54643461193865","3.23144815487955","-1.05671733678782","-6.90990685118032","-4.53582780579774","-9.03947193178175","-3.99424005068059","-0.406898967321002","-5.37558353292738","2.34830219012356","0.236122387142143","-3.14764761922212","0.774626005459361","3.69767907187924","-6.74156065274979","-9.15742494016477","-0.716525689666407","3.45763631748506","-5.58492592347336","-1.2940284926761","5.42472511823815","-4.9532909895554","-2.25910111003113","1.36546753682305","-8.5045808020637","1.65490862507625","-0.373733874524199","-2.18748786121421","3.51270443322924","-5.11249947341357","2.92525760653952","2.77741980975819","0.817367527552288","-0.677149704823083","-7.63610860977367","4.61477902283839","0.25101464928385","0.701710884601397","-2.73883388164512","-1.69660336009956","6.19575345009641","-1.95345751755096","-9.64919080728522","0.843058799891031"
"Random_Index23_13_0225","-3.22237666011923","2.22831844134289","5.62297234563762","3.26137401778524","4.93771095291439","2.05860665053117","5.13976400665096","-13.0470793387047","-2.88091410875867","-0.342183059612123","-3.77103860988703","-1.18613701372934","-0.685444492070243","7.074371887391","-1.56219903805476","2.96501307194643","6.534674648767","-4.75210282993257","0.201301925986034","0.867046012167426","-4.3612900782669","7.08377197576279","-2.04369300453022","0.0725114707945754","2.46486800952273","1.02829509195429","0.346740329958043","-3.8391539472203","-0.594427315093796","-1.02200610595097","-3.96165720455562","-3.19270587165996","-4.1125454719066","-3.03594880487703","3.20750751863029","1.61458084747173","-4.27398379455549","-3.14624662544853","7.16402859376893","0.0749405228549367","3.40118153079711","1.37361669473694","-1.21211338792358","-3.67641419816951","0.126173762330809","1.01177227783613","5.2702130297238","3.44259699288359","-1.90109716776675","-0.535420980732262","3.60235371422935","-1.41346306290428","-0.751620338830388","-4.54819147072622","-3.60595691721895","-7.31397107651124","-2.15862706889783","1.15497968346546","5.30418097838462","1.21408972108997","-3.24063816773724","6.07167893259704","-2.90830871244408","3.84521942807331","1.04062744310421","3.46845651953188","1.54874040908058","-5.79617208137868","-1.04958083162095","4.54158278571539","-0.211759299330904","6.92114436171077","3.30340168860952","-1.0314340751719","-6.88535593624225","-4.57044859843658","-9.02891142003753","-4.0037552192504","-0.385900024499064","-5.2493797970575","2.56588576204324","0.120287154781358","-3.14350988219706","0.845380171442017","3.77461674548188","-6.82106758373318","-9.35974819870848","-0.839253833660419","3.70487377233813","-5.65562303755746","-1.09721380868239","5.35626118613223","-4.92515274496731","-2.35805550807491","1.3814925972122","-8.46499988907282","1.69895790483597","-0.418937156738535","-2.35055900670635","3.53441688966518","-5.14139469212049","2.98365596727553","2.97942991771535","0.753750380136863","-0.762802440456112","-7.63247422334909","4.88606491072351","0.27505143672324","0.873286058876967","-2.8049626630806","-1.62829833818953","6.47491664591537","-2.07780952662214","-9.70356551626014","0.804278960223346"
"Random_Index23_13_0226","-3.11611644529913","2.14346565206262","5.64940790339723","3.17409275594522","4.86023309420308","2.21059052114178","5.44005362996043","-13.2809840892191","-2.69691688558498","-0.297391545635247","-3.84958517767764","-1.39662531472008","-0.649885829398841","6.78601166840464","-1.55914663663192","3.05348738402117","6.29349146225762","-4.68604556394783","0.175067622407621","0.83512947821575","-4.36065650412855","6.87165845227735","-2.11131982606866","-0.00777536228861127","2.38232398911301","1.06927237603172","0.350217874736167","-3.86555392767507","-0.663426907234488","-1.08616826227149","-3.85124648716046","-3.26195283012958","-4.29069981607616","-2.95975498523666","2.94574609246546","1.79989787709448","-4.12722671800146","-2.97567336666636","7.04031399402549","0.145404438717074","3.41466760507282","1.41197304907745","-1.42179007021808","-3.5442695792479","0.13066692980242","1.19248177683451","5.10227846238423","3.4406621696699","-1.78251278997685","-0.581346141400764","3.44556470236001","-1.42286200822619","-0.87476711919831","-4.61336108489926","-3.74340913997241","-7.27489016942656","-2.28154157052502","0.913727606391644","5.23172346187643","1.32582599141014","-3.15344653606227","5.93857514892426","-2.89266485127089","3.68356248087834","0.965440473142261","3.28485224709185","1.64211403897308","-5.87945915766503","-1.23469997002984","4.37005445762261","-0.128292406390829","6.60188962693068","3.21394896371813","-0.953372461768903","-6.70321891989482","-4.6081444137513","-9.06854282914937","-4.04512275243977","-0.318487482243279","-5.24018628365045","2.40973189014162","0.15431325925862","-3.06013049153864","0.880305755335985","3.63533197661933","-6.76514182488229","-9.29111601116026","-0.739999302189898","3.58159561073649","-5.44273794258932","-1.18623596003789","5.41714313465192","-4.84300714856196","-2.23132242468353","1.23408644922627","-8.45942447585131","1.56596780875426","-0.304776965803163","-2.50885325634199","3.23942020079182","-5.16303030610151","2.75248643983843","2.87130749167761","0.865807425381014","-0.552318285196509","-7.71692686996485","4.80634447619994","0.281232064638396","0.833988679168582","-2.8585635164806","-1.59781579873729","6.31805301801366","-1.88020715894339","-9.71694958428157","0.881296386417388"
"Random_Index23_13_0227","-3.01016925354896","2.14713610510737","5.69991747445848","3.30697261001282","4.90793250870774","2.00092589512837","5.01219931343394","-12.8837576084473","-2.90104883840293","-0.334993259757075","-3.8080020485991","-1.16790972877304","-0.707175063824167","6.87677199564781","-1.47340490694561","3.05379429462205","6.30287255499958","-4.67506010014396","0.217256541749608","0.925971296683391","-4.31088572660661","6.91515990457884","-2.03136725346557","0.151659940415304","2.43441693641692","1.22785994175197","0.479216980863247","-3.80162067127421","-0.439405473015808","-1.04247272074863","-3.99396015398852","-3.10449950436662","-4.03871163643695","-2.86997482355086","2.95939223927316","1.58607559073406","-4.15084694164281","-3.12587261735822","7.10891495636993","0.0398425655511367","3.31756071898772","1.33595994754001","-1.29113242506392","-3.51684523765684","0.181413859816556","1.10000981551011","5.13044309984782","3.5166719984009","-1.87196670497197","-0.46078730169931","3.57735578585529","-1.42491834435178","-0.750251172839085","-4.47869319344997","-3.62087769874717","-6.99684248439558","-2.09621957058872","1.00044371391189","5.14339987306289","1.19525965372342","-3.1094833005646","5.87390591810904","-3.00369882085217","3.75196783453299","0.973922304620755","3.329849895856","1.48746624912418","-5.70653855970956","-1.0418521017653","4.50485527979059","-0.18184744294223","6.66745719933995","3.25781545465501","-1.02175133616721","-6.85097568425128","-4.4639702002139","-8.85344556625234","-3.9603117847388","-0.544722123354365","-5.08427826365445","2.46302056193622","0.12413979764503","-3.13683543980418","0.821498900262522","3.69722707225792","-6.68088323420709","-9.21850745065883","-0.856094595778925","3.50015221705448","-5.54121400720619","-1.12379558764847","5.46092973705615","-4.93199448150721","-2.15915175910592","1.41346703863366","-8.39535303129212","1.82296205509733","-0.44928017826859","-2.28173452329985","3.32861778946312","-5.16317723283323","2.86816117449781","2.92685799422216","0.74148408362453","-0.608776691420888","-7.52004315808759","4.67366015223915","0.235161835232588","0.787626486606765","-2.6415963901907","-1.57251771638445","6.28819592131929","-1.85686012470466","-9.66296415656631","0.767480131190999"
"Random_Index23_13_0228","-3.19695798399698","1.93154160318068","5.49888831573278","3.02610318550691","4.76925940168482","2.19624028017331","5.03146214714774","-13.1475142454333","-2.84255265567341","-0.169792468075623","-3.72514939729333","-1.13465100592913","-0.647783795995164","6.74289546824343","-1.33412524077005","3.06623061937491","6.23698406157409","-4.63934524449634","0.350434554959934","0.766696124243078","-4.28407780520567","6.70501831313316","-2.03517476297232","0.011428804669843","2.2981301319768","1.34110807673291","0.293477603868726","-3.77869041780126","-0.637691520821076","-0.975849238570257","-3.84982760774099","-3.02672838861105","-3.98548859382826","-3.17986191746077","2.99546564889422","1.6869005147429","-4.3004729532006","-3.06109685106456","6.81864631567321","0.257165613696501","3.18407747316727","1.4311454256453","-1.14006624850455","-3.41314459043586","0.0524229479390231","0.963137765160602","5.02816972213324","3.13116013675609","-1.88919637808463","-0.70710810131432","3.25780128440388","-1.24804443928501","-0.647939877180025","-4.42248185302404","-3.52803719259732","-7.0678686522114","-2.20988895340526","1.02563148186279","4.94778828687512","1.06851515535522","-3.03960688929351","5.72069790909082","-2.95822075128318","3.55920248415455","1.18522707671793","3.25817654410249","1.63038260275101","-5.75040049234939","-0.893645490183163","4.32661169460108","-0.300551459263542","6.50613365345201","3.20168629361382","-0.971282209659577","-6.71986898922654","-4.34664407397587","-9.02463308632188","-4.10734022716352","-0.174690889272864","-5.17232011560546","2.35618238020676","0.187647306984793","-3.10347436893016","0.700243124363759","3.61404740141539","-6.66604058544589","-9.08244021185323","-0.647845775654051","3.36479897343241","-5.63827678673043","-1.2298682133576","5.27359139328147","-5.19258746703035","-2.25185775150051","1.26923877518151","-8.30284347343036","1.55874121917955","-0.302970414356493","-2.28690297145791","3.3568738253871","-4.94759285159953","2.82965700679003","2.73989761838271","0.922011260769085","-0.516278483771316","-7.53527677726782","4.55210863188744","0.286257523169898","0.652796839251205","-2.60365471907279","-1.73848085777188","6.20018042416045","-1.930109967272","-9.50673272267591","0.884683912537585"
"Random_Index23_13_0229","-3.03271674623307","2.22630307431001","5.5373201707362","3.30853955040703","4.77562565048594","2.04856809008428","5.0632704822428","-12.8946908797984","-2.86627291354795","-0.283495635189631","-3.66678587904564","-1.16961559539259","-0.601712754790918","6.91182411963206","-1.38991345134346","3.07076911654834","6.35841081611091","-4.67188088269035","0.30225391069053","0.827132675717805","-4.32816613676071","6.88521201671552","-2.02681212891551","-0.0287204847989977","2.40685698231208","1.02746799945475","0.262995578154526","-3.73895484122371","-0.684242912750801","-0.983808005643512","-3.87568362113059","-3.14146343636425","-4.19661305922961","-3.02627820197632","3.04573124989143","1.73729348095603","-4.25239408518026","-3.06769471752217","7.08857347842312","0.0839586784833078","3.37787843913113","1.36154620093662","-1.25051943790973","-3.46174391060018","0.127666924090541","0.968382306836962","5.02922888004534","3.45612474026151","-2.02481712524187","-0.518151285108278","3.490281737582","-1.36086192338333","-0.795239668842086","-4.42049329171046","-3.64201659325701","-7.1465018372525","-2.15587719457089","1.07958695587278","5.15515631480554","1.09562127489534","-3.19534504941347","5.83134111428411","-2.75995169922022","3.69367376555783","1.06698565765978","3.30567265071641","1.49532815850024","-5.75690681627202","-0.887386919231516","4.37729529653425","-0.272293500646271","6.59589701945342","3.15743000423011","-1.13883175928677","-6.7581077714247","-4.38809185482818","-8.85386618918091","-4.03795968788625","-0.447895286265518","-5.08601560518104","2.58281061926884","0.137629408714492","-2.98700918695181","0.920688369594751","3.83628189099846","-6.54431224863961","-9.23781895607646","-0.751487690379855","3.57011869805768","-5.55517264395033","-0.920147494719762","5.23485688981818","-4.94239042030337","-2.27948309200613","1.38547269310232","-8.44041448616102","1.53028374509902","-0.393595137550854","-2.54188578428951","3.41365516475432","-4.96157270859642","2.93458437855134","3.04799711564716","0.76633534870083","-0.784826094993867","-7.57531311444737","4.78570071153893","0.302220452511277","0.819534485137008","-2.73345461291425","-1.58111340233377","6.36650242017987","-2.09362036998699","-9.52357376427877","0.971804920186916"
"Random_Index23_13_0230","-3.20162137157581","2.13860445179437","5.52344474048087","3.11735691294293","4.75909773549129","2.19706168152186","5.15766297173733","-12.9741702842384","-2.8203226416582","-0.248812710985955","-3.67762114256447","-1.21794243939298","-0.554538573397066","6.94418146830524","-1.42593942366216","3.02444371196074","6.42453766053414","-4.63502959352784","0.258410067918448","0.851500351150877","-4.52788340333616","6.86984023805019","-1.93894782858058","-0.0383794432852703","2.25337226030178","1.19014264381233","0.325845020380019","-3.69536215887777","-0.619950069902927","-0.956532269832007","-3.76375051864444","-3.11443870641339","-4.11791571640463","-3.10191123873598","3.24841434764301","1.63654540059848","-4.27506331044979","-3.23651397408422","7.04407667740748","0.134742364122381","3.29444574174943","1.43567317455038","-1.21362330203782","-3.56253052906886","-0.00703041854645052","1.03301758996337","5.04580241908792","3.3587033465527","-1.87742694803464","-0.632708283928445","3.44077175255313","-1.31376370602895","-0.736597081885444","-4.50983873959901","-3.62877688199179","-7.21984820627307","-2.26636627814346","1.22415994680351","5.07016393701949","1.04785609127925","-3.21409561789601","5.87821987920552","-2.82295376881075","3.6341493509307","1.13410530557063","3.49886786066235","1.63850211183077","-5.84168387939733","-1.06769389378548","4.36995823847859","-0.157039179839729","6.67176057892597","3.17028218276046","-1.13677641089619","-6.88861251248597","-4.5906827575002","-9.12458843408753","-4.06739787628899","-0.370752790398628","-5.31831921054246","2.41635937310767","0.326287109394556","-2.99681868855631","0.782273173742221","3.69652390869706","-6.70992009923729","-9.22736324306726","-0.805268589669107","3.48990048742494","-5.51723249000246","-1.21999373057741","5.37675589638353","-5.02943295273347","-2.37122445646436","1.36599708055871","-8.59931942313839","1.60433236193485","-0.346942437357255","-2.34592281526718","3.54961730543051","-5.09953843851668","2.99244328302756","2.83731147333139","0.842819801543268","-0.67122456373265","-7.69514557027052","4.7645932155803","0.382937138597283","0.728644619287672","-2.77396594199087","-1.66714527258535","6.34690435294661","-2.03409166016623","-9.72651974630814","0.946714607498485"
"Random_Index23_13_0231","-3.15179684558769","2.20704554671666","5.75714727711379","3.1957744771731","5.04566170957563","1.95750199069365","5.07077469078739","-13.0401540162268","-3.0443466642818","-0.349693129112198","-3.78067473171038","-1.20332776240299","-0.658816910854054","7.00529696685397","-1.42714871742846","3.22117630338549","6.26189798269631","-4.80058985090855","0.17719072322442","1.0665079887706","-4.30604296582202","6.9633331836034","-2.057498375106","0.222268765586368","2.36951712994363","1.14006365174489","0.506355657440957","-3.78232201744885","-0.482470493291386","-1.07435224313886","-4.12013078807997","-3.19909866128593","-4.14503653383851","-3.0201338338691","3.03005280206259","1.76342859107933","-4.41508535964577","-3.28233214253964","7.0123349526323","-0.0815819267061088","3.29935997324089","1.39760556626931","-1.30608395505218","-3.69153175037763","0.162766872881253","0.982590279255454","5.24418132835472","3.24887105749675","-1.98754501575116","-0.605337939363068","3.67104806847871","-1.37090776878501","-0.696548241160018","-4.28482082149948","-3.55591838583618","-7.26644668789946","-2.0067424997537","1.08126601111608","5.14594724587857","1.13519599007317","-3.43013725329707","5.90651911959999","-3.06328944031651","3.78847020480358","1.11934958488878","3.24702701714539","1.56521137924712","-5.80458441515522","-1.13510600815365","4.59469744003411","-0.0804785112696642","6.6101565151477","3.20678161222608","-1.20248891049519","-6.99852786813704","-4.58125979004862","-9.04254007810557","-4.09497106957397","-0.539155071447688","-5.27342399190907","2.29247967236913","0.269370500916543","-3.10128665852039","0.852701218366612","3.69331769773644","-6.84243137780304","-9.29834561497116","-0.78622123010756","3.52433862768219","-5.63685367774156","-1.16768294090101","5.53240497891878","-5.06668140786352","-2.19722075434943","1.63615622341926","-8.4044939611422","1.82140433935795","-0.553626471784475","-2.19892048958203","3.47774515883695","-5.23486640768383","2.85380083375567","2.85967140675307","0.686673541217049","-0.804395321907945","-7.60640127337154","4.68091920300415","0.143155185092083","0.824040576603385","-2.74181238007943","-1.64461170461901","6.23429466245827","-2.16045424370752","-9.8150420511861","0.799907116597337"
"Random_Index23_13_0232","-3.17891929394067","2.15922673912177","5.58708679097661","3.22310524881874","4.8366699016907","2.10953433095434","5.1772642960589","-13.0399973364779","-2.82232189350625","-0.377035499916409","-3.812132946197","-1.25630316890414","-0.717296555607043","6.82998577458601","-1.50261020831602","3.05581025611929","6.36627303968267","-4.5544253783771","0.161507019625353","0.80608100162364","-4.34941563033802","6.8743416780217","-2.09411684903447","-0.0364160863731152","2.41937004778564","1.13453884156168","0.343091848561006","-3.83155983882405","-0.589814447770038","-1.07009790350041","-3.81217839377903","-3.13469083959887","-4.10040338443078","-3.06106423006158","3.09913203944921","1.66092388108353","-4.19139397431497","-3.03961564032332","7.02387480734775","0.0886270475618621","3.33515905865469","1.32452532409148","-1.25173946817562","-3.54927245836081","0.118252942074501","1.04746464172439","5.03574303541837","3.41541487422888","-2.04773776260102","-0.521766206709071","3.484730688457","-1.43494105362511","-0.801052503119586","-4.54939175868286","-3.68360535695333","-7.19670419041558","-2.1724731281826","1.10395166961698","5.12705569387999","1.2228320554837","-3.06267752624031","5.88762449296285","-2.88763317964113","3.64449370078651","1.06824708242929","3.33844332391938","1.56489073458816","-5.83908066395177","-1.05200249650143","4.36957919116118","-0.257893959777398","6.58370213246749","3.20852166903097","-0.969245448770512","-6.74615993223577","-4.53902114601915","-8.99265461994882","-3.99379317454503","-0.386130361092123","-5.12808691590591","2.52114828787604","0.115853785945585","-3.06305191082245","0.855160482401282","3.68371171807249","-6.72731617058218","-9.18074965312473","-0.810506737383157","3.54453753035125","-5.54491703881858","-1.0929159435558","5.29149464032592","-4.98572685080776","-2.26861219619678","1.32706795591187","-8.3956797913139","1.59659830569421","-0.363559682087483","-2.34939060829348","3.41050480499286","-5.10633723681743","2.91093790044714","2.89333715463695","0.860814060876677","-0.650002633395975","-7.61102921028807","4.73098099242102","0.179971297435409","0.855625328931381","-2.7613549913007","-1.64866779316211","6.35190888680963","-1.99973421958554","-9.6227620204834","0.838139609971782"
"Random_Index23_13_0233","-3.14089413005988","2.06138116619069","5.43029723912859","3.1029975796601","4.67745564020561","2.21563725082187","5.26673239109414","-12.9501675529302","-2.75818801837828","-0.231898573952124","-3.62960150739986","-1.1788186087988","-0.514941093125479","6.86194788935899","-1.36716660379748","3.14552859247736","6.26575636468967","-4.69647629288039","0.370047469426994","0.860935882215842","-4.42636007530518","6.78367326679309","-2.00654418371846","-0.0354582085310936","2.32331868066871","1.10912596681145","0.328244081080438","-3.74464966085679","-0.642785913934178","-0.953808190888533","-3.80629532811005","-3.13748377923832","-4.12466445343402","-3.1294959723715","3.00454018359588","1.7419623673458","-4.29435233320939","-3.29963902710317","6.87892353626849","0.157773449243593","3.31302401375464","1.51630900149385","-1.24882963674015","-3.39831078860648","0.0757697090491612","1.05333505426348","5.06156434118357","3.34761336591233","-1.67889948569046","-0.706261258083589","3.37807398355748","-1.23984768845143","-0.730753169869513","-4.38406273648115","-3.60170231714854","-7.08961730107372","-2.22589861771447","1.01933311711326","5.04018864532113","1.24815954521181","-3.09447933981702","5.81306305219198","-2.73981677521603","3.53795592869258","1.18303628166631","3.34867372485834","1.61802324876002","-5.78554289263373","-1.05875759180681","4.33432637462809","-0.108111775805374","6.48327765300576","3.14687178415892","-0.915692530918557","-6.86014989073362","-4.40006357006946","-8.88212839042874","-4.11899136192726","-0.296489659726505","-5.18575233524638","2.40447499564981","0.188594919884009","-2.97653065546992","0.858993600077386","3.62405848240315","-6.56196055428536","-9.17694993691899","-0.763469888861834","3.43216952257167","-5.55745329841641","-1.16445430023492","5.2926444285926","-4.99797060392808","-2.20465853481049","1.33188064168059","-8.4264930694612","1.59167293695469","-0.402621784550412","-2.3591599863421","3.36133932952833","-4.91647399129538","2.83233301995129","2.7789766214979","0.875862233535583","-0.610550310950285","-7.54153258051864","4.6552409947517","0.327611683119897","0.611099513315686","-2.82088402403716","-1.76158223741779","6.09126322994935","-1.90152397371429","-9.52801870000522","0.867437115959154"
"Random_Index23_13_0234","-3.12288535835593","2.06245234249291","5.49919271832026","3.12667310843558","4.71689794249179","2.17922324519187","5.17716434668993","-12.9581894991148","-2.69606200003772","-0.148861194728691","-3.65242729553277","-1.09683924553069","-0.499478574618543","6.80104557476459","-1.3826801887152","2.88727082387739","6.343912817056","-4.59450979604933","0.316736261575257","0.731660788551854","-4.53309302326438","6.75506416887144","-2.08426723776163","-0.252079355589885","2.39958572916738","1.25738302656589","0.136251711794231","-3.66675101446329","-0.729404285878843","-0.893618694175403","-3.71979270867952","-3.0648200326606","-4.11991297780401","-3.16426030922044","3.16565878923102","1.83678329513438","-4.13896364923213","-3.16619824187778","6.94565687397299","0.120264618592756","3.24801292773467","1.42635110904847","-1.16761259742551","-3.49691084699209","0.06970883745065","0.925740882566393","4.96645090720348","3.34713430104671","-1.89623112759631","-0.524683797739104","3.4329945146769","-1.27105089851377","-0.666333934873071","-4.52029662812411","-3.65788562011594","-7.17946985468238","-2.25111068829409","1.15211745483205","5.03991890998167","1.0506367227491","-3.00440522074916","5.79017706274843","-2.76777190760525","3.64043245683217","1.18906563681659","3.43275101061451","1.49891185160282","-5.74791733857578","-1.01255979083482","4.2829067989621","-0.150008579909304","6.56912485722718","3.18682408576827","-1.12316111086427","-6.8024860632648","-4.40750801519671","-9.14957484387788","-3.99176893383555","-0.388372371190424","-5.12636602529951","2.46099276597334","0.234707293679679","-3.04458298553384","0.612176286734705","3.66372284882154","-6.67341300316532","-9.17168432501025","-0.711544966508977","3.48688973243951","-5.70153103845396","-1.15330155686562","5.23476909619517","-4.95877111156018","-2.47514758495435","1.19202766519056","-8.52709824268342","1.52919519905472","-0.261101580551894","-2.38189523223355","3.47746291923508","-5.02968305358263","2.9115742347327","2.80510434040462","0.824327173958682","-0.660391702532119","-7.66776984582261","4.72451474118941","0.259881805458087","0.738435960938322","-2.65746477958059","-1.64175673752404","6.33878369908043","-1.89071829097783","-9.66401071510893","0.919899199579286"
"Random_Index23_13_0235","-3.18600356417305","2.11669047407887","5.59004368891034","3.13821017031279","4.75250398788651","2.1674204221939","5.20528795110036","-12.8959447653297","-2.71938805680104","-0.2555125573139","-3.64150429765551","-1.17840356354414","-0.577499001397896","6.83431240688953","-1.43742897142352","2.99134391959838","6.30839473705933","-4.63741164156291","0.28790243768351","0.841265849359043","-4.29905244805989","6.73102711733124","-2.03387136686446","0.0313561835593803","2.32431921790102","1.19760639785288","0.328998030843662","-3.73510398954867","-0.582639156242223","-1.02758629304475","-3.80062312027541","-3.11775360476591","-4.13849921748053","-2.98070100251213","3.05356730003046","1.61779548097945","-4.14290300408916","-3.14719293005164","6.93216398242378","0.139619056960174","3.34127607367415","1.3670135366839","-1.25472597516211","-3.58517378144648","0.0522924998269535","1.02238315990529","5.03084658054271","3.32811766987828","-1.79988055799963","-0.677373270837642","3.44248457224759","-1.33012845364211","-0.770994843028115","-4.5816095254639","-3.59009248815549","-7.12170721668513","-2.37203815675401","1.03069466181338","5.11495269204334","1.2246154084266","-3.14257754088446","5.91810783519167","-2.85379672656192","3.62938821722961","1.06975588010331","3.37364747992167","1.651292032998","-5.77746306498466","-1.22312536590214","4.34468058218271","-0.225263393696798","6.55157419195994","3.19293774988914","-0.956490509075337","-6.82035852707144","-4.43390451571109","-8.96337232437205","-4.065216013396","-0.320841898727145","-5.10819984469614","2.37293029929571","0.171090676199224","-2.99055145445846","0.847090934057644","3.62003408809667","-6.6524449670553","-9.13518927688992","-0.805862051810382","3.53379139610702","-5.52841486845263","-1.17310300736856","5.24149080133814","-4.8953547471224","-2.31923968192429","1.35504259035529","-8.41292153072678","1.59151055796745","-0.298563983453319","-2.37074793469898","3.35891736317289","-5.01006761413584","2.90160876506587","2.82905171204481","0.840218960101643","-0.565659041469931","-7.5326741553186","4.69332838485611","0.304684894518438","0.766287938004592","-2.76837210428589","-1.56097773015312","6.27068654020397","-1.88308974250381","-9.68898308697084","0.801878792229721"
"Random_Index23_13_0236","-3.15142435573092","2.09059316119487","5.58984330459175","3.1218605638823","4.90401630499668","2.02738401353843","5.19612182411323","-13.0014323392953","-2.8892214378392","-0.275452697368132","-3.71363369314808","-1.15539247654123","-0.563643928262215","7.0230489042907","-1.40894414892371","3.17175921979386","6.2705752888459","-4.76169659421377","0.337051404890212","0.914958885991105","-4.3129109560118","6.86599200407875","-2.03764205314209","0.175902340549036","2.40215488922523","1.19912529712239","0.44091338195784","-3.75529555277068","-0.554406964125811","-0.969684214944975","-3.90776535693698","-3.16066062574694","-4.12371935268751","-3.13112616485558","3.06693608689472","1.62317485946521","-4.31240976624975","-3.20696848937388","6.96022694607769","0.033751670344215","3.2888894277018","1.42578421536799","-1.31982195507288","-3.60273977351667","0.0782842938642998","0.989412276957535","5.11276986757632","3.3599844990655","-1.99713546502997","-0.610580955501885","3.70094444591219","-1.33209564642722","-0.707246339517552","-4.38515673756665","-3.52432298009979","-7.15916843987016","-2.09695222680956","1.0705380216851","5.21165642572813","1.22264179526209","-3.24480706732161","5.91277099883408","-2.87296294200523","3.7159685070586","1.09152619900467","3.26891920100036","1.63546955679387","-5.78062514027024","-1.04639660539754","4.40381954876877","-0.139322059388845","6.5402582960154","3.27116313002254","-1.14866469280769","-6.88519142257341","-4.43281908297652","-9.13083393640992","-4.08599931206582","-0.422164348346348","-5.13915608207034","2.41983909219499","0.155843438314744","-3.09673502475489","0.863558840311261","3.8078071319938","-6.74645222229052","-9.19949515848436","-0.733715233794787","3.57273042427438","-5.65621352878403","-1.12335708265408","5.42881452388786","-5.07410318547987","-2.20790894322267","1.4843474850458","-8.40397643975916","1.74353209575021","-0.421783587386119","-2.25483837867831","3.41662498839152","-5.11520865317134","2.86793106144782","2.95284703032422","0.717852410796954","-0.818395260201618","-7.61239083921319","4.73275821568651","0.206976586387843","0.916957596117289","-2.67043314818118","-1.64462303711167","6.36389926755369","-2.08295052195815","-9.71158385728411","0.790308654811558"
"Random_Index23_13_0237","-3.15496598537777","2.20739727870121","5.68703842572307","3.19341362388461","4.93327854616529","2.02554020251863","5.12754928450384","-12.9249774192045","-2.86937721270883","-0.305625792349438","-3.78990047666038","-1.2465337004811","-0.664873801554698","7.07773106701794","-1.50509470909465","3.16416234129038","6.5542290582017","-4.68484887789068","0.228903657689485","1.02289629764616","-4.46561327418288","6.99958661422805","-2.03202021687267","0.223170236363679","2.32058707848936","1.13312463547641","0.65935014670177","-3.86331198314011","-0.35939090143811","-1.01284392886453","-3.99845583835911","-3.17536344642359","-3.94034649248472","-2.97399790192173","3.31883025420541","1.64917617326811","-4.29782833371716","-3.1803648828374","7.11045984094975","-0.0164523052802696","3.31153419364362","1.40068554969847","-1.15853243343793","-3.59461455610055","0.220490173851562","1.1409140565306","5.14798700008569","3.4069349194528","-1.97723295119851","-0.552802467583573","3.60487893578229","-1.38421377789495","-0.75139677088967","-4.47283015154961","-3.43164056931329","-7.25184851174788","-1.94300240128213","1.21276456460522","5.20424178684757","1.19142110354481","-3.31130945043311","5.95802487581344","-2.97544532691594","3.64157493954249","1.05795839385081","3.51086678210246","1.67596697648253","-5.9231502220958","-1.1266931883513","4.47585417214702","0.0706649667209632","6.75278503091527","3.28384831928322","-1.25776543595462","-6.97096781447449","-4.80110543788636","-9.12962064015684","-4.04336716312003","-0.470841580155452","-5.24740416967377","2.46964521080628","0.268550916218954","-3.11748934943297","1.15241009921924","3.78892269518945","-6.91340360389939","-9.14801237640829","-0.825432096696857","3.55989922718242","-5.5431673025629","-1.12217313557673","5.5970370206189","-4.96055803552094","-2.05650249439207","1.66496025634518","-8.47998356912678","1.83987737922598","-0.544701318480616","-2.07133886068311","3.64974963253668","-5.18615505380392","3.1463706661112","2.90437697972003","0.645545880438372","-0.740387079059636","-7.69620969189628","4.79287094520245","0.201758730481496","0.706961722758976","-2.74897584465129","-1.60003171810748","6.36643261029078","-2.19632595800043","-9.76523569832493","0.873283758934745"
"Random_Index23_13_0238","-3.10705708343786","1.87079159212574","5.39471919510053","2.97182489025441","4.7535631298267","2.25009863503846","5.08299013244644","-12.9521706732354","-2.86510137424667","-0.130927243929556","-3.53100887445827","-1.03415439870726","-0.459484148466408","6.92207088339947","-1.10246994210733","3.03057033170565","6.46765470627027","-4.64068928705841","0.495687157178648","0.791920276398047","-4.44415391610374","6.8572853207193","-1.78329386417643","-0.0550875809475502","2.13167444404794","1.2817998711","0.399086816877346","-3.57915639103154","-0.604146413469497","-0.801566936866048","-3.79402061559495","-2.93741317059406","-4.01577374917242","-3.28487448691288","3.37595345678602","1.71845903347171","-4.50823935183221","-3.2250707174513","7.03406239424171","0.199638342436955","3.00307610465283","1.6165426214534","-1.12895829928817","-3.51380287652016","-0.142466997514258","0.954762779883987","4.98819731399922","3.08910963165379","-1.83514566348522","-0.857396161573889","3.39386363449296","-1.17231437220956","-0.488724842930949","-4.36402310987904","-3.55658686100341","-7.25446075772539","-2.22644583719728","1.31662733352165","4.92417757226019","0.978770791704153","-3.19593839366578","5.72030864467153","-2.90893952507839","3.52099491648769","1.40178673225294","3.62444966926519","1.72421944764485","-5.77414144939346","-0.907536018734745","4.31176787048614","-0.102022952281342","6.66969416106043","2.97651638327953","-1.0180701776931","-7.02392392174693","-4.42016727481257","-9.13168065889824","-4.05728214450648","-0.300720907803802","-5.36502652320122","2.28771182933808","0.404463812024405","-3.07581951717372","0.703146563357432","3.66837883190896","-6.74440670615838","-9.21219412262421","-0.559488136147456","3.32599781330599","-5.67901414881295","-1.39869771751186","5.28441486828764","-5.09243151256634","-2.45731816085036","1.35633468341623","-8.48476034100266","1.60181865493159","-0.25334668588018","-2.30101542966191","3.76799571281332","-4.88699056714208","3.26560894982075","2.66581500815762","1.03851664674867","-0.641160706127776","-7.65575883050579","4.59509476174511","0.509391735008188","0.630307306489442","-2.54738926601337","-1.79824694128717","6.2121309247153","-2.13112504481276","-9.6773993553021","1.07231229436698"
"Random_Index23_13_0239","-3.1650752091118","2.33763460096228","5.67687641931811","3.26071132083742","4.95900121374188","1.84172769968614","5.21925278365961","-12.7786971239157","-2.92415958282251","-0.419048236179155","-3.92454836465061","-1.23429930245308","-0.770589345633678","7.12490497724652","-1.57009665327599","3.1475868765785","6.20864323881386","-4.83371048623416","0.131566281601201","1.05637738187203","-4.16582158208073","6.89801756382082","-2.26316191619936","0.227494849524497","2.31136589484296","1.12259289743347","0.637159214869028","-4.00387476995636","-0.408340093655151","-1.16209330168878","-4.08104004273759","-3.22412145623438","-4.06189018733009","-2.77810525263545","3.04835045953677","1.59878127893517","-4.19985771182216","-3.06195133532172","7.04687758844396","-0.0701576056566521","3.32199514578825","1.24468004994231","-1.36288445036986","-3.80403370180698","0.1778075246322","0.925044381685991","5.29251758816688","3.25154051616798","-1.94709669131245","-0.551521895870104","3.7543754810969","-1.45811351593987","-0.84722721086722","-4.4957727868554","-3.52538140039356","-7.31537379709361","-2.10250954007164","1.02111681134954","5.29596555243871","1.37726257188785","-3.3465867203376","6.04047399134965","-2.98540144075519","3.84093841393721","0.998324914516968","3.25330199650653","1.72149715158389","-5.89287540161305","-1.27046886635005","4.55301259217208","0.057714612629027","6.60747713115531","3.26474614569817","-1.15419355947526","-6.9011929726564","-4.53733919531483","-8.91629980473803","-3.91457263130787","-0.57654055406218","-5.07605066030359","2.37372665064901","-0.0308149251095858","-3.24728741395811","0.943008693725881","3.87290230115561","-6.81434728813893","-9.11024608912054","-0.827206096521382","3.56125345489012","-5.54673677765532","-1.12771150784167","5.42389749381926","-4.86277340237596","-2.27503390918021","1.47988450411494","-8.40945232353696","1.92338443076994","-0.526571038079802","-2.09896987233946","3.39706868408561","-5.35952907784955","2.8544959253117","2.97180572125674","0.581316291353069","-0.785631147938276","-7.56492951610694","4.78204349948127","0.0363107790017816","1.11956988214885","-2.73652435788269","-1.47560433688173","6.27924951274263","-2.04767022465521","-9.84111410719425","0.670968527738935"
"Random_Index23_13_0240","-2.95334781436703","1.93169652987736","5.44055958849689","2.98181735855792","4.73241365686027","2.22283483294355","5.04747184289545","-13.0898135441789","-2.74747855493225","-0.0738888934128008","-3.5963819662093","-1.01559777386276","-0.420426063336292","6.78816050132646","-1.21417159258077","3.13195372708952","6.23655167532202","-4.53521852305551","0.410196599727621","0.833674606595772","-4.40826825615668","6.74188385148464","-1.90040818869522","-0.0211697469865512","2.2333895333629","1.39156909628145","0.414749626290942","-3.66767674081721","-0.630218302533611","-0.752236216986059","-3.81168746630265","-2.97998380062848","-3.9136979113825","-3.24685184437359","2.99832167143567","1.92247311490128","-4.41717791842246","-3.34651648032849","6.92123777041219","0.316123420737884","3.20189450088983","1.62165689978086","-1.14664517961718","-3.3621475900304","-0.0545153475619541","1.00554395423517","4.92478305935032","3.20182630473903","-1.78377499321957","-0.741339289104777","3.34350106003292","-1.17358580498571","-0.520181681233977","-4.44460502312351","-3.55627987529426","-7.14415738979932","-2.15372829956384","1.02597272056669","4.95342775081718","1.09831908584423","-3.02538206583855","5.71373601504658","-2.80645493450533","3.45571332561366","1.28578241058407","3.23492068638704","1.79370609796174","-5.76146466041835","-1.08178544384125","4.28185996422901","-0.114031845953825","6.47977012549945","3.07146723655995","-1.28813943102153","-6.79261294118805","-4.51949523167977","-9.13962814300273","-4.10750875187922","-0.229295658319056","-5.52079827699633","2.20704630817779","0.4228880094637","-3.03166001696712","0.773548462682312","3.54695255451043","-6.56416219237824","-8.95855142302772","-0.521506025368548","3.28969258535678","-5.4969872866416","-1.28802198584521","5.3152781933583","-5.29161339602739","-2.29671783279451","1.3417183408517","-8.42576917676762","1.55824981987947","-0.192451071702347","-2.20821787252462","3.35422562236162","-4.99393085702294","2.76547140471566","2.65775096581094","0.949489873896221","-0.599716883553416","-7.49478477754052","4.52084773488426","0.410190106260436","0.672491102416989","-2.55493124382658","-1.97841579793864","6.14080255740712","-1.99905714206654","-9.62130400419522","0.977293665920845"
"Random_Index23_13_0241","-3.30697910191457","2.40246479365938","5.77380646911253","3.35723252589359","4.98433268264781","2.06487953099281","5.17502959574886","-13.0257660355423","-2.87982161712182","-0.352707854516149","-3.96666289988462","-1.36275863722689","-0.7462144634896","6.99827413077017","-1.54527401490434","2.88104010302082","6.49283158873101","-4.66925617913296","0.158485442090837","0.886631351667868","-4.38975120675492","7.02870185637679","-2.21476739084345","0.0329254384316206","2.53663290995762","0.984103677152506","0.238084496577977","-3.88077759246175","-0.613956489842956","-1.11098733173868","-3.86540126753977","-3.26330482476494","-4.35124491335919","-3.01427939970936","3.26501911782801","1.57751856821046","-4.17337510841909","-3.03569784771593","7.19141894084322","-0.0505693511199472","3.36598962374736","1.32979904997944","-1.36951235201038","-3.6551467108564","0.299745643032589","1.19220126801502","5.22108166047882","3.57442620264811","-1.98578642107583","-0.347628822990272","3.51531285535382","-1.51848975683035","-0.904580922438209","-4.6137624371524","-3.81068206784343","-7.23712071735472","-2.13836962261984","1.27731185464168","5.36800687141741","1.23446557361459","-3.10468085293894","6.11860481741762","-2.73680943272638","3.85003757371585","0.912379292957994","3.52507438325184","1.47409096654476","-6.04539321942064","-1.10793023470564","4.48160397478156","-0.305660652530627","6.78957023073976","3.47319626234371","-1.03534472955816","-6.7142418461547","-4.61019554887285","-8.99954361670544","-4.05796954520132","-0.418307350684502","-5.16147602819753","2.66806074839477","0.122296393798345","-2.94496298448293","0.947787227743827","3.82232747344502","-6.71015034961546","-9.38359773900752","-0.908841148457231","3.84771127908353","-5.4997855819216","-0.9247339894119","5.4752155891749","-4.87726984829631","-2.24570712571691","1.40961141801791","-8.57058926347594","1.58085938311101","-0.399736453891396","-2.4429618268521","3.52914198020179","-4.99797194656602","3.00927909663265","3.08878037787777","0.772882489419269","-0.819711617572579","-7.69594052012167","5.00310664364114","0.24826446864386","0.791209193685403","-3.12135123260082","-1.46071920036721","6.47362072112948","-2.05546227723841","-9.60781575862951","0.875676819517474"
"Random_Index23_13_0242","-3.19368012397985","2.18958822468199","5.75587381272008","3.24531126929996","4.94010610340817","2.01263109116628","5.05962169522552","-12.9446110870211","-2.87962817080717","-0.38655824525518","-3.85836401063221","-1.28535498738307","-0.738428077027338","6.96497773289649","-1.46479598581252","3.08170363164153","6.36170214432486","-4.74417375267324","0.142018342576254","0.930653642569641","-4.32370327415116","6.90438824843978","-2.11573028469217","0.2624599075488","2.51393720677845","1.0404607140752","0.467594911311311","-3.87865416354979","-0.527052214414607","-1.08850927055222","-3.98887456769828","-3.28974526809173","-4.14127072520054","-3.00495184991006","3.133917849568","1.54995206039784","-4.23840367861543","-3.12796880810165","7.01747375631335","-0.00200202064678362","3.37941360684209","1.35714840304541","-1.37423596363037","-3.59269321632063","0.17868942257682","1.06073323584442","5.22323703595121","3.46575577004716","-1.90579809255653","-0.449152364098195","3.58156517610222","-1.43863897379104","-0.860359199141871","-4.50403636981977","-3.68193052682998","-7.16588138628739","-2.05252686579684","1.11721264522176","5.25070983001738","1.20711034050724","-3.30827421026705","5.96984364591407","-3.01692181182742","3.81068178111938","0.945447376997499","3.35700114346697","1.53292571435902","-5.77182552719776","-1.12284174424131","4.54008253836912","-0.20585623061543","6.66389029569437","3.29078584102011","-1.22329523796088","-6.75834247160609","-4.54391253740188","-9.07303768740266","-3.95045799912523","-0.583595258345697","-5.09153905034303","2.59255418638418","0.166658505654225","-3.13245383044492","0.929771405712036","3.7863404178615","-6.76876069290745","-9.20339580764816","-0.974901808608984","3.62741095310886","-5.52409748847587","-1.03569379979578","5.47378437618884","-4.91686000235558","-2.17419832872812","1.44610389035772","-8.40636390688798","1.77448218313142","-0.510275134686997","-2.23092821751225","3.46668978526047","-5.18372033047253","2.97509217676214","2.9418426894272","0.656264088286757","-0.755694966862119","-7.50160767729819","4.75528634603","0.213180420376901","0.890674359713546","-2.76092871854946","-1.55197509812576","6.42021902530638","-2.02249855904441","-9.79307166960504","0.853878782473978"
"Random_Index23_13_0243","-3.09679469429148","2.18360453074139","5.55781169042517","3.09945408163806","4.83790268230178","2.05774312624713","5.17497590087353","-12.9930328141327","-2.74641941489147","-0.28687361325689","-3.74627996335285","-1.18665630560402","-0.537979493381144","6.80960799321085","-1.41621874629978","3.03361396495802","6.39147715678485","-4.66315261604879","0.220743523914932","0.825539354142606","-4.42277082061961","6.79979058887271","-2.09432778910161","0.027500321186246","2.381760516999","1.11575151685656","0.434695439582631","-3.83010836592723","-0.601631135828467","-0.984824571300512","-3.82162243635269","-3.07084314261893","-4.08495292181091","-3.00691939044072","3.08049671355076","1.5656858131582","-4.20955842559824","-3.01045803027998","6.97767585608826","0.0645920361565024","3.3091017990659","1.38538345477061","-1.1753704388671","-3.49089810201078","0.0882421724240367","1.08261561377111","5.08580896781655","3.4024357213936","-1.88320914403157","-0.57097465793264","3.41031881478665","-1.39527228770005","-0.73590052034031","-4.5116392673403","-3.58718209636563","-7.08406442315069","-2.13863888173551","1.09407742569356","5.07149140977798","1.18188160944529","-3.16770478038468","5.85488139850728","-2.86493745477994","3.61389617414772","0.997593593218049","3.46722323985976","1.69961490900878","-5.74572941073916","-1.16234834204587","4.35194737596266","-0.156896046907262","6.5933961223727","3.42998349420973","-0.938165504964718","-6.81848866488492","-4.47583663099777","-8.96499754241523","-3.8865242444264","-0.285927984127968","-5.19762041102561","2.37251683079578","0.151764311416115","-3.04585103230043","0.8767906645755","3.60198995688354","-6.60652594673775","-9.25783845702548","-0.839306729480284","3.48109021077629","-5.60410881098055","-1.13699072641197","5.33380135109594","-4.98591866421283","-2.28832230050685","1.40291922396002","-8.309588432462","1.72816119395358","-0.34814150192827","-2.30050234748782","3.38834074397933","-5.07860470231639","2.87918680865359","2.83989179306923","0.764707948860386","-0.59474570324277","-7.57533258093119","4.75863459833705","0.194102373428334","0.885619689039194","-2.68247666899308","-1.69798527812753","6.31884699430401","-1.87261954346924","-9.6401749275111","0.725977389610124"
"Random_Index23_13_0244","-3.09691277935471","2.13386039579703","5.51019812480951","3.22017189878542","4.7865868694705","2.00104903565532","5.22895929832865","-12.8018705097066","-2.84282571084314","-0.306755398930464","-3.73254517843978","-1.17978427890756","-0.618012720075824","6.96959942059583","-1.51871383262869","3.16447845866541","6.29209184056708","-4.68461034759894","0.263922156269486","0.898318179922509","-4.33423012655106","6.92434969548992","-2.17164493623448","0.101060603392662","2.35787734927982","1.15573863120295","0.384089957430629","-3.77406440409536","-0.672416980254395","-0.947314990703488","-3.92275482551077","-3.10031066989862","-4.04856560879523","-3.12200996729493","3.03771674942351","1.74966986483665","-4.29483950090499","-3.26309472785129","7.02786678293709","0.0474301159010353","3.33678352932178","1.36108757834548","-1.17418195217763","-3.61850478139349","0.0322577750971021","0.926617806914053","5.11353119135056","3.33554811176913","-1.90041747287133","-0.566838118611043","3.56171855511132","-1.25693260219835","-0.710107195164044","-4.4345555304862","-3.56612059356467","-7.19974480488447","-2.14139474015275","1.04058420591305","5.13108811681694","1.24649200569176","-3.32354288566464","5.82210758866709","-2.94639489789558","3.64343889386122","1.14396249844296","3.31416813650635","1.6999208102852","-5.81372885160259","-1.07187422551671","4.42352713238301","-0.193833852772297","6.67460669549465","3.04294341141103","-1.02596184483323","-6.9577191179961","-4.41073475009529","-9.11094558142776","-4.0325582362745","-0.529277178123994","-5.13603073834732","2.46394341530648","0.0889603640350941","-3.23453078263111","0.767267610553243","3.72635940518386","-6.87881626640117","-9.16539725075065","-0.711500533109485","3.43827174377654","-5.59291248440406","-1.10086332024988","5.40237091876411","-5.06099360569505","-2.39519941812785","1.49033053589789","-8.45332223786296","1.71961104245552","-0.439461055872293","-2.22476010382378","3.40790360425133","-5.14480560773025","2.89732757235262","2.80250771777364","0.678010252041813","-0.645822311416865","-7.47342400402939","4.73947886317422","0.167956267223491","0.851631531154025","-2.74171874249988","-1.68064000450133","6.2994711041263","-2.06157533580437","-9.66626949867769","0.761170565422427"
"Random_Index23_13_0245","-3.17415435083918","2.16627594649361","5.75877600843365","3.21659332659267","4.93758734413305","1.93376582115008","5.08296606889246","-12.9607630301666","-2.85240987158431","-0.395334288305204","-3.89850369238492","-1.23596621951534","-0.659200969471377","6.84697211715642","-1.47064691800785","3.08176693174802","6.18813381946827","-4.85236751398226","0.218500413514502","0.902934147492018","-4.22342783896297","6.80436906055447","-2.21952091344422","0.169495115570494","2.50600693318431","1.08177673910737","0.388258662951234","-4.00100848614566","-0.41588309875118","-1.21388038550038","-4.03894348199874","-3.2574948961763","-4.20550710319391","-2.98285668098469","3.11032050198663","1.6854959759093","-4.15731607117423","-3.14514359372622","6.89752154819722","-0.130862688825548","3.38046061343936","1.20805569359376","-1.50568861339971","-3.78687762629521","0.149422446429849","1.00088130924639","5.21467300380342","3.2815044734126","-1.86693951858768","-0.496177592788616","3.65376070675545","-1.44098431327815","-0.890938005253772","-4.41854389525159","-3.5588107037815","-7.13588386602635","-2.02846826025498","1.15755757382586","5.13981402852994","1.1862607080034","-3.23963768057807","5.94049159154653","-2.95943865241622","3.74364276251187","0.953784494830141","3.32703562126599","1.45849696951263","-5.80751704737354","-1.11330308570046","4.49150654906674","-0.134944179183162","6.50932858660465","3.31267857011816","-1.19553651010907","-6.78141903577577","-4.53537057705151","-8.88964886390429","-3.9268722103368","-0.58490780999659","-5.07091878508992","2.41141322394751","0.110479961778345","-3.14218947580117","0.853608029722338","3.69836421210989","-6.70971267486583","-9.2374510511972","-1.00424955530284","3.58819548816219","-5.59926704293968","-1.09679871459836","5.42163653742204","-4.83081897994039","-2.17874381823085","1.48716792561879","-8.37234566402953","1.73518325565533","-0.501594700274374","-2.21812900262799","3.47287934680463","-5.18331400174145","2.93959908309942","2.90083968166289","0.623049484184692","-0.784017793664661","-7.47648478879056","4.66773007429844","0.158944916672969","0.82315045655445","-2.86959455708829","-1.50859302633768","6.27451376327214","-1.92984383051606","-9.65870939346027","0.739432031063262"
"Random_Index23_13_0246","-3.03377621271147","2.08965180784866","5.59729921526291","3.01491811661791","4.89691010387789","2.07500950751232","5.0614473644922","-12.8477256231565","-2.7338464649365","-0.277836178025283","-3.69453693528993","-1.17832063153039","-0.458925686368555","6.83325019035194","-1.31565309126159","3.0924015051945","6.20107282788439","-4.91625060124578","0.290052022549654","0.915842738970306","-4.25400488980373","6.76471186578941","-2.05093867269362","0.0160875888116721","2.32533448697501","1.16656807776913","0.285023692217493","-3.76574942715521","-0.460485756978219","-0.955138978472182","-3.88760105791759","-3.13455589904597","-4.08848311034075","-3.05553129724492","2.98758240129994","1.79720900024043","-4.21188089247566","-3.22669099139553","6.8773021845276","0.0893764267640352","3.26734915757463","1.4941767708082","-1.28540129072553","-3.52101900356372","0.142646746904834","0.894017195457841","5.06965184891983","3.18452804871555","-1.79439224805491","-0.659575396408479","3.55284156913986","-1.20448576629293","-0.69845727467861","-4.43628215801516","-3.48723577305276","-7.00426837398275","-1.96623090494209","1.03020140909042","5.03006632338515","1.10321805423353","-3.17150611361159","5.81827172415229","-2.91943886524682","3.58722041432182","1.09130973129184","3.28187753412557","1.61445847647876","-5.81155668213917","-1.02409190601711","4.39099165269759","-0.0855557840023392","6.52532540621455","3.17502868339381","-1.18775117548816","-6.7694519391841","-4.43160507677459","-9.10010778077872","-3.92251420289543","-0.441718840759859","-5.19531768228302","2.30614472462413","0.209341619466739","-3.13032170909507","0.763731511837167","3.58683559112666","-6.66296498817612","-9.07735347231282","-0.667066659408969","3.44329434106246","-5.64802148151547","-1.27368704017221","5.36981841549642","-4.98082120259469","-2.14048400579402","1.40130444682135","-8.54651404957745","1.76567260614938","-0.320389883889669","-2.26947450835601","3.38956200993651","-5.14848707416014","2.85292935192873","2.72226036853508","0.761812091859716","-0.720711224249878","-7.42936827528698","4.62939161502668","0.274463518406803","0.791636921373829","-2.71294524607283","-1.67871964747561","6.15327058104865","-1.87382731643478","-9.74825211392721","0.729011448360757"
"Random_Index23_13_0247","-3.13544395200732","2.30494356720737","5.61071394159028","3.26594199470938","4.92327539046753","2.01924006831429","5.10978042724408","-12.9290423124512","-2.98994099609288","-0.389890799628313","-3.7869592824774","-1.22364388850851","-0.794157526879608","7.09370945926975","-1.46898343376196","3.09474483646612","6.54265599617511","-4.79064903913734","0.207519383721022","0.913166073452086","-4.24318761389263","6.94107263410224","-2.03723501274384","0.0929747768210526","2.306927004282","1.15721908583711","0.483511968116236","-3.86979479627807","-0.368768629437548","-1.08797438211831","-4.06366981706669","-3.05760627796514","-4.04563230604919","-2.89556788270972","3.17463836829121","1.65254746621885","-4.29558447611931","-3.13639107409833","7.20847697651744","0.020108322263596","3.32888213380579","1.32311458290928","-1.34805056152587","-3.60676050128963","0.134522563557247","1.14106816858193","5.16612413345788","3.36223297451972","-1.98131688953835","-0.618848711328773","3.58648371081706","-1.35692563670756","-0.708975103388833","-4.50862424332724","-3.64990152678061","-7.27151375587006","-2.0485884314582","1.17038484142256","5.14329593689625","1.31227084357398","-3.3860613081626","5.94796021112895","-3.05299842535166","3.82473952903424","1.08313285825117","3.51685175664684","1.44545477443267","-5.81892302794987","-1.14188952025784","4.53329472612354","-0.191359918968625","6.82453762391695","3.27064101761484","-1.17794682698351","-6.89395522163004","-4.39984092129769","-8.99351780316945","-4.10613696310195","-0.532857289272938","-5.1928702855034","2.46696475152171","0.163297632679148","-3.2334141556611","0.823396411347982","3.78926565573778","-6.77896485641535","-9.18463256678166","-0.908181412534542","3.52968546891083","-5.61460994872719","-1.23994442222862","5.38841886977624","-4.92978416062587","-2.31996339285727","1.48209392967618","-8.64621845173466","1.7701883188205","-0.477160389650084","-2.20490748865041","3.52494999708849","-5.21113585508305","3.05278976211223","2.93426978593055","0.735819767065551","-0.711577680187773","-7.57793480255794","4.73350654100458","0.229612041157194","0.859483160486847","-2.78031461729528","-1.61260843041781","6.36742798075956","-2.06552987998821","-9.83470141273214","0.760844546223315"
"Random_Index23_13_0248","-3.07425789199274","2.18081775926771","5.67485009569047","3.25060809065965","4.97563246890532","2.08374593034981","5.08301143825992","-13.0344801180306","-2.93778676012143","-0.18946595083456","-3.72716584892733","-1.1241902027839","-0.560934427101601","7.01433939692964","-1.34402120166059","3.12473244852971","6.28479475744915","-4.74608548322451","0.332440343860196","0.915059317516504","-4.32809496461324","6.93303336844623","-2.06883707754742","0.114528753709446","2.35090492912199","1.17055330386493","0.455813701191052","-3.77120539276809","-0.498725408872991","-1.02610995576267","-3.99085577208798","-3.17732446459241","-4.16773245472123","-3.05918001482965","3.0007073646038","1.75804719175999","-4.38608331565943","-3.20380861315826","7.02665557370933","0.134622999080513","3.39785613047895","1.4054886591301","-1.20037419975366","-3.5630370914301","0.15391327674611","0.936623983789737","5.17211479336823","3.38530079315524","-1.94084999230095","-0.672952227235452","3.61555016658439","-1.24243523641623","-0.710283728469901","-4.47862691882587","-3.62494273820333","-7.26173465543599","-2.18466253514735","1.04151723462066","5.18141729064602","1.1819077207712","-3.32447321276189","5.87769213154824","-2.96005934757801","3.80213330457071","1.12489160288378","3.26647927371881","1.58435274537078","-5.70755577597082","-1.14538080906559","4.48258103386725","-0.12235960810507","6.60548231835988","3.20235772865492","-1.1280481301648","-6.91693453829869","-4.33529764148046","-9.06640934196071","-4.14179309368419","-0.422044372289207","-5.17658908336037","2.41948957117513","0.0602310889478372","-3.15794469432399","0.857616471011612","3.74724214827654","-6.81695470779752","-9.16385992589878","-0.783803041772089","3.56477059436759","-5.66709418488197","-1.18055485358735","5.41142360714293","-5.06086861671557","-2.22419146998239","1.4603368111547","-8.40040639471703","1.73847910225873","-0.405023236106368","-2.29062757588671","3.39301496449645","-5.10551716902917","2.86531793887027","2.90532360054237","0.922781637120698","-0.671121074457211","-7.61712722188874","4.73105143072018","0.308838832052396","0.862849212345216","-2.73039738618628","-1.62387817823997","6.32034287939066","-1.92975966839634","-9.70758422506636","0.809805518311628"
"Random_Index23_13_0249","-3.1292974291738","2.09351472161304","5.6279715323057","3.25085167235692","4.87145094020503","2.06958199335943","5.28560278260743","-13.0328914436916","-2.86405433541092","-0.38679954574866","-3.79754590352502","-1.34396386098295","-0.744361930280291","6.8687348553225","-1.50475126983465","3.13018926929191","6.41990707884813","-4.57298245935827","0.115641331589608","0.923833467745485","-4.33213506216455","6.90448253221202","-2.23299978079901","0.0800454235670958","2.33834723024329","1.12467493568816","0.431886101707681","-3.83075806445111","-0.469567610916516","-1.12431111689121","-3.89868339997354","-3.27609353212782","-4.1856926781697","-3.12665908259898","3.13647452068422","1.66226104912883","-4.21854505197383","-3.09946701008306","7.05810110702734","0.0847126650969528","3.3399619380401","1.2861427731282","-1.23856566036813","-3.52195178546888","0.111052061918264","1.12378273571826","5.06763719908276","3.38781760132565","-1.90377473572","-0.526927822266526","3.47515831571878","-1.46473211640846","-0.892543301831661","-4.36453534846785","-3.71848716460312","-7.27539552191658","-1.95448549505839","1.06792429294333","5.13484335168574","1.18096590918667","-3.14231218031222","5.98166369501575","-2.80426317968724","3.68512044649507","1.04581967565761","3.38139220769827","1.4994622374243","-6.37278372810816","-1.07594306589732","4.46909568968032","-0.14363338898847","6.62773849281016","3.23823244661635","-0.899256601642125","-6.76989852824629","-4.60696464513759","-8.77664028931781","-4.01920649163327","-0.432728550104479","-5.16014069574292","2.46991220272308","0.130464341705357","-3.06279590135681","0.949428169022655","3.77349099029724","-6.73789294396314","-9.20625463514132","-0.808964645023758","3.52798888493452","-5.37470953588169","-1.04915526257722","5.36958536967126","-5.10912459265339","-2.17233290892347","1.37693299715622","-8.48990488634925","1.60262743356988","-0.432117836524321","-2.33526454573971","3.49356562383855","-5.08018751795232","3.01434507662113","2.97964888356301","0.846569289680814","-0.644598930029153","-7.64041828747728","4.75506432134671","0.177230669874314","0.782502885169981","-2.76710627548744","-1.67717990770328","6.37213260385092","-1.99571157728403","-9.58042966278341","0.9485016259485"
"Random_Index23_13_0250","-3.12324968740267","2.21652086219465","5.64851690213447","3.21724784296132","4.89305940935849","1.98987515471679","5.13287642380753","-12.9709491690294","-2.9216707509887","-0.423349059498891","-3.80143827952765","-1.19371448736142","-0.669987573124192","6.96605027801667","-1.43302065307821","3.08937928303014","6.30348291966197","-4.75582880504304","0.203432086159611","0.954889245853354","-4.30737982415543","6.92651022759053","-2.06431639223852","0.0869526907893695","2.34009471019251","1.09997553862615","0.37857348030858","-3.83018292887323","-0.511300178068086","-1.02203526814422","-3.9365027632014","-3.14398813651018","-4.06204353013536","-2.94910759840182","3.07996221728175","1.68002509523508","-4.36196043069445","-3.16454781708524","7.02447842413119","0.0276205245420651","3.45300746190291","1.38024414524661","-1.33376959665229","-3.65035859815731","0.14489272752113","0.987499071010817","5.11990838032178","3.35316835353366","-1.95731612168071","-0.559032172750126","3.57738995977198","-1.35469546492698","-0.721728441008576","-4.47374584271905","-3.49734136909603","-7.25352204181136","-2.0572631661554","1.06734905278581","5.14960558562802","1.21160617679164","-3.3284796609088","5.94565331015819","-2.98621396824315","3.73893501767728","1.10800399243519","3.34821245874017","1.59287923369393","-5.85523380523422","-1.07422859864696","4.48379608229828","-0.0793288596186517","6.63959546485529","3.24315925017593","-1.18896249128838","-6.8587090994746","-4.47341894346748","-9.02415489987458","-3.97568234054229","-0.552692007173148","-5.17557931875133","2.4256878810418","0.213441014405628","-3.15474277932437","0.840929248104406","3.78111548102637","-6.77973942857853","-9.23574489111979","-0.81040018557476","3.54680200689211","-5.60698547326902","-1.12809370251535","5.39663648679928","-4.99893145155553","-2.17396056919965","1.47889777415785","-8.56562725701967","1.76184525461185","-0.467851249279226","-2.29895925924918","3.44343817013803","-5.18048993975192","2.8885325574483","2.91458427022087","0.700028581092407","-0.769971998222842","-7.54708712269181","4.76231043631806","0.247793008748039","0.858197033326052","-2.74108019149607","-1.66697946082031","6.29366730410546","-2.12759327436031","-9.75108984599572","0.752502633740811"
"Random_Index23_13_0251","-3.18349717787789","2.16795517695269","5.58466012991427","3.21782626098723","4.9237892640893","1.97327244768705","5.21849447715996","-12.9123250464339","-2.91544691201612","-0.418571326291168","-3.84636669007424","-1.32688936620068","-0.580372970896346","6.87564544757282","-1.52879541301904","3.12343113507915","6.36303751589611","-4.7698130925234","0.130087591579795","0.856682747944456","-4.52374433406491","6.9229759429363","-2.17033623956827","0.0674644945753061","2.37712967011183","1.07762764399741","0.229362873827292","-4.02699493552467","-0.537908199037144","-1.14099565494891","-4.03319370319756","-3.19441997804512","-4.23124012757665","-3.11388752156009","3.10221872549629","1.64511840471747","-4.24443213334139","-3.18819859234109","7.03183944949521","-0.0302294887833502","3.37560744812934","1.26938206278088","-1.31785669285027","-3.78081468882663","0.248640934538652","1.09733404539106","5.14442820530465","3.37897632483457","-2.01595344527184","-0.529990706052549","3.52379141081888","-1.41146487863384","-0.878010124272407","-4.47276242761277","-3.58969856075975","-7.34129431116127","-2.06397348428391","1.14140436533046","5.18199670467669","1.14487846212061","-3.25196126548863","5.87852660471491","-2.90110238551106","3.73779207027629","0.930365648710235","3.3996876807264","1.49657968173167","-5.92297629115595","-1.13206944407207","4.42138920200489","-0.153936470410785","6.68330692829318","3.25728215852716","-0.945070735915891","-6.94025785584956","-4.64529367854958","-8.93448836946738","-3.94080479329304","-0.557211218077652","-5.24732238198605","2.49717353517375","0.0413558318640076","-3.05621017484518","0.982187023783406","3.72207831705203","-6.81879964943886","-9.36715895659801","-0.868458927555264","3.59672228510833","-5.7436794784009","-1.02077834486577","5.36924387793392","-4.99924267723462","-2.14328663068595","1.42699714833354","-8.43612290211413","1.68926250825354","-0.530910527842986","-2.28480180401664","3.45748190021336","-5.04433829167995","2.90715487917185","2.90621201683382","0.69396942517536","-0.900389614243776","-7.64541138214997","4.84014746119362","0.13243038008006","0.745648825929194","-2.88012589685378","-1.63067019152982","6.37468540215945","-2.07925476384671","-9.62515129295051","0.695506970295737"
"Random_Index23_13_0252","-3.0910206741571","2.15032745943128","5.69474183627151","3.17410727513245","4.95643877377322","2.04066188133496","5.2013726495649","-13.0409103785736","-2.95507582048866","-0.296451773388954","-3.75466104440582","-1.23823962304052","-0.636892846336657","7.03407465253263","-1.36423136334929","3.23001185826513","6.4037411964424","-4.77403114266977","0.211810992709838","0.966933492346135","-4.28006982253564","6.94182947134138","-2.01100748583827","0.120462579328211","2.3355106552229","1.1861110061971","0.554525610573428","-3.79870611811902","-0.469666070729964","-1.03614219726382","-3.96888567391276","-3.18925304546898","-4.03401393511287","-3.09868844654556","3.2046338651882","1.75055764888649","-4.38655724295618","-3.24708720792292","7.07870080046023","0.0642350172481786","3.33896206880387","1.43478440393991","-1.27044366262957","-3.66485525617798","0.108842397998811","1.03189489620979","5.1830060362259","3.34784280520266","-1.96038594904016","-0.673802374274713","3.54628842175466","-1.39186618113916","-0.708288085273413","-4.46726442084037","-3.58505696426328","-7.32080677760861","-2.11517934363479","1.17175631895933","5.16124384482486","1.21610797311007","-3.30658494301498","5.89616631276833","-2.96554317297028","3.67524144405914","1.13255032376943","3.46717633129124","1.65107930164292","-5.83703462709499","-1.12812914622691","4.48403958802958","0.0635102310982142","6.68415050518125","3.12987491590956","-1.34588680724053","-7.01633081052411","-4.58962077238479","-9.09944270817764","-4.17160800722739","-0.429283704340562","-5.27081654382516","2.42093526721822","0.287916633240416","-3.12036508902282","0.895364186511611","3.80658094225593","-6.94709694557867","-9.16118767414853","-0.745315900203457","3.513929534998","-5.51873207361857","-1.17665592908071","5.53159469997014","-5.09987043482319","-2.15620310963603","1.52500982090266","-8.49757084351345","1.72662017558225","-0.48118999317455","-2.17873941174828","3.61451685681047","-5.11902356181715","3.0229131330003","2.87222142295168","0.723858244174761","-0.694156445127961","-7.6264148364848","4.67201994431534","0.295965240051795","0.79137049176659","-2.70890279429939","-1.72432697581717","6.32337667839479","-2.16232374686896","-9.7929594594793","0.969509342389675"
"Random_Index23_13_0253","-3.24942933292996","2.27922324533319","5.62549212274692","3.13682150244587","4.90469332922158","2.13438977048525","5.37178792314759","-12.9106327126363","-2.99250033376671","-0.43217164990169","-3.82786940212626","-1.27205079467544","-0.753642960999416","6.88787614780944","-1.52802680234466","3.11760905332745","6.28293829093958","-4.7820669629738","0.0615535902988404","0.960608994073356","-4.15594272735427","6.84582647651707","-2.13248808583151","0.1529298885186","2.32283351338248","1.29420088933821","0.47389306378863","-3.92281181609784","-0.412898794049339","-1.11919302086267","-3.9507902244899","-3.19422648488925","-4.09542294118655","-2.97653819433079","3.04598472302468","1.64170710861728","-4.19307057563244","-3.12470991061744","7.00303845292136","-0.0297286568215","3.33708051047167","1.32994929395694","-1.21214306637183","-3.66941112263573","0.0997323154916588","1.01244518373093","5.15086575967921","3.3097409349351","-1.98624915476326","-0.627088086753379","3.57531689944904","-1.46498821046006","-0.807067226292194","-4.53926524945561","-3.5492769157249","-7.13610012745679","-2.07136220049917","1.08041940398795","5.14705312345292","1.31161830111856","-3.22041706667847","5.92554098163016","-2.92446461489966","3.68565512017152","1.06975761936272","3.38736405296569","1.55698288179636","-5.85514215354476","-1.08809642889636","4.41828497090327","-0.0685939241395165","6.56313607038916","3.24427895046879","-1.11963261585243","-6.88110095940516","-4.4819205004315","-8.96086827850853","-4.0528759210245","-0.468294370112732","-5.18141858351625","2.38680931210686","0.144205318948221","-3.02875294253818","0.873320319761405","3.69312873409406","-6.89643737810104","-9.23672189869304","-0.839517091111763","3.4933110619613","-5.58191981835126","-1.17327186083719","5.40049779564582","-4.87203911228135","-2.19777206436597","1.4534050076066","-8.47153174983712","1.61701794595951","-0.480473967784922","-2.27751533966031","3.42588745179158","-5.16104975712771","2.89740317208046","2.78864978778589","0.696402576703355","-0.650624133002026","-7.67312454401099","4.69513582212493","0.25696390891425","0.778997706277228","-2.85579396117065","-1.60742635042964","6.32896748430225","-2.03838927887962","-9.82549533579527","0.766881777132739"
"Random_Index23_13_0254","-3.01749919206164","2.16473965128365","5.67216808600108","3.29743309205552","4.95106303333424","1.88608496813354","5.06212651704359","-12.9400854117687","-3.12623123151568","-0.447407380006786","-3.85462056242098","-1.33092856466963","-0.818278948053787","6.98567500443228","-1.53469537941704","3.17197611250214","6.27937307037405","-4.72775877531939","0.0725166762061121","1.05313525557682","-4.22504655559191","6.99637356169644","-2.09985154413373","0.1809190200976","2.44725480104437","1.07113301226956","0.524853433505369","-3.80353769440805","-0.394540527024249","-1.10932611234991","-4.06589701977251","-3.30081370387134","-4.22625395877276","-3.01116192462181","3.02536358159297","1.7397721230196","-4.30736502015945","-3.17415852365571","7.16048518471281","-0.00230347366057652","3.3923279352554","1.20947136161976","-1.25296287309409","-3.65599280742943","0.204938504091015","1.11342481497829","5.19326339532768","3.35487735549612","-1.94743562616041","-0.506340240014949","3.60890811470985","-1.46921336652209","-0.911714001209215","-4.33740466528034","-3.6100386835849","-7.19837707803471","-1.80145527429557","1.05374855261261","5.13319335672963","1.09156383794899","-3.25626602878648","5.92307261045585","-2.97817943188017","3.76198337821153","1.02088755515983","3.30166705022313","1.42814394715631","-5.95497750486079","-1.11405711892875","4.60558674514975","-0.148820704188934","6.64091495095499","3.31929947325361","-1.09633982148999","-6.85856136283887","-4.5947830043175","-8.85681851630818","-4.00933732731412","-0.569978077902628","-5.19926882422385","2.48554064324188","0.0894614782176431","-3.13961089813406","0.970583455599252","3.81806137287076","-6.77509053506441","-9.25894718162104","-0.81425995691376","3.58938869520849","-5.47056172066863","-1.04343091087113","5.54359619180638","-5.08105906900295","-2.10210585609146","1.3909749788844","-8.48442355535132","1.73081567582793","-0.571484206883839","-2.28497005911626","3.42977009093437","-5.24839209849558","2.90022949755007","2.95526992375268","0.650261650062011","-0.726325774144223","-7.50820495692685","4.69880479133572","0.171115003171256","0.789442749720204","-2.67968738424297","-1.53443202016576","6.24139484824993","-2.01383998115684","-9.56712203980218","0.748503492942947"
"Random_Index23_13_0255","-3.00428413889749","2.20955310350827","5.72292444661785","3.19634424341485","4.90398010697468","2.05046012554482","5.2489450740099","-13.1243358648764","-3.01647117660568","-0.223128170662219","-3.86035445693953","-1.25641953848418","-0.791447794326097","7.02376568843408","-1.42295475649897","3.32764113322118","6.3234932275311","-4.70712734507322","0.121383774660734","1.04689331779189","-4.31890841797496","6.8723087059656","-2.1704912992116","0.176873129758194","2.35463481496229","1.25194630270523","0.538792342955891","-3.88639510084359","-0.407339378617584","-1.13498091661103","-4.00760581607194","-3.30877119847962","-4.20810821508204","-3.05433900478535","3.11153185324763","1.75013328350808","-4.26144860799605","-3.25632400051071","7.06472595538917","0.177828019609501","3.31463927351116","1.33996084049191","-1.23461758013397","-3.77201149886068","0.0232936809096503","0.950380615510933","5.18881376800898","3.35519528677642","-1.93382364743159","-0.626054437681677","3.58136346531169","-1.47839880236972","-0.892933306853747","-4.45735692049384","-3.55105741424974","-7.25779052533612","-2.12287811893791","1.02201110046545","5.14232414276553","1.2355724813909","-3.26061053365049","5.93693051536827","-2.96256688950997","3.68686183693091","1.10692561418918","3.34134347244919","1.43938937728754","-5.97422906355778","-1.1992087257384","4.47593104784669","-0.169470260551633","6.64896502507001","3.2623739137283","-0.991875681452243","-6.97176513865137","-4.61790614568291","-8.97421009662788","-4.13800842575776","-0.418126905056411","-5.28439171425249","2.39544400625902","0.182707207542981","-3.11300963865278","1.0665723744583","3.73441060313737","-6.83475605040945","-9.19283703748258","-0.695399738848932","3.54444334341763","-5.50438760202686","-1.0925482809751","5.487160186715","-5.01447608811965","-2.20440103847548","1.56810751852702","-8.44964004595697","1.71918218866627","-0.455564173445193","-2.23350621992416","3.51650651817526","-5.25554604810644","3.04851146333311","2.86968771286603","0.754513675126043","-0.590741102377229","-7.61103877225998","4.71705340617553","0.233910873310783","0.829118574531223","-2.71983462149251","-1.5970960563347","6.2700496053962","-2.05562473825595","-9.80517517673364","0.816843455524384"
"Random_Index23_13_0256","-3.03989547187052","1.97656208137736","5.38538213060286","2.95233357683136","4.76541598201568","2.05426052716045","5.14336616583136","-12.8149191631786","-2.81621939150619","-0.183140492603423","-3.65604377889232","-1.11789650390645","-0.535852854094979","6.85063238328889","-1.37108863742098","3.03775119861506","6.22794476189327","-4.67964162060502","0.332151021449211","0.855828819823055","-4.34501475278417","6.7834959285258","-1.98194435786376","0.0773741610279966","2.2476345320776","1.21833730506425","0.379584987009496","-3.74009821346715","-0.61662593536796","-0.936139868768096","-3.87257840470826","-2.96121869283556","-4.03050317869202","-3.02398768976885","3.03871578464451","1.70776372346917","-4.24721097242886","-3.27554002540126","6.84187444231975","0.0492288612612694","3.18069419400393","1.36551093768647","-1.22594694750447","-3.62155656859503","0.0347848951936144","1.02281367082055","5.05714810096566","3.19220712241549","-1.85274543050583","-0.67479578759217","3.45993644935426","-1.20309707759477","-0.579987729096936","-4.34518535670097","-3.40900956888415","-7.07051652860498","-2.05378111014412","1.05365812622412","4.93481232815525","1.16940975379044","-3.10924739252812","5.77698705321256","-2.81534951055609","3.58984176782624","1.11585082030642","3.36204155060144","1.66318875534713","-5.7093809343707","-1.00124732744608","4.29092604429098","-0.0709507141809491","6.53424344026641","3.19146026431768","-0.9906969156212","-6.96566433760127","-4.4407790127007","-8.96862409379384","-3.9259398561246","-0.352320586738329","-5.22529933713592","2.28972010619836","0.187839111895268","-3.01664899240404","0.75084063365942","3.5852220608119","-6.67344276380332","-9.11253790024988","-0.723280320773105","3.37206830929082","-5.63614299237312","-1.2676112572295","5.31404882218683","-5.06906493645524","-2.3380058376526","1.34617447666579","-8.40947762000124","1.64493724605597","-0.410145670510704","-2.27904121458763","3.36706191261555","-5.03313566244342","2.78749772444635","2.74279522357229","0.777225556087355","-0.75370023330439","-7.49756822596769","4.58911591715024","0.245774274541899","0.744875749235998","-2.63751937581025","-1.67965773511217","6.13790042692647","-1.89546873109461","-9.55054175812966","0.796322399005244"
"Random_Index23_13_0257","-3.2080051845607","2.09797662774657","5.56266044778141","3.20448728175555","4.77356389782704","2.18047019315061","5.19528760505526","-13.1322773341322","-2.82653952716336","-0.238508832558105","-3.67306239131964","-1.22981282251749","-0.599986783553648","6.90179890128698","-1.41638872676895","3.04367791413241","6.49417318036774","-4.67998336487263","0.214067466216335","0.830656386017213","-4.343356483702","6.91713429905582","-1.99079448390861","-0.00113599623176062","2.40720600332906","0.99845637369353","0.272741599213472","-3.71447684610984","-0.631586225609033","-1.03163471763149","-3.94873655540221","-3.22077417875322","-4.1290897004251","-2.98935937334518","3.25364124815738","1.61399171563173","-4.24764565986856","-3.11062319817285","7.05226611859404","0.186144547097226","3.25352301899389","1.45953596623296","-1.20340046423913","-3.49437722448691","0.0345323796202924","0.842941973054719","5.10085952782541","3.31727104739967","-1.78845852631649","-0.542410750952168","3.48025403906169","-1.42597661270364","-0.839129247473061","-4.37458295353178","-3.61885474832654","-7.16131376997212","-2.26788643733861","1.30353228311038","5.09713657278386","1.16175296214983","-3.18143586186224","5.8237959526669","-2.87414962711607","3.68676037493319","1.17546626720499","3.51900060136164","1.52017776635095","-5.80181484113805","-1.19568707371051","4.35327215298247","-0.241035959391456","6.71647710801846","3.16952984936403","-1.08236992268848","-6.92636864174039","-4.40047925560699","-8.92866838679456","-4.13175044325425","-0.314363288936982","-5.1035701911562","2.52761162798566","0.382677112989422","-2.91393239986341","0.938477809126461","3.80581591580972","-6.74788243740677","-9.36466241875985","-0.803065665109439","3.47929133850515","-5.50646342727433","-1.09410546978846","5.30310856944196","-5.01878943680571","-2.19754433315194","1.45746332982855","-8.35913174982805","1.5629918303861","-0.35274907025254","-2.3880315058708","3.56656217413933","-4.91370504335203","3.19881768709501","2.88595308842595","0.902247537622153","-0.639782764230954","-7.60709003722499","4.7371659461655","0.491730368971934","0.799110266841492","-2.75639504519423","-1.66943834639395","6.35852741333595","-2.1540760801138","-9.60746621125413","1.14589618977478"
"Random_Index23_13_0258","-3.2548484339794","2.18345929351824","5.63140255814481","3.01555160960933","4.85341222358691","2.02599721189635","5.16760900528924","-13.0278062481527","-2.81051766701482","-0.357486378395846","-3.8992158168642","-1.256046380224","-0.78116195412423","6.80649058516479","-1.62294490258675","2.9953472006199","6.2295931355715","-4.76550923349918","0.282889438060922","0.782763811129313","-4.22609607859956","6.82428267358054","-2.29576151509676","0.110200916629983","2.29968006675002","1.362273840952","0.445101702771697","-4.00063592879746","-0.435559439638655","-1.13488716433006","-3.85331270311195","-3.18902639809561","-3.96102448778396","-3.01991646448113","2.9224735829006","1.69202964391506","-4.23220695177251","-3.17684525228708","6.84890915404671","-0.0745160875538217","3.33907286792301","1.2609753895963","-1.28176705814281","-3.72044426636912","-0.00949736255682867","0.896577785971775","5.05730572758097","3.31356795257666","-1.86100045599992","-0.655957861423114","3.46977985566657","-1.42173048573212","-0.779279647174648","-4.63329744111357","-3.55520695718637","-7.13893274378447","-2.30812313138996","1.0073400866399","5.10574121311609","1.29588016850735","-3.13447255063527","5.88656940340192","-3.0633398403271","3.64683449214061","0.918933157475861","3.359363968542","1.6299191253364","-5.76661715708076","-1.09236946911482","4.27422090649233","-0.179599745048624","6.56203159386373","3.23619280724919","-1.15414064521643","-6.79782015486292","-4.5420984843892","-9.07129818133006","-3.95330788194456","-0.485526913035264","-5.17722277613917","2.28558318111385","0.0510524562652249","-3.39918297947305","0.726124382102044","3.62749205424065","-6.71516911185962","-9.06190301709256","-0.767951237908695","3.54208909341106","-5.69971711907877","-1.16086924374223","5.30150983039809","-4.92819500853969","-2.22096625024602","1.30298154270853","-8.33846922804203","1.73082133260258","-0.47880438528132","-2.21524376481725","3.25315384451808","-5.16945526757289","2.74367138123094","2.74152666167851","0.672072211801355","-0.765858395061137","-7.52798377945909","4.71094045071485","0.0138157063014571","0.894749311581837","-2.75631272174819","-1.7240746932481","6.27285925148047","-1.87892425212227","-9.79221654108949","0.658556774832805"
"Random_Index23_13_0259","-3.08025765977751","2.22522971846435","5.54770011057504","3.11358750728026","4.81957668672506","2.05769564642664","5.11719849189635","-12.8120735418992","-2.76538923929341","-0.332125478546924","-3.72238118165505","-1.20982415670245","-0.581842088799138","6.81106684053196","-1.45214353284513","3.01565580963292","6.14331643101201","-4.62465896200726","0.241321143652083","0.892151117836748","-4.22376723588913","6.78459866100896","-2.0736459480584","0.0831021138660557","2.38605811341557","1.10527981173826","0.347511477225191","-3.8104987553829","-0.508824085180329","-0.949369454635946","-3.86263711947606","-3.17702825657133","-4.04588119917166","-2.85225044359681","2.97978347342168","1.58598313080831","-4.06510517304499","-3.01176098996928","6.88486412564628","0.0514926472657021","3.33296421522212","1.33895719781688","-1.22866146680875","-3.54589219036285","0.138388673177834","1.04054089700317","5.09961670321721","3.35037973070266","-1.90235557051031","-0.53080413449336","3.50860690447582","-1.29491739798167","-0.75721037463867","-4.47677947430501","-3.53816556343567","-6.99550472041684","-2.01117795303301","1.04503604777287","5.09098192186857","1.16539227278541","-3.18086416394752","5.86353506412986","-2.8092596421403","3.67401552053266","1.03838401061359","3.16577584878631","1.57710150470551","-5.69951087011173","-1.13292001517423","4.32818191120811","-0.128222491174925","6.49880993837645","3.19363407472948","-1.11695469460666","-6.7338809358713","-4.44535202766229","-8.96009293516301","-3.84726600068414","-0.431958207408747","-5.07421058138469","2.3309428762408","0.117960895480556","-3.02367682206089","0.769307463213702","3.63893458526758","-6.64751651854925","-9.05689788000467","-0.801222477176557","3.59243451185089","-5.58227904812356","-1.09711835953567","5.35977459012512","-4.82352259128093","-2.23220256428999","1.43167906058669","-8.41857478542519","1.68634084118102","-0.434501399198041","-2.19694403759297","3.30679098193966","-5.04984969756785","2.71429658295834","2.81561496437523","0.669435077568696","-0.727121669549067","-7.41732074290804","4.64129176995927","0.237320023118187","0.875939327042024","-2.72423747178281","-1.59462933458064","6.24812928000868","-1.8135144579875","-9.512822625032","0.706152508554118"
"Random_Index23_13_0260","-3.0781653565871","2.1152201425647","5.60943149060242","3.14609739250559","4.83891689435521","2.07217487479586","5.08320474587808","-12.9245771881738","-2.77680664113813","-0.241499757976973","-3.72382118448035","-1.18736247779196","-0.636094721746064","6.76358878199352","-1.36069317514102","2.92746607895433","6.31329506009747","-4.62815783187626","0.2063722087834","0.866828494878786","-4.29830876693239","6.79106258414638","-2.04701131967317","-0.0221513268700702","2.45177209548992","1.29256929918769","0.311887197709549","-3.81374954831856","-0.646491957402196","-1.05258954868317","-3.86614140775195","-3.19159016956274","-4.14356994167291","-3.00514299678798","3.13087706230747","1.67454399821474","-4.17008102278559","-3.09516078970904","6.91331946649211","0.00141944208574488","3.31127848394357","1.34144405163416","-1.32791193264154","-3.60116820045235","0.0593038715166418","0.964525510641346","5.12662109989823","3.34805316140659","-1.88676683525084","-0.509134146107003","3.46464595967349","-1.35624626505311","-0.783379453858147","-4.47629622934794","-3.62438251353548","-7.00195827581719","-2.05362465982655","1.213907643744","5.11804587045594","1.09927420048781","-3.1073026584596","5.80729406268048","-2.80242865768275","3.63020250910408","1.07472555280578","3.33942296455352","1.52767100992075","-5.82829386082707","-1.03852334727723","4.35410356820179","-0.263912782701607","6.54110784779774","3.16813230081282","-1.14369483860597","-6.85023213343696","-4.46731476536871","-9.12318036141069","-3.98642427811188","-0.302821232625301","-5.11708721792783","2.4441467839175","0.179888390506895","-3.00794936650627","0.714932120630028","3.72544629431755","-6.60253340334515","-9.16893126119544","-0.805189214202962","3.49625658357886","-5.48859656210883","-1.07119172054556","5.23147181092636","-4.93626184130291","-2.30019557596394","1.34824171190394","-8.43465317098067","1.60923797848015","-0.339990824111869","-2.39744558679696","3.44768799915261","-5.02635573058182","2.93034349183982","2.88644304024092","0.717885631416529","-0.688489510968338","-7.49507340895709","4.69013433159215","0.26178742317582","0.789520753731596","-2.78149267022491","-1.60781395540927","6.2502867518672","-1.840406519546","-9.62937473534515","0.883056595541963"
"Random_Index23_13_0261","-3.27920538743334","2.19428561308622","5.74328392072019","3.20625977325175","4.93459522189053","2.02057373868151","5.18353218632897","-12.9374059270903","-2.84958778000246","-0.383229912844433","-3.91798720676691","-1.23450011501466","-0.652403430890223","6.92873709409894","-1.47461080560145","2.92999747774329","6.3795104895463","-4.68804051334961","0.196268251345367","0.885837067176856","-4.33319263450282","6.9175763159642","-2.16510856567864","-0.0115168389189301","2.46378020410714","0.988497180972557","0.325197720179566","-3.80919162215389","-0.583182861412809","-1.09054690515553","-3.91860110773333","-3.16157776920129","-4.23250395240853","-3.06302798345303","3.11341485398241","1.57746048739799","-4.12682547071634","-3.10297539535143","7.07092928559335","-0.00717026494888206","3.27504194961664","1.33588780660718","-1.42846177907781","-3.66250811404851","0.134154410825139","1.049471869772","5.19873246474698","3.39801110882009","-1.8753847258977","-0.533944037977459","3.56004473648665","-1.43810472106161","-0.830494993411772","-4.57941328736668","-3.74537506821689","-7.12631950771349","-2.02862666558853","1.07150017684443","5.20390711761679","1.29121139184595","-3.15839574540703","6.04157700875779","-2.97932999327999","3.72774561484177","0.995195948983012","3.36534375392183","1.59472458068594","-5.88165352638176","-1.03237155215517","4.51582461100862","-0.23788142008031","6.7142026470103","3.26688274472766","-1.03045382900203","-6.86431053431672","-4.57007133152753","-9.06599665036588","-4.12260251156806","-0.493323604172247","-5.16667616000645","2.45510123164926","0.145701985976417","-3.08897437900622","0.886274382526485","3.72127986760037","-6.74503634871411","-9.32875119455188","-0.789862123284749","3.58161120597033","-5.73384452301699","-1.13904998217118","5.38320842354637","-4.91799715857192","-2.28033418726522","1.37015498276687","-8.44009732176072","1.67780635956692","-0.364224062196664","-2.26510936609702","3.46878940754246","-5.03433996262055","2.92913556279347","2.91949111698208","0.85037184936228","-0.77709613904221","-7.5372885244652","4.73255980825509","0.221084932420373","0.804978821569438","-3.02278002180119","-1.56315977804728","6.30381079625281","-2.07932455403184","-9.67818945938692","0.814801318020477"
"Random_Index23_13_0262","-2.98442438649309","2.10017784349256","5.57377695222334","3.1590685145207","4.80084360002378","2.06064943039779","5.15579133053826","-12.8504692984798","-2.78342868687312","-0.150569216892463","-3.71526130609378","-1.1578337842843","-0.467895676221327","6.92826155298354","-1.35798818782243","3.12178717091927","6.29125283665525","-4.64087363071794","0.27172539038166","0.91481323262974","-4.40998431602281","6.86374147429875","-1.99071015202278","0.0284968400191855","2.2598992213169","1.20046207439","0.46467334778553","-3.73727839995832","-0.62775067950874","-0.90911166647757","-3.91953112680002","-3.11831756126591","-4.0978807716971","-3.08482128454683","3.25953241926056","1.83034923804311","-4.28303035959072","-3.25256674365419","7.002726269649","0.138828071268581","3.31804909416937","1.48264294678388","-1.23843993320635","-3.5774543392763","0.0293240889204179","0.919715991284097","5.03696247036689","3.24486244143249","-1.8021495627776","-0.644822632814808","3.46104246401253","-1.21816044573891","-0.69091301960736","-4.39179532563828","-3.58726095874495","-7.16480010877709","-2.12569830281567","1.20887072259106","5.04339773175375","1.01841190485758","-3.15745381917539","5.73462404248578","-2.89197012665648","3.62433468283707","1.21413927768879","3.50149651836186","1.69554488257705","-5.87172798728723","-1.09990873028521","4.4123138910617","-0.186458251052722","6.58365517532898","3.04653934391439","-1.05271634300398","-6.82969598136581","-4.4638264298062","-8.98072083286461","-4.12187437780854","-0.376119683760298","-5.20981570691709","2.42393066553139","0.216438272957389","-3.05755806910505","0.905167004306789","3.75166143958939","-6.63784629425301","-9.13479678794786","-0.694606458199832","3.46256077131068","-5.57727596443933","-1.20979517051431","5.38307518045439","-5.03210819014213","-2.2399899235492","1.41876892965058","-8.51257272905687","1.7024143209775","-0.346611190645435","-2.33475924610238","3.63144406360078","-4.97146911618708","3.19583551285904","2.86190771700572","0.838897188087426","-0.701494212751634","-7.53332325623753","4.5967127538041","0.30681308625976","0.633385787965695","-2.69914002936993","-1.67959023426095","6.20916769283467","-1.96401688675071","-9.47492466303926","0.833091846852729"
"Random_Index23_13_0263","-3.23586114147178","2.08621130044682","5.60482866111681","3.15114979754841","4.85077746665785","2.24731022545714","5.22336189742027","-13.0476190557676","-2.7063495029755","-0.244189416479465","-3.68895356332236","-1.11029931691733","-0.533171827753953","6.8619232432127","-1.32692670173204","2.99715034162699","6.34346798268808","-4.58668751074621","0.299776969916668","0.759758936828273","-4.43146388507675","6.87630218304184","-1.96720991031525","0.00583652555519797","2.33168422915065","1.16275813624839","0.289896689112904","-3.74456177916806","-0.694686803261442","-0.921149360125361","-3.75902212086223","-3.10495232453628","-4.08054864071763","-3.10078836427637","3.19260812646846","1.67183086192407","-4.20420375079877","-3.08834379359918","6.96975420562793","0.147678143355158","3.31914052878424","1.4562427714564","-1.18924846778388","-3.43330982853889","-0.00752617239732695","1.12032512306201","5.12503187448615","3.38403002955273","-1.77101549138801","-0.572129764068871","3.43524651885631","-1.33523804680521","-0.665153877858938","-4.53865240888606","-3.60508537916755","-7.09978081880833","-2.16069955335844","1.1560193336353","5.14972551354458","1.19476585223915","-3.04866766505954","5.92685082012641","-2.81496867883786","3.70568829262996","1.10410268927421","3.40403432685015","1.59652385259693","-5.7465300758944","-1.03265720551134","4.40437610155481","-0.219121352627941","6.5914398716713","3.26041146473138","-0.980802491816994","-6.8826672433707","-4.50377760577481","-9.10492381897672","-3.89739781805173","-0.301646064688851","-5.27856927569352","2.37524612064212","0.28796325657317","-2.971645082319","0.820467555124754","3.62842368990177","-6.68055446918651","-9.29255476720595","-0.74233284942724","3.5973600064224","-5.56712331202647","-1.14191019860787","5.32859745892331","-4.99278954579739","-2.37063891097275","1.32993580441951","-8.47477973070412","1.58599861338373","-0.245958812700996","-2.29957083199085","3.47398628379017","-5.00339316783833","2.93120687873972","2.86695661742341","0.908867413784444","-0.663901258683132","-7.63591446636107","4.77165965118096","0.366939454971629","0.79751526914776","-2.67430998569998","-1.78227250421782","6.28744881763108","-1.89134812162089","-9.6767259792566","0.899040874249265"
"Random_Index23_13_0264","-3.24145730198845","2.19586328891879","5.69259235227711","3.24800966117018","4.97715124038025","2.00320505931631","5.17856017896508","-12.987341568075","-2.94055261753785","-0.362772704998432","-3.78326063885325","-1.24790013049405","-0.709653994971738","7.0037659503145","-1.48627612994417","3.19883772369649","6.45956462142893","-4.84534867811075","0.238174406613348","0.909622556888611","-4.28092506783067","6.92946116885759","-2.08361630454742","0.183298160458817","2.43191155300969","1.14249443345185","0.356350481576118","-3.9403883149019","-0.489669711314757","-1.0709408925023","-4.02266561041923","-3.17913510911638","-4.02362500225495","-3.00500737449224","3.14661624100177","1.60123961805235","-4.20417873442722","-3.11766009234292","6.98481069596752","0.0578164597410882","3.41763704774479","1.33784290199101","-1.2152686944325","-3.67252983376967","0.157757967957359","0.902978634139499","5.25872858305148","3.33239368829723","-1.99615448898532","-0.51992151198986","3.58311853986365","-1.36289366736758","-0.850189250370661","-4.45711401020428","-3.60789140341203","-7.22565914939649","-2.14954394916592","1.2163739650855","5.14890411126019","1.18082444518987","-3.19626247528639","5.97777736320631","-2.94561207475292","3.78194541128203","1.08670225531666","3.48906430268927","1.5422022647705","-5.85351376288846","-1.02754907895533","4.49358255904952","-0.136258210562436","6.72446048234186","3.32742471035194","-1.0850812095618","-6.91596111034204","-4.44086849101632","-9.00745645053077","-4.00074158936817","-0.383525817706914","-5.11376239115373","2.55150925832618","0.265916801607052","-3.03014021180486","0.978508426081245","3.81988137557449","-6.83127382025425","-9.20966223012405","-0.804395901375354","3.57745195352942","-5.55266578953248","-1.05150712173881","5.41062840142776","-4.93847854186638","-2.20198977855013","1.50701859170837","-8.47281435895438","1.76342731879819","-0.472492182175173","-2.25692751090073","3.51226829228667","-5.14021540943291","3.10459579216445","2.94307746549878","0.736324619256872","-0.765772264077284","-7.58762286122426","4.74812220129276","0.295321940940972","0.86597147582821","-2.71991963598153","-1.55141883146093","6.418817158615","-2.06001166561273","-9.64449331748018","0.965573563700049"
"Random_Index23_13_0265","-3.17871232990209","2.1648730070149","5.64427596517733","3.17180959795845","4.88174705207503","2.05171952869423","5.04552571505843","-12.9380554550372","-2.99234059519253","-0.286286243843831","-3.72962836366801","-1.13392429515584","-0.600378576616107","7.0078870082593","-1.34203975351714","3.24629262359672","6.43968399601057","-4.73326022198336","0.287295723276498","1.03170486839839","-4.42711187806824","6.99426144056259","-1.96749602324658","0.0786325262911201","2.2885841779545","1.1375346055095","0.623664208408375","-3.77640428067429","-0.523230356664675","-0.95301318526029","-4.0194415562927","-3.12319638923655","-4.03160670729686","-3.04456881103706","3.20213237140915","1.73164360147486","-4.31847598473785","-3.26748883343553","7.00965191168135","0.090064620983842","3.28358784997811","1.46455884526621","-1.11062808070775","-3.5377324711603","0.152991262421384","0.989570420989053","5.10819261258114","3.21033232853995","-1.97540769224334","-0.682554774507555","3.46917871436364","-1.29202156770522","-0.728920471265088","-4.38739771266326","-3.57347697935122","-7.22608319994947","-2.0321942774426","1.17602211359451","5.06828256783925","1.04695605475989","-3.28575877802226","5.8582447108302","-2.9095915781849","3.67204590836855","1.14051500591761","3.36606768219209","1.60689640694538","-5.89734343231536","-1.03905658485391","4.51595389446127","-0.0236591083951421","6.68304111204319","3.13316222050505","-1.16099978723281","-6.89516405557191","-4.56789821432447","-9.06844429682267","-4.07217722800656","-0.428919202854872","-5.29448379581799","2.48296988370991","0.299548748368121","-3.01470384020892","0.942648722953332","3.72595391509261","-6.82789300551126","-9.1942036774225","-0.688836259794132","3.47722011470155","-5.59257985492823","-1.1551086381803","5.4291387054496","-5.04475684408866","-2.17640160700414","1.53622373350247","-8.47527036435853","1.80422657799986","-0.449676123959835","-2.27287348641075","3.59109109469146","-5.10887527573695","3.010069320519","2.87634325078522","0.765594718264016","-0.745329110058082","-7.69861694416574","4.65212625320172","0.326659657709873","0.725565419217774","-2.68541882240517","-1.6566612129677","6.23120287830598","-2.12068256395367","-9.65369189109162","0.844690269326608"
"Random_Index23_13_0266","-3.05415263192056","2.1345800940363","5.54080171712373","3.109532177882","4.86109126282469","2.03163679111351","5.12025473183423","-12.8820538783393","-2.86389676264549","-0.318091630829687","-3.84404561639145","-1.21286931633473","-0.540496761865525","6.99058989216667","-1.42880291467696","3.09474662099841","6.42965952675072","-4.75875881350194","0.210783948051476","0.931180079232583","-4.3555983548846","6.91191691777856","-2.0269101959228","0.0798100851517752","2.26787140396354","1.07330290063455","0.36003406664745","-3.8141053348168","-0.532601608013125","-1.00420190527836","-3.99493189510473","-3.14130490808301","-4.05668321220658","-3.04319046391179","3.10982762064805","1.67394686258913","-4.34535214019393","-3.18976724926579","7.03876828377853","0.0374614853865142","3.3799298915468","1.39706872173827","-1.28240973206555","-3.66633549232091","0.180770016979269","0.964451042884574","5.05648762388625","3.27236707772195","-2.07156267038892","-0.615771985553542","3.53312095457807","-1.31083105810816","-0.776012329924567","-4.49648164503311","-3.56849166728904","-7.30729977894913","-2.08940542590346","1.1261999699077","5.0939787241513","1.13735111171934","-3.28855807916916","5.82338412949974","-2.91525216949323","3.7211142694941","1.10432149397384","3.38222080784111","1.53042394498061","-5.85402665576879","-1.02779343238526","4.41408079808275","-0.16931197876521","6.66399898850123","3.15504912879556","-1.12894788527939","-6.93448545619728","-4.61571849837138","-9.01947269609915","-4.08131293503551","-0.493064420544502","-5.26429552767658","2.43068051124322","0.214629824676402","-3.09889213323006","0.864260196941248","3.78837533849229","-6.78542337707128","-9.2180812631951","-0.801860186683593","3.4599575558252","-5.65672996513584","-1.12215353622038","5.41076396734165","-4.97749261325716","-2.24165230496046","1.39803245411382","-8.49716526194846","1.702841247041","-0.410841613666639","-2.2412160743924","3.48993687803129","-5.04857060595542","2.9695533196243","2.85178784104778","0.722803307848463","-0.779211865048319","-7.65416583721975","4.71442312193594","0.300271854543837","0.74281341298907","-2.77045045297503","-1.66227329105943","6.2498662511079","-2.07151293685806","-9.67338541333364","0.905038173215485"
"Random_Index23_13_0267","-3.22548853333158","2.24129608205134","5.68209506326691","3.22219998907297","4.97643036686313","2.1144368649617","5.19613879141093","-13.0113655785928","-2.82884725841124","-0.380995334552105","-3.85919150074472","-1.34866342745","-0.664579815173285","7.02158020500909","-1.51586285365234","3.16924436614843","6.33337965044918","-4.78214116510351","0.161497645457141","0.984961013362718","-4.40033549451362","6.96902296205518","-2.1394471084613","0.163767369766331","2.43974814589049","1.05879172336977","0.425984436616893","-3.92441154878101","-0.546184394475141","-1.11873889590432","-3.92038599763456","-3.24474229896756","-4.19609773502874","-2.89784982983128","3.08898265845925","1.76014186249018","-4.16368695643661","-3.16964870156675","7.06985951482139","0.0274041751400663","3.49170095732569","1.29945556576645","-1.38209851016735","-3.63137050779097","0.212700625707226","1.13810307115266","5.23572510469502","3.38238533403471","-1.881009050911","-0.474323566316112","3.59057878921179","-1.40109140134606","-0.825467971613354","-4.54412519226236","-3.62521717426273","-7.1853453713524","-2.02420847953189","1.08591994741284","5.23222606273471","1.20756983996759","-3.14258764041976","5.99374744222988","-2.80470406541931","3.7580886282265","0.970746048456408","3.36049119138955","1.56102245052311","-5.88576789175715","-1.2271069273286","4.5181932216114","-0.0289784184362333","6.57943713970504","3.38003387347011","-1.01252349660259","-6.8359177411106","-4.6919085471913","-9.06255758268997","-3.89603043702429","-0.433298170624061","-5.2556897625538","2.42139004151188","0.197570574372324","-2.96501810054516","1.00711446806447","3.7553727068274","-6.82428463076498","-9.17741217111185","-0.851712613959828","3.66098960118031","-5.58202936749877","-1.11232237200262","5.52871264054509","-4.94106892670394","-2.16635645082644","1.49366450361211","-8.51057025298861","1.75106657762523","-0.451761815598179","-2.28637247886265","3.42768165940568","-5.18115350167505","2.895043720535","2.93497923964541","0.757781633079031","-0.745178544248886","-7.61808098338073","4.74638006140996","0.200539677418923","0.823665502433433","-2.81121203363429","-1.54643963747891","6.29558711449189","-1.91057112478026","-9.63130011538008","0.855620479967184"
"Random_Index23_13_0268","-3.05380433151919","2.23821239601772","5.72139637860152","3.2362482088427","4.90603295561556","2.02789426779388","5.07235065097726","-13.1011504715023","-2.97441177360998","-0.268988784223023","-3.73835631408367","-1.1328262136614","-0.684508743922772","7.13837622707962","-1.40929001352785","3.24137375782797","6.28978230471982","-4.76293897065382","0.268616247183517","0.964444053355839","-4.40057131050596","6.96265670395024","-1.99832453444442","0.153218402461637","2.22481189853953","1.07140428869102","0.460564683148388","-3.72213690910525","-0.490279087392802","-0.997688708894057","-4.07091239137199","-3.15753278617568","-4.04146452108066","-2.9793061343811","3.11416573427395","1.77235020488162","-4.43446638530522","-3.21464925182377","7.01036548565454","0.0692257276892848","3.42368349813124","1.43608739833343","-1.22771974082212","-3.58097365122189","0.130259006729508","0.781070051133319","5.16636893252985","3.21527839485753","-2.07203501296807","-0.669620443967371","3.63510550524445","-1.31153191531651","-0.770802099036128","-4.4959387140672","-3.61442154116449","-7.32050035247056","-2.16321213965629","1.12641668370216","5.17220307415846","1.10596833767054","-3.28961123465437","5.86135872448895","-2.92932578772662","3.76575760544155","1.16654510154726","3.2832527438781","1.58200336563682","-5.8921540403702","-1.04695414885123","4.53763652331585","-0.224410099854375","6.64457204277693","3.13741495761599","-1.19660101243559","-7.11870341653384","-4.56414700580663","-9.01267873655398","-4.181391665093","-0.582631129565598","-5.13380897307558","2.46913101027213","0.182579428631211","-3.17075777121181","0.880212604099372","3.8311275932091","-6.86753938438978","-9.32590576391702","-0.729749182779002","3.46859729545616","-5.77065369694588","-1.12939370674052","5.4216712801844","-5.04996171084806","-2.30791540554258","1.47291257620889","-8.56507971133674","1.75151793819859","-0.388030985287596","-2.32543253716479","3.58265032397163","-5.12291038729623","3.05888780318494","2.9356159489153","0.779663930954659","-0.800660893109276","-7.67991696496437","4.70503100343118","0.280073334534268","0.737978580683352","-2.71957268308421","-1.61059235416273","6.32232992104049","-2.09683136430683","-9.72202449307627","0.86010069933568"
"Random_Index23_13_0269","-2.99993942705297","2.04729320514848","5.56626604407085","3.12751135345303","4.88714663819176","1.98118021842695","5.05323486465433","-13.062876393329","-2.95284424596291","-0.214141849468299","-3.6687936182007","-1.05464834848161","-0.510272721489841","6.94099415412592","-1.29800781313869","3.21695984146088","6.31398137795562","-4.74066778006638","0.327234546823758","1.0240005501924","-4.37499853750797","6.85306418437314","-2.02202237347742","0.135511994090825","2.28195510009373","1.36668752254671","0.503790167095183","-3.74388123931248","-0.472081990734865","-0.95722430958696","-3.98477690509342","-3.01693115167713","-3.99369546359575","-3.09405332947172","2.99368548549084","1.90638214985793","-4.37203801023778","-3.30365410235143","7.02986047743258","0.104426131235369","3.23647870268458","1.47533222442022","-1.20875199638978","-3.61799845107161","0.0469127854204562","0.952215762046844","5.0840450634621","3.25575691597215","-2.05755023312186","-0.718948371252229","3.53494898132998","-1.19005375739251","-0.643794431316932","-4.34366028826337","-3.53113306991385","-7.2252842655453","-2.08768160724453","0.989689202094653","5.01429607316287","1.0584519715468","-3.28775054059044","5.79167040293921","-2.95327038103598","3.59416828377926","1.23018753632625","3.28869774869114","1.68279859730791","-5.80921789343429","-0.919379426855135","4.46621380040928","-0.0812555997477869","6.56272314579135","3.14208758332195","-1.10332616545868","-6.94059640995583","-4.45645528666833","-9.11342495705606","-4.15272175062938","-0.401055197996861","-5.29166178046193","2.29181568668726","0.195204831317507","-3.15064374662827","0.845158439761803","3.6071834724107","-6.76396163073111","-9.04813580722777","-0.66443665454569","3.42843659041333","-5.64842362302749","-1.26727419885696","5.40859433579965","-5.13278905732317","-2.29036814063788","1.47846569587286","-8.55407960261604","1.7339725701025","-0.394026863146383","-2.29146999443602","3.3893146478014","-5.15697125550271","2.8863850850377","2.79316523543549","0.789981924417117","-0.662637375940672","-7.55290934462368","4.58406476420757","0.248862754005794","0.694365503342788","-2.61764456466329","-1.76235348053913","6.19682872077757","-1.97249040205565","-9.73173613956772","0.747645654250118"
"Random_Index23_13_0270","-3.37569011342643","2.37492694940317","5.50880914656486","3.25781302126233","4.80779857271517","2.06036081572354","5.21554681003374","-12.9674891351358","-2.86127053435765","-0.4646789125565","-3.88588931472171","-1.32761539627832","-0.810386984582659","7.00220545942457","-1.51856635460989","2.95737947393849","6.51641032876842","-4.67752424942353","0.0555972972830491","0.720983809833618","-4.48404250299323","7.00578612733934","-2.18292121440962","-0.0443920105493147","2.37888262408879","1.00024669156754","0.325540120381611","-3.91634748874432","-0.66077335983294","-1.18292038950413","-3.88405530719824","-3.20367711006727","-4.09217321106816","-2.97373671672018","3.22897442748477","1.58065890803619","-4.05985386805164","-3.05260224845101","7.1806907180571","-0.0133574005113047","3.35295896394848","1.27021815288023","-1.18200239127727","-3.63690882589423","0.18557287518422","1.12158213384208","5.11979797312519","3.51414558583329","-1.87864624478964","-0.499866132451018","3.55211896689142","-1.5180917155642","-0.921456132270397","-4.65034010216542","-3.68286826192513","-7.27911160946544","-2.11991116818473","1.22347099128694","5.22200361675042","1.10696418256957","-3.17081019148095","5.93914257072562","-2.8270434331199","3.72406794255757","0.91777234422791","3.52293247790424","1.41016871286032","-5.80416563182006","-1.19408048249381","4.43607278401744","-0.145685258346816","6.85705832325274","3.33270203202509","-1.00040351437997","-6.9019584961123","-4.71914164956147","-8.95853414242244","-3.89596229977623","-0.385922410562089","-5.20422155041568","2.63341680995779","0.15580689768282","-2.99935213323396","0.844604562377867","3.87620573086532","-6.809329771059","-9.48292413643716","-0.930811647836158","3.60148171246689","-5.56415694544534","-1.07540200310528","5.35402989869017","-4.83960116014233","-2.22690106535799","1.30963472073374","-8.52100616344784","1.52307126030817","-0.466709746652365","-2.34792107731689","3.53161959468947","-5.21277183881453","2.96499673178365","2.9982013564407","0.703178154731915","-0.724671499620068","-7.71314446207623","4.94950856274547","0.276525342421108","0.790652167606589","-2.76721216185525","-1.44037021593478","6.45438325088559","-2.11642254892224","-9.77227511422418","0.930206814761283"
"Random_Index23_13_0271","-3.14729442234705","2.40815720256444","5.69387201171366","3.30495508619644","5.02216938812212","2.05957851268884","5.27750343437488","-12.8926769961847","-2.81641829444524","-0.323792330075449","-3.80597676478172","-1.27317682359844","-0.635831019812065","7.10952649933412","-1.46678653770653","3.13565555905495","6.26273277738536","-4.75745476009237","0.187241619204662","0.929316504545301","-4.31469509472908","6.96349363857082","-2.13337933338442","0.245437841770624","2.41370212910377","1.14270942187898","0.400051432054916","-3.89274634634124","-0.394200596822247","-1.12477115821268","-3.88942870209405","-3.15819850142664","-4.08247781098763","-2.88842569662391","3.28222970901429","1.71759330242916","-4.04527356292978","-3.06815996133695","7.05483804142803","0.0430627085975945","3.60133102857641","1.30611363769537","-1.35452720000449","-3.69152166259408","0.287192494082013","1.12429495607174","5.29973096622438","3.40627888193546","-1.95585959275534","-0.493956670657909","3.70686560880161","-1.43070690469044","-0.805732809834131","-4.48373104114703","-3.53047028939167","-7.14357697700122","-2.08911270989023","1.18638928579537","5.3673674001072","1.29633388366821","-3.11308681873718","6.01354492350109","-2.87979241105101","3.93391983353555","1.00357111058199","3.43503803286989","1.59232283940767","-5.78514210672271","-1.18122221871745","4.51645219924861","-0.0598265063075917","6.57192787291825","3.55540343621188","-1.01040461279608","-6.72500421452243","-4.50807999561477","-8.88507950894322","-3.86556722152445","-0.429293813370478","-5.04444327432137","2.5175853360972","0.141419471024385","-3.02391228501876","0.970713167337437","3.76227655348257","-6.75332007212671","-9.23069579789152","-0.867334259864466","3.62467807400132","-5.59917958627828","-1.01240742812285","5.47587852879126","-4.82206830868109","-2.04255739895691","1.4860522588984","-8.38207399590773","1.86147218597705","-0.459007708829364","-2.12181033685538","3.48255109813168","-5.087420475391","2.95011297025639","2.92433308853787","0.751362288857919","-0.726398578255707","-7.76030216037437","4.76022695769811","0.23188255471473","1.02990465782584","-2.78694756767638","-1.47982442318226","6.38880486162717","-1.98702493427258","-9.74329751946544","0.828210946465814"
"Random_Index23_13_0272","-3.187246050076","2.05373233337782","5.63488424779129","3.20857006401363","4.83618148277181","2.22593457779233","5.28322085213","-13.1860187672924","-2.70406719310966","-0.281569259340439","-3.70489877305209","-1.23635939265774","-0.536870996851118","6.84200449893526","-1.34316135965797","3.04454345470016","6.33485731345423","-4.59239945046218","0.235653684610068","0.829102023505322","-4.39281807705924","6.85355960704995","-2.03908763285228","0.0638836400627248","2.40207060170336","1.2116726914046","0.389466969307158","-3.78344474836986","-0.572498148432835","-1.03308956361774","-3.79208498606175","-3.24899596313287","-4.07567770682789","-3.09066246841525","3.13807727780142","1.72453059102456","-4.15300533035082","-3.20590825091818","7.04445739915009","0.143185895848508","3.30341127063463","1.41929520919655","-1.2874355159817","-3.46738283180893","0.0763690884626416","1.02754102565884","5.08814284893789","3.30646265539629","-1.87036517359434","-0.598451805290503","3.43225475091691","-1.42858071115421","-0.820319516624403","-4.65142687779162","-3.64222923772173","-7.14652565789015","-2.2271444203804","1.08025074138668","5.13087042019296","1.23007748823527","-3.1472257871044","5.87153851131375","-2.87460311253815","3.65876658135553","1.04015731656073","3.38718258789494","1.56715569615737","-5.79800791656704","-1.06220092886689","4.35027061003492","-0.212463743713691","6.57868319676984","3.22382758995403","-1.02146743619593","-7.00069787220639","-4.55295848492341","-9.12678194657648","-3.90313412948408","-0.267897224554953","-5.2420132156213","2.33692053035301","0.27644800080143","-2.95617850320356","0.888329345259044","3.62493527194544","-6.7246276246362","-9.29474920268416","-0.864301582778199","3.510563185388","-5.56790056730975","-1.23952511812384","5.35432656596491","-5.07289117876512","-2.27473864142885","1.35669272418731","-8.32720671141139","1.55044693234061","-0.284174966935481","-2.33262167868553","3.38579615373163","-5.05826914557007","2.91393659004185","2.80345815612696","0.905913895844514","-0.635345494223343","-7.68726693746363","4.77924468279057","0.363913528976538","0.841107072523682","-2.68023928321295","-1.65509017048703","6.27919856003725","-1.836730148504","-9.78315246353498","0.897928799759594"
"Random_Index23_13_0273","-3.12975221129586","2.20668915520729","5.66836277071279","3.21714648063781","4.88217890148364","2.00951129712056","5.11194084389659","-12.9207998354203","-2.89738812351462","-0.345366988722571","-3.7355811987119","-1.21071772287061","-0.635407126609711","6.91390749575349","-1.42774971471742","3.12436972841823","6.36696267011439","-4.79780282682143","0.171108170884076","0.966620537395958","-4.3073622779824","6.89589852750116","-2.02913800904925","0.153847563131469","2.34203292354305","1.15959277275749","0.424020453342051","-3.78124151386775","-0.485122467465516","-0.994526871805448","-3.93142585721151","-3.11948010827837","-4.01906023899146","-3.04861666276781","3.12409801820442","1.67061607147049","-4.3774134215904","-3.17305366611065","6.95569361769307","0.0152449207014212","3.2937607523992","1.32503955737493","-1.24198241441829","-3.59147471182356","0.151838858833161","1.10867306425205","5.10496071203267","3.29727020814407","-1.9050435363701","-0.509016627910569","3.49619539130203","-1.34691413163182","-0.71606607295604","-4.40526950316944","-3.59068571762533","-7.18855832481507","-2.0780315911857","1.1375464011628","5.11419316344278","1.12909483849951","-3.21212430450683","5.86589373345301","-2.86673395954443","3.71813148320527","1.07425733673402","3.38168264319781","1.55568019587483","-5.82031804768439","-1.09941111336403","4.46274583506159","-0.134325712488485","6.62664454102934","3.22771953038412","-1.11842275621282","-6.88761502954521","-4.63268596914147","-9.05255439392278","-4.0348389193737","-0.448993768906417","-5.18042854105921","2.42982683663348","0.165504015175066","-3.07941884697293","0.927773651715191","3.71823864076541","-6.79079346662755","-9.05181698961611","-0.732349662657955","3.55916625198133","-5.51908215313946","-1.15237606042852","5.44756825412954","-4.97951413815771","-2.22791555060807","1.4499636249606","-8.49404936520793","1.7194065168052","-0.450870275285119","-2.23515390204548","3.44745493464107","-5.1390952357576","2.98018456162278","2.86880847928136","0.692655643078831","-0.703343914254613","-7.55435890390235","4.79218541845284","0.205428327591899","0.841606059874742","-2.67171298582629","-1.60335538504476","6.32897496515761","-2.01348977744905","-9.66543664088743","0.801940091060259"
"Random_Index23_13_0274","-3.09564962122745","2.31930537155851","5.59164073037777","3.19828666046825","4.88198625616074","2.06028159137975","5.33825196405957","-13.0102549998797","-2.76109378591768","-0.360326010837909","-3.769980604054","-1.20079621123017","-0.646169971696249","7.10042513983082","-1.5704093580246","3.14400087980385","6.39578410369048","-4.75167505815004","0.296077586145042","0.912483621506186","-4.39526521878179","7.08095283962221","-2.19331161632674","0.173533527216343","2.26196841180219","1.1945318799661","0.429845057516786","-3.91818020476036","-0.576031778759553","-1.04039093345087","-3.94240806098541","-3.1763421399109","-4.11434208918846","-3.02696341525874","3.14270660346719","1.61123664876479","-4.22809880309275","-3.27683448867614","7.18418901482047","0.0643645637596402","3.4728940657019","1.36566068272773","-1.14355959171445","-3.64003409730542","0.185027550407254","0.964698680873019","5.19808903852035","3.44248681043355","-1.93008233650661","-0.62523146327637","3.67293279154737","-1.30896017884325","-0.721704541500895","-4.53922642777257","-3.53089974264904","-7.24186620756793","-2.33850213847912","1.19092685516671","5.28936577446562","1.25985445797717","-3.24400850435749","6.01469459984895","-2.9426555941967","3.81471992150943","1.02118380650199","3.51735824716567","1.59943494649431","-5.75447889678627","-0.912636958496345","4.59226802242895","-0.0398554808549821","6.79878299356678","3.36478695845308","-1.14386908550485","-6.87297629170259","-4.56115963943383","-9.15698676135499","-4.15363892803915","-0.495040636004576","-5.22168661306992","2.56619822118106","0.0962089716257303","-3.11290289549524","0.839698508943446","3.86339471979465","-6.75069288864189","-9.25087545430797","-0.843553327069044","3.6059574426219","-5.55806233427362","-1.17554442987118","5.50444450753898","-4.81495176985957","-2.36083020630136","1.3772000222116","-8.50372099039348","1.83057000296953","-0.507498711505855","-2.20305079221603","3.5337460744905","-5.19324450890169","3.01041291295028","2.91689534307636","0.65641977439006","-0.758215238338215","-7.58757033224017","4.8336273895315","0.196078061986872","0.85999492283243","-2.78189714866295","-1.6570721052401","6.38752608325558","-2.09180874853438","-9.78370834491712","0.755007746478574"
"Random_Index23_13_0275","-3.12269750560183","2.16344701709499","5.67164378903116","3.17782588826708","4.88395603908408","1.9794224839693","5.1434773304573","-12.8098275354975","-3.04982928803554","-0.424062835508857","-3.79973339004887","-1.28885338360224","-0.670537770662582","6.91096221163771","-1.46573232153978","3.16977914286155","6.29420423670307","-4.84476495983398","0.164455240113239","1.02023340964714","-4.23016498187395","6.86168948084714","-2.15967447224213","0.154328171071533","2.31785759475546","1.14588049662248","0.488635249951881","-3.8516095288403","-0.455376701196277","-1.17347768340091","-4.01712143207657","-3.18688476899989","-4.06647278012889","-3.03444257212859","3.03728760944192","1.66161690983204","-4.21343511102887","-3.12166065962234","6.99782062884511","-0.0214810933332862","3.36020937796055","1.25927703265299","-1.35258341827944","-3.70231387221716","0.150672444351422","1.02820974566702","5.15545643027717","3.33080086525779","-1.89236281048961","-0.594511129433054","3.54476933145672","-1.35375688853956","-0.789331458243206","-4.40450827529235","-3.52011033905755","-7.09727577693942","-2.02810223005614","1.02540509953731","5.15648803905974","1.22179774514923","-3.25630069529363","5.87472213795768","-3.00311159111674","3.68201575164495","1.08504388337134","3.35162671383665","1.58091724074607","-5.98373348752499","-1.21422431575661","4.40243171204447","-0.0453477138983989","6.65191208318959","3.20916617298281","-1.08417831263467","-6.77999925467086","-4.52022761625701","-8.92160277742534","-4.07511254538627","-0.47863494580623","-5.18749639614731","2.47695627667636","0.110275110582496","-3.13032426588688","0.895435749009166","3.77395284239681","-6.77367552149178","-9.0963769311886","-0.80534093458286","3.50609024868492","-5.38731007224437","-1.10377941171991","5.45768648950911","-4.9809131902756","-2.12675807305085","1.42830669537252","-8.33660266808914","1.74416138717716","-0.457250028299118","-2.24354090366106","3.40382503702166","-5.0915545880015","2.94213128831059","2.92273791206589","0.712829847490868","-0.693093854526346","-7.54521384876322","4.69281636626536","0.171966044530425","0.745808834894505","-2.80096178100953","-1.64208673983101","6.26658417019944","-2.01778596141779","-9.69975968630989","0.752004017530756"
"Random_Index23_13_0276","-3.35535457896248","2.37093272979722","5.78495256845827","3.33752596980397","5.05692301882168","1.79036326232405","5.12381940675272","-12.9515853672335","-3.0057405367098","-0.518725605355292","-4.0509326660751","-1.33677813383448","-0.700539105133115","7.21148291496488","-1.60127864508822","3.10711576022046","6.64111029888303","-4.81797034757789","0.0876521970328087","1.01856846597153","-4.18619827667923","7.10670323954762","-2.34926268249311","0.189678993245357","2.42646762877414","1.04896872981542","0.419434283466908","-4.02684587351718","-0.388871000859444","-1.19496789995933","-4.06424794036745","-3.26464303774011","-4.17736350394552","-3.01501956154884","3.19882402561382","1.42590256664862","-4.27904984537642","-3.08398400544034","7.23671673381906","-0.190651695297719","3.37029136112313","1.21553168310262","-1.39030343116361","-3.79406487531269","0.297351645950907","1.09569094475682","5.31637891043163","3.59187321177279","-2.10817435160941","-0.482871723835663","3.72402411863971","-1.51328242504112","-0.825269787611371","-4.50411573334802","-3.57580484739171","-7.23630272884102","-2.01038130196684","1.17246399938809","5.36725419351017","1.29150042302383","-3.36700599319882","6.13778127330089","-3.13060102862254","3.86992828681072","0.972969392985102","3.54561144069567","1.51440240634424","-5.94813490124662","-1.19402828660892","4.63973272573865","-0.0545286757264719","6.95689042287151","3.38267369747228","-1.14780117465243","-6.94189399431716","-4.66471728311348","-9.013040480034","-4.02371538392104","-0.596848505071771","-5.19554639974202","2.59107683693832","-0.00634479213798036","-3.26829627107839","0.871568137004845","3.91748862684057","-7.01508491735523","-9.25195267176822","-0.958077959545036","3.84033619433135","-5.41944569117741","-1.10168409165366","5.56635674735851","-4.88483948048906","-2.23662352183355","1.64094665659769","-8.46903917341653","1.76697423704094","-0.603927325293285","-2.15940859378852","3.54468375621771","-5.33775722956417","3.03346135552606","3.03509853236441","0.541785580379059","-0.799568081161023","-7.55475716283379","4.94216221360988","0.136542637785699","0.860669009858729","-3.05663896541739","-1.46617704516929","6.47978046679528","-2.14208910700895","-9.8880462360464","0.654206622154389"
"Random_Index23_13_0277","-3.13986606222008","2.25878267921354","5.63717923090069","3.30547899890125","5.0213623372792","2.07490765742223","5.26168898619754","-12.8384838234327","-2.87088498362116","-0.485680232843008","-3.88582377725607","-1.44134072501803","-0.726613921208349","7.04150683871986","-1.58221298116734","3.05466583276947","6.41724431061674","-4.71411945751003","0.0900282747858679","0.869494526950056","-4.38925456741082","6.97106765535642","-2.16882572359264","0.0460828809168948","2.40389553495612","0.963188372008188","0.406604295858099","-3.96476745067528","-0.559765302582871","-1.24322373351072","-3.85578886143595","-3.2796489273188","-4.1361669746441","-2.98399988379073","3.17329666012019","1.6157171554272","-4.19763740185565","-3.11460342889166","7.21493130480964","-0.0271677733678248","3.49824487020279","1.25288014065634","-1.37861214529499","-3.74512994683741","0.260923927256575","1.08699457941662","5.23283318109255","3.44883094755223","-1.88791892193625","-0.452155304991868","3.6202383936022","-1.56270263156661","-0.879206575660857","-4.72077507815776","-3.64675866899397","-7.31230523818022","-2.00244730564275","1.14404126198328","5.26312776003365","1.17393214845914","-3.21856195456106","6.00410243774649","-2.87745887807279","3.78435118225636","0.9249576834427","3.43810229658032","1.47950532174338","-5.84390627781455","-1.05586754788582","4.52708126586788","0.0230667794465923","6.70744295627748","3.35370513154865","-1.07054706116285","-6.84151190343517","-4.67644176772365","-9.06509964739897","-3.84474302363697","-0.528883284029788","-5.17002246667711","2.62992101710266","0.224160820912804","-2.96929171187226","0.976435518945033","3.89455107182636","-6.78086380804438","-9.42979917921794","-1.0133412691634","3.67864121509813","-5.58705629598119","-1.05784758676695","5.41779266295248","-4.94485977052461","-2.19727150238379","1.39083779677025","-8.52160929506713","1.64532811502023","-0.497250108814534","-2.28874954825762","3.48238840662689","-5.11551876568912","2.92182611335338","3.00410631015695","0.685498959303292","-0.804688061195863","-7.76460481579295","4.79793629633551","0.1800031209343","0.846115449030116","-2.84506365599938","-1.46724559929534","6.42305577899421","-2.05756342691232","-9.85309599760461","0.924763920133756"
"Random_Index23_13_0278","-3.12396913386219","2.19555678971682","5.55999987529951","3.09794378202406","4.79141305262266","2.16361267771384","5.24916227637715","-12.9048273769238","-2.67691497379818","-0.243343431539646","-3.69748927592543","-1.18418120222517","-0.564146994576805","6.81513775982945","-1.47007620274026","2.88034512709349","6.2776065517199","-4.62415850784312","0.310781265762732","0.783491609313691","-4.28477456560097","6.75009691533945","-2.01383327730315","-0.0507757604365285","2.33914680627922","1.09065078711844","0.321251604354597","-3.75849058997656","-0.672240699945569","-0.954933185935369","-3.72440788129286","-3.0582928989051","-3.98942073333152","-2.93725373479644","3.07369243256591","1.64084050434651","-4.09199074468359","-3.0305724897745","6.89152007968868","0.0504288528644827","3.29050662477349","1.43099007162593","-1.2895157349593","-3.55951510410702","0.0377483663237687","0.922380070454328","5.07677682604369","3.29405621739586","-1.89044506843334","-0.676052873203646","3.4596934534796","-1.33109502367346","-0.628824265288049","-4.7805170033161","-3.55108084190869","-7.15483344490956","-2.23833706487731","1.05460207887156","5.11687179997152","1.19175477593596","-3.15202503980512","5.84155827634678","-2.89679885156945","3.64736970462674","1.09873395237266","3.33232620922898","1.63839743015235","-5.70602371942899","-1.05543741531199","4.29127493721685","-0.179148708763915","6.51449779294741","3.20253817703299","-1.1533670125518","-6.70672807616589","-4.5131269611058","-8.89285760152851","-3.90778728828383","-0.500508283326199","-5.09601615181185","2.38091180974994","0.18149793841835","-3.08305678361915","0.73657804597346","3.62175372741897","-6.65362050432532","-9.14766386441356","-0.777267583624841","3.53070450387149","-5.61123780485489","-1.17441033535546","5.20286110213138","-4.86034358663456","-2.22477525273169","1.30625573431403","-8.29733516507463","1.58354200107216","-0.286532773345648","-2.21522166997537","3.37815631262802","-4.96633959470266","2.87507480497704","2.82180148579562","0.775729559710338","-0.70887594374598","-7.53704013220064","4.68009729186143","0.271615827480273","0.845398951582637","-2.75712995790982","-1.60467607699302","6.25952384911669","-1.91882985076167","-9.64524071810145","0.881097142268514"
"Random_Index23_13_0279","-3.14393823829976","2.1475203118877","5.59563108363983","3.1642849831408","4.83405747482968","2.08555945889136","5.26705821727763","-12.9331768898118","-2.82829214835042","-0.333350213056018","-3.81530793596307","-1.18980349946204","-0.603213808292215","6.88813434448844","-1.49917765631361","3.08679789735169","6.40346615840286","-4.67392489701104","0.180804311471825","0.877253526966605","-4.30007299199101","6.79962634278838","-2.06310812160532","0.0619664401336831","2.34368592962444","1.24125321080765","0.382393958369978","-3.76358687429578","-0.537771626964165","-0.997051564679417","-3.82702647946242","-3.08668449523997","-4.06399317417552","-3.04730382714404","3.15297202916557","1.56310042232258","-4.26549640603127","-3.10184818859473","6.99939582675882","0.147054658424888","3.30402992220155","1.42195881575077","-1.20801298039837","-3.52327323413646","0.038541392575822","1.05561384586371","5.10398662721303","3.37465523495484","-1.98312135110634","-0.534861922353497","3.49286594949014","-1.32839862944293","-0.739027706500173","-4.40077194580723","-3.57321606084458","-7.29814147592601","-2.17297354693055","1.16783180083401","5.1072466509162","1.24577463681154","-3.11923583994928","5.83811618435193","-2.83033888645316","3.62026779611367","1.14115510487533","3.40686533185068","1.57802905369072","-5.97604400098146","-1.02616744799685","4.4455361654688","-0.156255067697189","6.58360886942642","3.20800651969899","-0.979951154152229","-6.91152548441382","-4.52721903645522","-8.96378363509022","-4.05231546904297","-0.364988601973939","-5.239952767708","2.42367320718421","0.100371603283965","-3.07112279690768","0.836836808091502","3.6552624286045","-6.73471101208889","-9.18076557638361","-0.814313016969054","3.49523461070946","-5.55056274531028","-1.15174563108894","5.37930021965257","-4.9041857586665","-2.17470552767019","1.43339175194331","-8.50270877786452","1.63725564751052","-0.374366122345409","-2.25204753554939","3.50416170481263","-5.07039638905527","2.96382634249859","2.81504017481816","0.780538110314724","-0.606488570058695","-7.596760574497","4.63532702171326","0.236694614814798","0.742436085664898","-2.767293299413","-1.6799658110579","6.27672306081599","-1.99857434806243","-9.68806928749432","0.816850458109817"
"Random_Index23_13_0280","-3.07066618607104","2.12770075484564","5.48767827197448","3.0809492122885","4.73764836237913","2.1734100911468","5.20916031883572","-12.9031614496691","-2.76505790571976","-0.144395581633332","-3.611425355323","-1.07190185411273","-0.502691548172755","6.91032036713229","-1.23669346005321","3.11147322539811","6.32981682389071","-4.62137128404309","0.348769173186848","0.83717069474573","-4.41873976758742","6.84436113796554","-1.88386182044316","0.0162968273371993","2.14891206563241","1.20596775162999","0.419112774232862","-3.63393521655161","-0.651864427343351","-0.911921443528791","-3.76221077738786","-2.99507799058275","-3.94541254438785","-3.07546200196338","3.15446341223051","1.86834258242429","-4.32066281915421","-3.23058833328493","6.99568913497197","0.231732812392816","3.21896986508524","1.58362049291168","-1.16799461373576","-3.43200737832782","-0.0368254711603622","1.04868536242796","5.02352857264897","3.27930061899372","-1.81160994529727","-0.727061925049428","3.3494996787107","-1.26060589932937","-0.64657527652078","-4.38929412654227","-3.56857033881996","-7.12911449113917","-2.22079201132079","1.2064737237425","5.03194158380343","1.14511238524608","-3.16205832537976","5.76520132854564","-2.82430596358406","3.57844845753098","1.24963580691456","3.3971931545652","1.70258146392607","-5.72421596145281","-1.0489190432944","4.4229176548652","-0.138387770205275","6.58363707837962","3.14643924939054","-1.02620957898074","-6.81499460641944","-4.46443424687238","-9.06411833668278","-4.09362986357059","-0.297952322570984","-5.32680171244927","2.31652205571396","0.30584894364151","-3.05075729081128","0.731749328133146","3.66826073874164","-6.69307764659518","-9.11126304547738","-0.654032423837246","3.42545222512833","-5.52701817573068","-1.29972969822539","5.38602432271358","-5.09182908312515","-2.3248390135812","1.33683151670835","-8.40439815803817","1.60159471165638","-0.229159636196058","-2.30684564595828","3.5057293404336","-4.99860484500052","2.90758023806965","2.78693095045012","0.974241747078144","-0.533682738812058","-7.68093476653239","4.59666480995178","0.427695041822458","0.641903153167959","-2.65044138465851","-1.76788737045093","6.21777189159083","-1.86640408428718","-9.61143639410122","0.949402410915437"
"Random_Index23_13_0281","-3.1364219929729","2.236267894947","5.70159473613517","3.23894419344011","4.91831571105965","1.97148535560682","5.22306646916666","-12.8624370597186","-2.89139331170428","-0.344846398469524","-3.79780952179192","-1.24115290096752","-0.634711833224818","6.98129538514455","-1.43524586034598","3.10423819777493","6.2642389426017","-4.74544458365914","0.192043686205297","0.933622488841683","-4.28090974087695","6.89473069071172","-2.12971957832556","0.119840031445074","2.39494141700722","1.15564747972807","0.454167847598251","-3.83039791500617","-0.543816685426659","-1.07104762356797","-3.98071987305258","-3.15500412951319","-4.07292815207366","-2.96024339089199","2.97482306802225","1.67684729043361","-4.20082463148325","-3.14203353754733","6.9991375351208","0.0117898744786447","3.42555560845501","1.35621423688825","-1.29275715638183","-3.62152431990926","0.178366185092763","0.937712218321497","5.1974464049558","3.33471710232299","-1.96884645290599","-0.585581739573385","3.62072030485983","-1.40117136845808","-0.816116091383545","-4.45522758217877","-3.55381596011634","-7.20101973393162","-2.11395608007122","0.962087773492695","5.23742405296627","1.23057791816647","-3.30563567290123","5.97148926061541","-2.94148888417802","3.77405023936579","1.03468018071607","3.30085609656544","1.59833544948083","-5.84027857440288","-1.12580369359889","4.47752368996004","-0.154787274043458","6.62427503435257","3.24523115481342","-1.00356486498464","-6.8663453316726","-4.51931462648213","-9.02251700353732","-4.00893768915881","-0.438878098772973","-5.19285583388626","2.46306660539345","0.125811915068686","-3.12570078102475","0.905714208244272","3.79044468629022","-6.74661407151752","-9.20622599667717","-0.859491594639981","3.59113075249897","-5.55155754844844","-1.1041803847387","5.39462598470694","-4.94055686407225","-2.30367078673101","1.49671802987385","-8.37261641628148","1.75168249775769","-0.425532641535141","-2.21730622973767","3.32287440086484","-5.1496966086437","2.85353163142701","2.93550588993382","0.703610626685046","-0.750388223670068","-7.6019662328266","4.79944848261427","0.234851097390323","0.945228504588994","-2.74025955244683","-1.57952205975541","6.31358373187146","-1.98554003110244","-9.71593032803168","0.774873500497399"
"Random_Index23_13_0282","-3.14570184938685","2.07239600142119","5.52353400591513","3.16142658786777","4.74083240015851","2.05193224494558","5.14694016742905","-12.8140199280263","-2.79244154023981","-0.260596698331828","-3.6673799106945","-1.19389976891016","-0.618730327183933","6.84753832461735","-1.3885275936891","3.0548112126335","6.21860040329325","-4.68634727899701","0.270310043695877","0.817790889828712","-4.39345067906173","6.80543028009712","-2.07320902567611","-0.0211057959800974","2.38230348072431","1.10513976494995","0.381581937391925","-3.70772940834765","-0.672287822669412","-0.935013337689238","-3.76565034132522","-3.06155277511626","-4.08081428512803","-3.10841794836835","3.05168103987703","1.7258741761522","-4.20874124077487","-3.09950046208497","6.96077650133001","0.113396633567917","3.29593480507785","1.36904356561035","-1.22021763574092","-3.55107084846478","0.17396203778576","1.04308845511269","4.99736848494203","3.34809182798805","-1.81696159587776","-0.573193888829988","3.47836942342802","-1.29691412436788","-0.754403084567873","-4.42534868037998","-3.63535067936586","-7.25383641806774","-2.14819868324384","1.04724349925571","5.04501975385477","1.11435503197837","-3.1919243055508","5.79403723112407","-2.78202314585524","3.66280502104665","1.11596748519995","3.32699294917691","1.57796248877233","-5.83446626869985","-1.09907963836357","4.36870956358339","-0.235885921868617","6.50232701202408","3.15070553998723","-0.922121295329178","-6.76106365868691","-4.45360806965213","-8.87782814936495","-4.01680303316529","-0.420191379228777","-5.11411344876623","2.45418880493932","0.161783967818855","-3.00040832728869","0.817280091510234","3.70726921428029","-6.7275771832461","-9.12114150828172","-0.752466817345161","3.50156990089506","-5.53602650154559","-1.0722572316878","5.30255414732313","-4.95383497250776","-2.26954232350093","1.337239653638","-8.47039988038035","1.58822342971469","-0.366222989495603","-2.35709900081182","3.34763294431143","-5.00540221632922","2.86627654488369","2.88544131166844","0.804658904721299","-0.697573315613384","-7.56331353515091","4.72885170675483","0.237246754954882","0.809134730546838","-2.69768632166325","-1.6563478897247","6.27298362708228","-1.97583375212582","-9.52503207774745","0.853566058191391"
"Random_Index23_13_0283","-3.14472103463433","2.15180626923307","5.59398468991218","3.14851771080195","4.87114461643313","2.08098365780195","5.15015555835841","-12.9162006892171","-2.83736155099538","-0.240583595828","-3.71483225587132","-1.18766927268319","-0.542792818513444","6.98644590727478","-1.41219044735603","3.0985456256992","6.2798908728512","-4.6376519383001","0.217472011835517","0.896416383912864","-4.41077203234632","6.87893747540021","-2.01512799893272","0.0902518296395055","2.31728575962588","1.14973175245072","0.301397164066855","-3.75730484714763","-0.573439788814013","-1.01883524209615","-3.87880382868537","-3.15272362447478","-4.10735952092817","-3.00625312372157","3.10112047486302","1.75101751053684","-4.27860981476778","-3.1944227953665","7.02597887360221","0.110619065044088","3.35871660096909","1.41452663826632","-1.20555286092882","-3.5444307572238","0.13305105080348","1.03989942572735","5.19263689285504","3.30466249952155","-1.91533353399087","-0.600546978757239","3.47087128447265","-1.29475778973846","-0.727791872335804","-4.46209441751221","-3.54184862502689","-7.15858900742839","-2.12602055462038","1.1798342719967","5.10351583138007","1.20882757562669","-3.20359418521194","5.87123890906329","-2.92335156559581","3.66315246888177","1.11748072903868","3.32731487120003","1.65696983579574","-5.85324965272866","-1.10805543526226","4.42480793436399","-0.0754303277692927","6.60477761119285","3.27762666443056","-1.10059411704497","-6.91332479610929","-4.52750425324869","-9.07411333256286","-4.05051037343264","-0.455774200112425","-5.26231486421937","2.42483078431495","0.214402493123788","-3.06017051495429","0.830630153715323","3.66832476230308","-6.79346618767005","-9.15732709142038","-0.704764186111866","3.44755668733892","-5.570005023347","-1.1460897949826","5.3838291361638","-4.99588719541877","-2.18842065373046","1.41289886404661","-8.54349341577382","1.74255562341682","-0.371827248527706","-2.30656972831903","3.50064620247389","-5.0918393225373","2.93605673992158","2.8168826642292","0.73377292745789","-0.658925962203805","-7.61156835178275","4.73993810207801","0.284609741771017","0.904466209367058","-2.69600044602289","-1.69391139501234","6.25012065696802","-2.05673473935016","-9.67900040243483","0.81002778361857"
"Random_Index23_13_0284","-3.135911894436","2.19221834814012","5.63110491108324","3.24939422026281","4.79786427268346","2.05701535126803","5.20011996352274","-13.1684540765304","-2.80052758413825","-0.311454878463773","-3.80604745972888","-1.25006159063345","-0.59939692401592","6.85958376190136","-1.43112034331306","3.00260097035201","6.30841465720055","-4.75263575910459","0.229778250735265","0.766602483466063","-4.3188303160305","6.84429773291082","-2.14092159735332","-0.0642385401958203","2.46678402616719","1.04758641034954","0.295672752957291","-3.85273216780079","-0.615621774552626","-1.07590768724991","-3.87612966268071","-3.16448926552134","-4.21520233053947","-3.02047323031679","3.10479138111524","1.63410987731649","-4.14646688885414","-3.12235088441886","6.95088068540446","0.0736409270198034","3.38256569896703","1.32857521127207","-1.39831589572225","-3.58196435322917","0.106382481967282","0.998638676879902","5.16928750380451","3.43302931692323","-2.05735682225155","-0.510876796093917","3.51938349678619","-1.45726129529864","-0.856302558546374","-4.54206004488568","-3.72471661251189","-7.12811563433878","-2.29708252430201","1.12288797189261","5.20666051470957","1.20172087350413","-3.21535087989987","5.93536521603583","-2.76117481021977","3.75895156549987","0.975312116303057","3.37892552654516","1.51228632899252","-5.78663446137914","-1.18562067807215","4.38451889574884","-0.202300439927957","6.63288338489836","3.21956334338541","-1.10331831974256","-6.81015336608364","-4.438817744718","-8.99778452494334","-3.99620634282871","-0.418799280261804","-5.09110842817576","2.56926742950601","0.153943431682239","-2.96856719013717","0.820644212156702","3.75984084387201","-6.73241869504345","-9.34664714719086","-0.843002962428987","3.55563401010173","-5.6179747959665","-1.0163988848873","5.26102748178341","-4.95984958199","-2.22324096174425","1.35114221682063","-8.43483547738525","1.61767585891618","-0.341587948362404","-2.39910953885622","3.42664185244557","-5.05221573459234","2.97506356978477","2.97052206179052","0.74100961634256","-0.744091686376502","-7.59631015481434","4.82209926303061","0.28182446047605","0.920597159019302","-2.81541200001433","-1.61661202817659","6.41207692587202","-1.97563389707006","-9.72630837633845","0.880261034105913"
"Random_Index23_13_0285","-2.94247281074453","2.17162226195887","5.54742922395245","3.22097114560697","4.87096545976759","2.00256307057525","5.24825210651302","-13.0282889549816","-2.84035168204672","-0.282679007950518","-3.74317187220632","-1.14594851837897","-0.61563292430429","6.96907328749177","-1.42642517692685","3.06674858773842","6.42875833852358","-4.67102777669107","0.229493658459554","0.858341144168979","-4.21286174141447","6.9263746844074","-2.11525323489446","0.0894953221604028","2.27186177132219","1.10950361970647","0.2910078936516","-3.76786898053325","-0.547773944463031","-1.00944427934753","-3.89213351197336","-3.06739668101657","-4.07414267233815","-2.94068651021124","3.15921205371195","1.64519467001518","-4.23631590082461","-3.17404116232248","7.02249685714814","-0.0609922893779678","3.31688403584758","1.36281875869541","-1.07150975129584","-3.48059744992833","0.00572641827669605","0.940362542080831","5.12238371596613","3.30389762072799","-1.93711960347568","-0.656838358248645","3.47691913266786","-1.42612456611696","-0.728778841866041","-4.63377130999571","-3.55588368383553","-7.11869065873462","-2.19459241945169","1.12578173844087","5.12683395853958","1.19956237150025","-3.31224314471923","5.89393962687389","-2.96387457793995","3.66648264928629","1.14017626238158","3.39655080381132","1.45502178790543","-5.63223582919302","-0.904301601659873","4.46520040293287","-0.144906587329449","6.71903647682699","3.24582858662574","-1.17760864118645","-6.89250162780928","-4.51160378581381","-8.91821315162901","-4.03322567458791","-0.582088031860906","-5.18149723375902","2.46265021209202","0.101562352690816","-3.18726875423237","0.708384924947667","3.6571405841757","-6.62755068081826","-9.3723693688481","-0.772944620365158","3.51971598962801","-5.58091657971945","-1.25430489924572","5.31164360204088","-4.91336794832139","-2.50171064777032","1.36240487370698","-8.47067836482157","1.68645125014277","-0.414356632164719","-2.28401918500886","3.47423617942378","-5.04104349700806","2.9651629078237","2.93558716166937","0.688242650398317","-0.609062215065789","-7.54246624376991","4.7132956966659","0.196229667266166","0.948179289692515","-2.84732040655993","-1.69599071212493","6.26561110861594","-1.91151215341938","-9.66291930954312","0.79091587884813"
"Random_Index23_13_0286","-3.11658074278741","2.10681800638433","5.58976866244635","3.16025074936188","4.7642706757861","2.15147144843723","5.25059278899144","-13.0298912726951","-2.85593100106328","-0.294054236826524","-3.73810039098642","-1.22580659097316","-0.62969871969844","6.88772899212517","-1.46032757403721","3.07339432942587","6.33914335914006","-4.62717674536642","0.29117232339603","0.757164025414833","-4.41592864902211","6.90391610226495","-2.00821026390082","-0.062982120478954","2.26116747121943","1.17279126691689","0.344770420237666","-3.78427404422033","-0.604216875928184","-0.98180883278544","-3.82770616227071","-3.10585010300114","-4.02481976010614","-3.02851315155033","3.18761417034988","1.65188106046765","-4.20302151500575","-3.11173397600374","6.9187205108441","0.161217361106316","3.29308399862179","1.43919987470864","-1.20307523953594","-3.54606236366972","0.0599960222655248","1.0981338182552","5.07697238984764","3.30811746723983","-1.87548842156993","-0.600642226806388","3.47628125966979","-1.40456463519882","-0.729759128648662","-4.54630393455502","-3.61358957201278","-7.21660290058116","-2.17887665160052","1.202264109067","5.10248720152861","1.18439432259513","-3.08459071888562","5.87793663697886","-2.92664105481372","3.66161754060661","1.15371019549339","3.36507257273063","1.68139173854093","-5.87124046444884","-1.06832690361323","4.42518799780093","-0.163516535740151","6.58422325168897","3.20886081600617","-1.04344896875029","-6.86344807363593","-4.59631025065391","-9.07603683620879","-4.05328237280343","-0.357445936042691","-5.21137939398676","2.41999209479647","0.287211041643434","-3.07542146688529","0.730261079993414","3.7416016387216","-6.77044180511726","-9.23293526195372","-0.716914929738152","3.45778459623317","-5.59372014853842","-1.17881319527721","5.33615991092348","-4.98249656589933","-2.22031684253269","1.34310800047768","-8.41969801479216","1.55417695548886","-0.367025162472597","-2.26356178190533","3.52354489318293","-5.06098314388838","2.9652610680324","2.82094944219766","0.783270834288713","-0.689427652457684","-7.67917043000824","4.73737611295357","0.247978026672034","0.804445562051811","-2.79447891243005","-1.64160119622628","6.293755551092","-1.98258997822564","-9.72230707311027","0.975084222223172"
"Random_Index23_13_0287","-2.99868577115478","2.10892038451471","5.552125785809","3.11249228080441","4.892800759058","2.16845704887761","5.1484036301374","-12.9322207931151","-2.81940360355761","-0.190614440200524","-3.66614366162513","-1.11511978492656","-0.550129549139919","6.88712699112061","-1.47716759478122","3.09340981056004","6.23258269087557","-4.55262067223211","0.343529485016713","0.895944199680972","-4.48023479663221","6.89132532120369","-1.95699708900085","0.159473146263763","2.28344158127839","1.26536251898558","0.34967815787558","-3.67594534464589","-0.605889200354438","-0.92907578126244","-3.92229671706771","-3.05952299942776","-4.00272851852333","-3.0973224329662","3.04008251216748","1.81274035013181","-4.29793604764115","-3.27774553927156","7.00946845679485","0.212856292662833","3.33932533151079","1.47154544140109","-1.26526970301792","-3.5687026889827","-0.00682796734965121","0.89074810058863","5.10660541693195","3.30265558090566","-1.85539801666327","-0.670729186399243","3.5496971401649","-1.2557669011221","-0.668262003470136","-4.41506653540395","-3.63231446145824","-7.2648970056111","-2.19505706690194","1.01985279784769","5.11186215910481","1.14674584436524","-3.0882571842513","5.88309529873055","-2.8788197972864","3.67533646252283","1.2225483437956","3.25493308805478","1.69958179459061","-5.8262187226395","-1.04354825978843","4.3804555134917","-0.131290483029561","6.57162379890379","3.11496009575689","-1.08146410959618","-6.92684673188207","-4.46627165777599","-9.06796448831071","-4.16328169882982","-0.404524942627871","-5.16627898349675","2.422299077895","0.238805131879909","-2.99831430053319","0.798725323410424","3.69543537014776","-6.78700288881834","-9.18852735533578","-0.715614132377133","3.43076833052136","-5.62815163539774","-1.15547466151007","5.34402946822075","-5.07148195730517","-2.428219388208","1.38385866930422","-8.54907840995545","1.65588969839084","-0.279635149697622","-2.44063336666979","3.41302321080147","-5.07119556921876","2.89319977156561","2.8708487884902","0.878685039913171","-0.610066727860137","-7.77247935819945","4.62786657274795","0.333588792550043","0.807928171510667","-2.6303573396239","-1.69904551049732","6.20881177975952","-1.99140424063139","-9.65465646076464","0.928252528833083"
"Random_Index23_13_0288","-3.23578928948334","2.21014098416448","5.59708069542923","3.20653579169637","4.97070031567842","2.09351951193252","5.22490552523553","-12.9911507973628","-2.83625491538398","-0.318622095192043","-3.76917850574597","-1.25660879535927","-0.632643144972113","6.98824472664512","-1.4538307207368","3.04188826266941","6.49512143125381","-4.68173685013699","0.183379156509664","0.869978164839534","-4.35034645189305","6.95883606238062","-2.04316831968695","0.0951296266250385","2.34077471293939","1.09009006532679","0.352570124208814","-3.79487267385097","-0.546569810116687","-1.05247063333492","-3.86411166069273","-3.17719656284137","-4.12131315376097","-2.98157012986057","3.24308446644502","1.64083050443669","-4.23181859016824","-3.14325781755611","7.11045372045048","0.0437306290054741","3.36063921094972","1.32918189864096","-1.26405383060556","-3.63274223885079","0.14040943548655","1.18854538328877","5.1546517527257","3.40603677656076","-1.87318373432755","-0.554296883697447","3.51962242220907","-1.38443452309701","-0.793951320648731","-4.52501694579523","-3.58525157089326","-7.21683599070355","-2.13371832180881","1.22350489730123","5.18394233334317","1.16638485008696","-3.15859374854601","5.94573030654062","-2.79289999478437","3.74739950467715","1.02360830806072","3.55700303752124","1.53605697497238","-5.81369143359994","-1.05729723376746","4.47409847973757","-0.140600027462246","6.71680779708822","3.32031956943515","-1.00899444776408","-6.90153466512666","-4.59200403767526","-9.00580877600447","-4.00569558147778","-0.391096871057952","-5.23400264595666","2.49980770985812","0.190075688656897","-2.9810768134993","0.858330550182918","3.78204942283325","-6.72669091366725","-9.25500039874928","-0.834846498320602","3.56132531283343","-5.51865597675506","-1.10988196124101","5.41924605349082","-4.9483372359312","-2.2988332191635","1.38373383864649","-8.53303252343421","1.70378411760258","-0.431063388765042","-2.33850285250608","3.52932948606044","-5.08294723919779","3.02338566551925","2.94447226226081","0.75952226653839","-0.686409587480567","-7.60977547038679","4.83318496098738","0.262699052874184","0.819141774074083","-2.78413594533509","-1.58804169898586","6.37371846474232","-2.02954630479416","-9.66683287582606","0.83835962234082"
"Random_Index23_13_0289","-3.27217472461471","2.0538011869376","5.50705865641447","2.96854510248616","4.86374494666414","2.01936175683954","5.26176505294418","-12.867715731527","-2.70567986949706","-0.246916844498658","-3.75653036450633","-1.10200104468038","-0.577510794873422","6.86298832787213","-1.40661184904823","2.96478234188118","6.27005943773624","-4.78513546683367","0.340432796945718","0.878903472484264","-4.21916667968933","6.75205112893283","-2.12464903121939","0.0871927998670765","2.20266201829938","1.21318868796693","0.527084019178165","-3.88031838113563","-0.555745238469951","-1.01209377826604","-3.79232376914453","-3.03537230843632","-3.86374502422697","-2.89025184161276","3.12484736680426","1.77833723696734","-4.23023325349616","-3.18058844817775","6.85353500515903","0.0855830309404796","3.20112681790126","1.40570291382617","-1.35553567810704","-3.683336776258","0.00311397704264061","1.09247571316779","5.10184612980119","3.26284650188151","-1.81856105321604","-0.642432524097105","3.48881530517754","-1.29608887670543","-0.590016303724734","-4.49926222516077","-3.4230613347832","-7.12032827719914","-2.07098386843934","1.11657985347186","5.10638282888682","1.39244781581816","-3.20982252023563","5.82400144570502","-2.97696760448874","3.628982855743","1.10272631493953","3.3894973247602","1.86461553589909","-5.71344972551609","-1.23181333268789","4.34452176434078","-0.0638900746500054","6.54047793681271","3.11444064361633","-1.07288281835173","-6.84957256060854","-4.43932619532252","-9.00778590085969","-3.9351973147365","-0.43354196201475","-5.23405594792236","2.28295119338503","0.17561049413058","-3.16015695996406","0.673382188854822","3.6060658641717","-6.75452074037379","-9.04640628698284","-0.678829370111887","3.50466183095302","-5.62181023699349","-1.25570761760765","5.39227549443726","-4.96528170732637","-2.32020798547697","1.34076743209137","-8.39822824445124","1.70620013517215","-0.323186455785468","-2.06435889736683","3.44299306790736","-5.09960857104894","2.83548406754755","2.70226581645542","0.771573651743755","-0.651090425296431","-7.56863961443584","4.6713588451816","0.187764002217752","0.819889346181786","-2.72505791079304","-1.65400308679478","6.206809810217","-1.92054471153554","-9.77653806072315","0.726198171642509"
"Random_Index23_13_0290","-3.17865387952447","2.18959910668714","5.59409214064456","3.16851971645917","4.86845516190838","2.03426006267493","5.16107403054247","-12.9321940756548","-2.8689162053777","-0.347182820732112","-3.76438928805658","-1.19547678179039","-0.611093427079234","6.93023072021614","-1.47017454399962","3.00416801644526","6.30680598798149","-4.76158968317109","0.234291340212477","0.814567433377871","-4.30446318212084","6.86623609354592","-2.11739533804123","0.0622799390218782","2.32430560297426","1.09862019322364","0.331072889760522","-3.81618204337351","-0.529548157756934","-1.05350142470675","-3.87584248319729","-3.07346899153436","-4.05642791953392","-2.99042874094059","3.09610612023","1.65469559506428","-4.19937185633948","-3.13423257280862","6.96149990600867","-0.0506821182986842","3.31033178498849","1.32139912369516","-1.29039262532567","-3.63848790530921","0.170673556269359","0.970229796244188","5.1212367758484","3.31752582641729","-1.93233320758984","-0.578680125908009","3.51223807207885","-1.38066054725459","-0.729467803369499","-4.52258487038721","-3.55289688026251","-7.1862230653813","-2.15121272265925","1.17443930148902","5.10095130866261","1.07725429565555","-3.1947296445888","5.83543370633982","-2.81233786164669","3.74230026428084","1.01361950855752","3.4236172741923","1.54035527599573","-5.79973666272949","-1.0380220358594","4.42681633421911","-0.155497071663841","6.63201624252948","3.26030183304489","-1.10307585398158","-6.82705356516027","-4.52404681804902","-9.00848054068248","-3.96198834110213","-0.529608762749054","-5.14273790539862","2.50301233413044","0.0989012035190509","-3.07600536571298","0.72086002005575","3.76730471191038","-6.70606182657407","-9.2473915231703","-0.821218022796564","3.54826441094682","-5.68860753605868","-1.09639719928512","5.34063116139164","-4.89574642898383","-2.29465750844897","1.35776083934651","-8.45920437268651","1.69896326888971","-0.438434354190379","-2.25672095910703","3.46935854528219","-5.04098233482563","2.91317476289807","2.91425605778168","0.694615023467587","-0.825509193957582","-7.59950387824121","4.7523111519367","0.215792866056156","0.779215504547025","-2.81168287035345","-1.53534006837695","6.31655582176879","-2.01293518702455","-9.6198664865961","0.78027869461212"
"Random_Index23_13_0291","-3.21572171861494","2.15598003771329","5.57889946857447","3.19945517623437","4.78816659777859","2.06698471107178","5.22909354146731","-12.9484698518349","-2.77821007620615","-0.33886849412813","-3.77878569819202","-1.2596157980871","-0.640401168877172","6.90962972791394","-1.56607906713432","3.01323212277662","6.42668319895593","-4.67290596431109","0.179250856328276","0.871041230928382","-4.31626637045904","6.89787692450149","-2.07341781928809","0.112047428980438","2.29010449623122","1.1247958314163","0.348373977718044","-3.84296589565486","-0.56437565408599","-1.040418287565","-3.91066887409407","-3.16409156763156","-4.09782330751149","-2.98746708955491","3.16174850379047","1.64025637298692","-4.28319999235907","-3.14860851574659","7.00994910296634","0.0241718454409465","3.33461587769726","1.33659420528444","-1.27066849891945","-3.63262212995151","0.0779281946455429","1.04422944504815","5.14598138430538","3.42232724503893","-1.79426125149892","-0.532115043120853","3.49598582665838","-1.40071211776483","-0.728873063607516","-4.54920054032246","-3.57808380397441","-7.16308584655657","-2.12011699254189","1.15316304048037","5.20911989198478","1.19782563768009","-3.24257152491555","5.86326511765249","-2.94860565796388","3.7018082534075","1.03778864165068","3.44168979162731","1.63497336288613","-5.81658650236506","-1.17640159592191","4.4314154793342","-0.196871737412974","6.7190927186718","3.22513317240563","-1.0281437448649","-6.87186251842988","-4.54234010018445","-9.12705491159767","-3.96990303401419","-0.409176452533791","-5.2566524353691","2.48200485095542","0.108168208277724","-3.18607203274649","0.818610680161482","3.75253790347476","-6.7770846878032","-9.30543665800932","-0.836531392930601","3.62438696494689","-5.50313734660485","-1.17084126807434","5.39091444562604","-4.94796148170842","-2.26777938220866","1.46276614217127","-8.43622381814766","1.65395377451935","-0.438708152041144","-2.21117086078656","3.49451923476874","-5.08298465163107","2.93276303616699","2.91265995772899","0.724038298733436","-0.712275221271454","-7.52323260493596","4.77688782604438","0.216567630130297","0.758964081734245","-2.7048519765172","-1.62479387648721","6.33262680181479","-1.96127746739138","-9.74046963820019","0.810149421053633"
"Random_Index23_13_0292","-3.23925716750528","2.14934052639188","5.50873827861547","3.07659954671581","4.79775282386917","2.10951193988824","5.00528560626567","-12.9743658797059","-2.737013205605","-0.274009662605527","-3.64566966971647","-1.06388833966925","-0.539754664795736","6.84306875264324","-1.35164381857647","2.92134328036351","6.31007886237068","-4.5161993085302","0.298100133279509","0.745375163358016","-4.38771544187559","6.87264078059891","-2.02498062418534","0.0281864213285295","2.28369825296585","1.18080368893929","0.339439640073793","-3.6894583340836","-0.598921247151817","-0.93281360290899","-3.76167890669681","-3.10103590026133","-4.00061427152845","-2.98343803121864","3.15638760841766","1.62079584002777","-4.21511299143618","-3.26658823024141","6.94028397930299","0.115496093132165","3.26551540045524","1.37591517414242","-1.13371224440675","-3.59801627772833","0.0188500730419537","0.999251656656218","5.05838886696885","3.36343108826248","-1.93176428577489","-0.619973227416455","3.51001865951145","-1.29382135333338","-0.72011997497682","-4.58032079860927","-3.64598614244633","-7.06932512028517","-2.24683092383217","1.18546334589588","5.10498103453237","1.03655488645449","-3.14007324437906","5.84517317772408","-2.82502893327667","3.70119417000921","1.04225605852526","3.38366272760335","1.51811303930464","-5.68014685443564","-1.1442244448868","4.40299931771792","-0.247711319476941","6.64067553217966","3.27811230965144","-1.13295426109725","-6.83840117499263","-4.51222096387682","-9.12558521902018","-3.89130901242476","-0.357177526172848","-5.32299440792145","2.43275794987205","0.200939081557013","-3.03105097292524","0.686136376304673","3.64834099431918","-6.62270638196227","-9.01768845213775","-0.777048546980954","3.54366548856418","-5.65863019231802","-1.2266009458037","5.28680869140835","-4.93653866064717","-2.42158651713134","1.29480426281975","-8.34977291174686","1.64111096061029","-0.356832487340516","-2.29451652284058","3.49420249950756","-5.05905788449508","2.85394041631355","2.83345042975383","0.802793255830944","-0.764633086934939","-7.56875215010711","4.73412036935845","0.251371971039258","0.776685225269434","-2.66594206135101","-1.60656834377124","6.2721290896433","-1.99376557431537","-9.69096357503676","0.756335047565869"
"Random_Index23_13_0293","-3.20075974150507","2.29056150763351","5.5919489572751","3.27364402698931","4.93503680251754","1.90369606311069","4.97173195879776","-12.9907879227925","-2.93038339239114","-0.285255692132891","-3.66939977273728","-1.14537989776954","-0.703179830381297","6.91459623920754","-1.32625595326862","3.09241371383414","6.45366242154467","-4.66770997802647","0.209537868088956","0.869700102436819","-4.35588893572842","6.98638774634921","-2.06614977257112","0.1646400979741","2.37535372019227","1.09347690712834","0.349073291685162","-3.76102155375465","-0.51759448173642","-1.01795655349187","-3.96062208575939","-3.2658627500262","-4.22417763920441","-2.98218444204259","3.08190888792235","1.63747080259502","-4.28336037829177","-3.24029488897935","7.07924030254626","-0.00465046503758097","3.3601258535759","1.33057769185822","-1.28185320552058","-3.60292909619644","0.152775469399554","0.87532810608893","5.18149585944155","3.38809266919088","-2.13222898705404","-0.502481251093939","3.56775275070817","-1.38372958612229","-0.798962929255606","-4.57124440559754","-3.55453811076042","-7.11153005156519","-2.13974450013347","1.10173805185509","5.12986901187765","0.981968803412717","-3.22389355170299","5.86112202632384","-3.00076716148382","3.80825146849309","1.00887229309433","3.38519659903736","1.52877633470529","-5.82890453369685","-1.24040247169315","4.56718656046827","-0.314977271893214","6.79389439344564","3.26082212787376","-1.26701268372014","-6.84654192376915","-4.55990080439568","-9.12266521855623","-3.95669971357833","-0.493456918084694","-5.25304190778018","2.56107015798776","0.136127832108512","-3.11248356461545","0.733319525128346","3.79453204437142","-6.72802385398251","-9.15523160602563","-0.873433514322659","3.58686595186914","-5.59808876517821","-1.111397923472","5.28554799352301","-5.09425501594876","-2.27766430304123","1.4379717836482","-8.44742899117602","1.75264013380578","-0.528794021992955","-2.23998513036389","3.43517523722445","-5.1632653500226","2.99233053873269","2.99752656789795","0.590845313160807","-0.776165126060784","-7.43948574743869","4.80296553793487","0.21698414134877","0.888785767247021","-2.77093651763425","-1.6075045469523","6.37766914996609","-1.9585878684393","-9.60278950804032","0.674401185502415"
"Random_Index23_13_0294","-3.20749819430905","2.23448414852485","5.60813635925227","3.22626278222897","4.8468367044643","1.99958654051782","5.10899812221212","-12.8238163797911","-3.04461430644576","-0.406758025681948","-3.81418429103924","-1.21736684020292","-0.743249805202504","7.07522247696434","-1.47099380930109","3.19434467801855","6.33442100687567","-4.65223077928554","0.173704670274714","0.926073065992205","-4.39833090472848","6.94588923033511","-2.08950510615537","0.151038532613664","2.34942602167447","1.12552150515024","0.438474378981171","-3.7722019498182","-0.484088756944375","-1.08131809961604","-3.96862727243946","-3.16254732741469","-4.03617471680981","-2.93467144200421","3.15469529843177","1.63516917672557","-4.29310499264134","-3.25207161729388","7.08218677108044","-0.0532887938418838","3.40344834148107","1.33068205470342","-1.21460000976148","-3.67650282800891","0.0529881633432642","0.889708269421864","5.18252879664204","3.33280137466923","-1.97184300346295","-0.592302013019664","3.59736425861055","-1.35000089553857","-0.774152113668055","-4.48934789210259","-3.55240288778368","-7.22883255530549","-2.14957713552289","1.16307693005221","5.16634154686568","1.05390021482034","-3.22847116619205","5.88497600144296","-2.8763544093114","3.81890844515686","1.08883431137771","3.2940299028393","1.60197572982313","-5.80894436092907","-1.06646726158015","4.47896750907114","-0.201494503735852","6.71690520990856","3.22389462837994","-1.1008704489506","-7.02656210316985","-4.60586727483898","-9.04389915323157","-4.00818170267993","-0.597944660338263","-5.19914444907656","2.52040226354973","0.205113966119334","-2.99537900175863","0.780699569122034","3.79936793126796","-6.8515079210293","-9.35917260772775","-0.829594972014819","3.5541462783088","-5.57673689205954","-1.12753578388559","5.45678747091303","-4.954351553288","-2.20185269688893","1.51437589404827","-8.47749932262146","1.7522082647927","-0.530413732617059","-2.21873206917489","3.56229903668567","-5.18460803262669","2.9435012289066","2.93343293954084","0.682554169727482","-0.80176313188552","-7.65752737059455","4.7514729559963","0.234964465130291","1.06224033035813","-2.68063510081655","-1.55286120318236","6.32291900244356","-2.10398725548864","-9.78322303456995","0.869982031080317"
"Random_Index23_13_0295","-3.11186729401894","2.16471755221122","5.64903667679861","3.17367096354615","4.84608933686398","2.06283773048186","5.21260917427053","-12.9315729637868","-2.78633278151277","-0.338078781004131","-3.74410299502524","-1.19015016383901","-0.667172237425325","6.81918276439777","-1.40780912328583","3.04933502255558","6.34167331850731","-4.68525525953435","0.227998257019053","0.886548830300664","-4.31282537026445","6.9179710710832","-2.03877780977985","0.131203988049973","2.35864482062937","1.11925502965556","0.283461160489148","-3.83529566812569","-0.548812051252642","-1.03818489321734","-3.84424929742698","-3.1364344703658","-4.10343986212133","-2.95582888555479","3.06115390770786","1.61285073366015","-4.10058270171557","-3.15925666453653","7.01266443637847","0.0140937010995983","3.38267967300509","1.35864959882189","-1.2446364227715","-3.57195981387566","0.120044348105904","1.04992135984952","5.14776355421465","3.3469058948216","-1.9359537649199","-0.507495586909741","3.52589214719405","-1.34052919302856","-0.745455708944254","-4.64666841880139","-3.57607088916869","-7.09499109859683","-2.09094883737366","1.14263724835411","5.14333727951985","1.1654861424964","-3.11254943685524","5.90780353256067","-2.8356854823824","3.64443993925147","1.0167712677252","3.35607989364253","1.51459505139128","-5.6996958558533","-1.03645562536206","4.46678223059114","-0.138904786827473","6.61284822614445","3.25424425883671","-1.03096970322211","-6.81852204413671","-4.532456525212","-9.02988651286515","-3.86686900591495","-0.40447465071308","-5.26063427174747","2.4163491612038","0.168038382471703","-3.08999231819863","0.807247666295297","3.6454157894907","-6.71132480575503","-9.23582452725135","-0.834101871792554","3.54070425277725","-5.50437698304814","-1.19596786044303","5.36551422732369","-4.89380097529603","-2.27357887910432","1.42662342119472","-8.34414454043836","1.65870990197952","-0.361078333133521","-2.28525424429532","3.39198686518787","-5.0056808207766","2.83071820966129","2.85583954499891","0.758685938756823","-0.672074768343733","-7.47470151065004","4.69190535343395","0.2852976500867","0.839930521485138","-2.81266489765432","-1.63858949111524","6.26002897063722","-1.88393055761745","-9.63111273988269","0.79200649177139"
"Random_Index23_13_0296","-3.18060426924701","2.20767003595703","5.70776852791009","3.30057665685388","4.81388117656073","2.19419960697023","5.17133702202513","-13.1207489169404","-2.86072567488631","-0.284551404751008","-3.68544709403985","-1.17656764563645","-0.736657915797584","7.03446253267901","-1.38882168290347","2.99758272728592","6.4565692135316","-4.7467141324665","0.266524843244964","0.855523922363837","-4.30134720994505","6.92067561318687","-1.91612676949286","0.0514961638248472","2.3630763792514","1.22265072428797","0.404195556608209","-3.68518028164151","-0.399500824725351","-1.01921208648342","-3.89097208231091","-3.1916134648186","-4.1024419794925","-3.04345494852851","3.1887443813212","1.55594858376923","-4.23312730501161","-2.97636534378555","7.18289166740741","0.148401899479136","3.38567683944297","1.41803612589118","-1.1748637420925","-3.48358821874643","0.0812031856447361","1.07373301481766","5.18471890120888","3.58965998814534","-1.8807478147453","-0.570198470189424","3.55096372447405","-1.33826187130288","-0.764773491036736","-4.52525547318748","-3.80699065006547","-7.25526561339348","-2.20043099294141","1.32233246973754","5.26007474912788","1.18780955739751","-3.16806598597284","5.93179947902143","-2.84505837577312","3.75142731378766","1.06664970975144","3.52946804783135","1.32944864102396","-5.81074081419861","-1.15655198634585","4.39453751444259","-0.272594057671603","6.74185583683137","3.41870289275988","-1.17959577566977","-6.86180448709313","-4.4093489841157","-9.12641483591909","-4.04828465865642","-0.341641749977181","-5.12707192619329","2.51964666254865","0.308422659123964","-2.99715026076015","0.867188567304874","3.82289120407727","-6.68904171152023","-9.39189141432455","-0.819740419107269","3.63398902844256","-5.48424718802903","-1.19738897813883","5.37313034286932","-4.98267378962156","-2.18902909009719","1.42382330245318","-8.53537526093121","1.61300459695202","-0.364554876628399","-2.39523937894407","3.51632795431966","-5.12395599769138","3.09753150302035","3.02009087266868","0.830802986794086","-0.498778684450507","-7.64338823499433","4.78249733920994","0.362768714230529","0.981171584479771","-2.7609317808226","-1.58764929281048","6.48206629621101","-1.88746442499379","-9.78687972315997","0.929589417537044"
"Random_Index23_13_0297","-3.23236542982182","2.21463917376418","5.65365884225066","3.27325125971265","4.86859579927241","2.03413964156978","5.07728969108738","-12.969230740491","-2.88725261830893","-0.296153845066736","-3.75256199066196","-1.20981343184272","-0.69891635671378","7.03611706670802","-1.46609802569103","3.06719120531209","6.38548679557288","-4.69471069863173","0.235490319919338","0.928844276575425","-4.26732723250482","6.94658592397357","-2.07221116899133","-0.0100287121543954","2.28500317877346","1.21465983006148","0.364181802445439","-3.77067531594981","-0.544742556745403","-1.01913628852749","-3.91710176692619","-3.16467693211612","-4.07719480301651","-2.93316173275677","3.03256351002277","1.74416983183283","-4.2461847777928","-3.12941721163373","7.08647658164845","0.106774906730749","3.39477199000496","1.33348740640183","-1.23802282699165","-3.65791285029819","0.143548109100114","0.919085630650498","5.09383386061374","3.40812318130334","-1.99130147213629","-0.557279376770119","3.57083166124602","-1.43197130888264","-0.804291459836788","-4.51852876454595","-3.69194139583488","-7.30714706504095","-2.17138510111239","1.03374765826615","5.1367534840739","0.997915273082114","-3.16764556571262","5.91209356028113","-2.9148093935661","3.78560041658985","1.09541552831312","3.40712003455423","1.49010680444462","-5.76158317633932","-1.02873053161375","4.57936701782266","-0.0996445388819301","6.73570262395918","3.27921293508031","-1.22628935143684","-6.81727273424452","-4.4625097075947","-8.98491620249979","-4.02629479167786","-0.525223660655832","-5.06309968610644","2.52087026228156","0.19204444705102","-3.15361948101768","0.783757508010216","3.83863266714542","-6.7374615780276","-9.28030232796799","-0.723600525076247","3.5202642283143","-5.62293024065965","-1.12927893504105","5.33200320298053","-4.89298688522557","-2.29389892435608","1.41669507123273","-8.52169289593676","1.75631965384832","-0.403249361735975","-2.29101319358615","3.3791919040315","-5.1892670561274","2.90399389506553","2.98241580494776","0.776847643231214","-0.639279749785206","-7.65787133761259","4.70822511652389","0.199655544928627","0.765095804983373","-2.64674656887632","-1.57750516303329","6.36312707868278","-1.99830214901876","-9.61113716641851","0.782911365920189"
"Random_Index23_13_0298","-3.02281872674436","2.15575444460898","5.68422955082645","3.21390790214152","4.94587440989488","2.07287585343213","5.16449534566863","-13.311051804622","-2.91582055457065","-0.242089777706814","-3.7084526469089","-1.18077409321781","-0.661792272143388","7.04857110670083","-1.36562165318591","3.12431732958231","6.35668121428313","-4.75881471105259","0.237539169647302","0.891465821135712","-4.29795906731762","6.91809949838084","-2.01432465064336","0.0961193510265793","2.33070218834297","1.23313027785326","0.386279581397288","-3.81908761968614","-0.415985636853067","-1.10143176970556","-3.9790850388144","-3.10956065099532","-4.11541162161287","-3.0340103118799","3.19211919980693","1.76013683446507","-4.22006016452921","-3.24634441381307","7.05079412685495","0.132028000222889","3.54821630512603","1.44618823479291","-1.29967426376866","-3.58581145923398","0.171878232592205","0.999751711187821","5.25070817501144","3.35014804919643","-2.07529493127988","-0.559076178884939","3.56365356501149","-1.45363245056735","-0.745360294013354","-4.50014257145584","-3.67198806252836","-7.39614030241026","-2.25796464442825","1.17524515483307","5.31007891052209","1.29866023591035","-3.2488412843359","5.86528365937116","-2.85438992157479","3.80018309356527","1.14765656625262","3.45110705169026","1.48100486127419","-5.86760022180276","-1.1614159535364","4.51515933429728","-0.210825191031986","6.64502092237283","3.30413148255271","-1.21387238065008","-6.91800326889883","-4.58098576739331","-9.22972718919629","-4.0843828054701","-0.413599658659113","-5.17444546517469","2.50882665992925","0.325605256526715","-3.04603341425615","0.823234294517682","3.75625832144942","-6.76120880577023","-9.28671275740717","-0.805937177812799","3.48618249081256","-5.46388853485173","-1.04817890319369","5.39835762037298","-4.95821054368522","-2.2497093466831","1.44800409065296","-8.57069915885262","1.71567777848388","-0.306521093377992","-2.27089159012584","3.51508036576409","-5.15704780167048","3.05908109782329","2.85850369565002","0.794021682247998","-0.709437390737635","-7.78762862337616","4.69749761148884","0.329003598875672","0.779262468529341","-2.80316389903803","-1.56369117658294","6.3728978880278","-2.08380105351389","-9.84652977787486","0.948208760672533"
"Random_Index23_13_0299","-3.28195084826873","2.1394581121509","5.52278687753024","3.12970765773756","4.79744987523916","2.20160953490269","5.19087333229007","-13.0151276831606","-2.76256311846684","-0.278666051097574","-3.7206381976392","-1.17073704401973","-0.542870618960956","6.8941937110511","-1.38812069679779","3.03871248166543","6.4072339056669","-4.6801758895031","0.244094413678394","0.7764716360185","-4.35367024869451","6.83452300720559","-2.03701041197597","-0.0144887713920465","2.31467821604212","1.16597642571439","0.289750280683387","-3.77197526673155","-0.576806976390312","-0.97399649140489","-3.82666944003465","-3.09445908040495","-4.05931612850424","-3.01399466079572","3.18847871357527","1.65316472984356","-4.2311715403098","-3.06824456182643","6.98308124278426","0.106110115923547","3.294684571655","1.41591810116746","-1.29577550275992","-3.53959403149189","0.0334178565161724","1.02762341485779","5.09997396726275","3.32225280465632","-1.82414050055897","-0.591074674815389","3.47253813809095","-1.32159259659783","-0.706422747848505","-4.56682445203406","-3.61087486734965","-7.13437174789674","-2.15496757364813","1.17776145855883","5.12620080633801","1.10615106813828","-3.15011593073653","5.8523911716022","-2.82694231138459","3.67870514194615","1.1028440065798","3.45342864367204","1.59508051097747","-5.76914390973924","-1.09190702133217","4.37382786258095","-0.0822443775641284","6.6305612304896","3.23650871541112","-1.08804763796637","-6.81699844852552","-4.49422936020456","-9.08652074611541","-3.98532275322849","-0.316766692547736","-5.2068440588051","2.46821980576669","0.194541821516077","-2.97209476187162","0.816150464189924","3.67212021530486","-6.69773886977266","-9.18838672821792","-0.770370775221083","3.48750386079806","-5.64784491090502","-1.17180808802632","5.31940073565548","-4.95057560389","-2.32409436075017","1.3288481403467","-8.48247614339973","1.62843722062547","-0.336829751198814","-2.32755922122339","3.51103902216097","-5.0326572347529","2.9590492230136","2.87267776657105","0.840069172025505","-0.676460910606813","-7.60412819804892","4.69611729591112","0.322805258578681","0.799637222162096","-2.76446996213853","-1.66520458212175","6.27251630587505","-1.95584024551025","-9.64873318436718","0.877739308716072"
"Random_Index23_13_0300","-3.08092842861678","2.24447183830129","5.60478047181567","3.21041439378622","4.86299470352074","1.93598396447353","5.15705315597952","-12.8247682925561","-2.95962064263661","-0.451843611928068","-3.87149090938956","-1.29753772773591","-0.707267685368052","6.96515744201525","-1.54954683310198","3.0815089186274","6.21178729292575","-4.76605437149722","0.149428528637651","0.918270523257857","-4.30550863732417","6.92131324479454","-2.12618821749945","0.178721371046649","2.41606336650149","1.06554879858508","0.439575626328521","-3.88974954817824","-0.461004995162802","-1.07009134779257","-3.93165789061002","-3.27174337782911","-4.05244103257108","-2.9631410052649","3.07346256657233","1.64081225431926","-4.17296028446092","-3.11335648922415","7.00407259399784","-0.0870224563996046","3.37198579879788","1.3029124802552","-1.32001579261494","-3.71927880538973","0.151957348148901","1.07922279374436","5.15801430023355","3.33195822376815","-1.91508534843374","-0.530157375066513","3.61324428113037","-1.49821241627749","-0.789973131159862","-4.51012849963369","-3.60909015006473","-7.15133737272118","-2.01553328432703","1.07973866427036","5.14329066006933","1.12227300581545","-3.20998794761256","5.93272179353722","-2.93175331345147","3.75922142790404","0.990156788673127","3.29439808046447","1.55992656375042","-5.91214777371916","-1.18758923316216","4.43613154561776","-0.103166219621136","6.58558282216955","3.25905881245968","-1.15172339067432","-6.8376824094992","-4.69888383979739","-8.94971878726163","-3.91966781603059","-0.51665354556804","-5.19762836375147","2.47530051574394","0.133942764197103","-3.10330221832193","0.919102497713386","3.75010488614882","-6.80125774083931","-9.17124328128086","-0.825949925746416","3.54075648100937","-5.61180581380687","-1.07016761483928","5.38652778798818","-4.86619735409021","-2.14207629671371","1.53071538206783","-8.39246563670181","1.74246205881444","-0.556135430010295","-2.18906059412962","3.41846928640877","-5.15916713908328","2.85972838563383","2.92695193408205","0.60123995688014","-0.868093089151274","-7.59040831691695","4.74695766571231","0.126194825942051","0.910774863281536","-2.80637987132312","-1.51806401352973","6.29766306603197","-2.01740816464885","-9.65537882539533","0.749131749418958"
"Random_Index23_13_0301","-3.12827947739184","2.08860881726846","5.41055118238871","2.99658641830851","4.78839381794917","2.20534589936063","5.35613655569824","-12.8762372327951","-2.80008003484284","-0.186127768918651","-3.6140376139201","-1.17449484146622","-0.466911292748881","6.88401696070629","-1.32215398592187","3.05068341302211","6.22605868121171","-4.78017149473416","0.413618171783896","0.843034307853215","-4.44608797107973","6.79509354449757","-2.00151773662449","-0.0326589434901642","2.18533559885352","1.24629265279387","0.347153124337703","-3.76029503803043","-0.59879359443115","-0.926279212594743","-3.83064004097412","-2.98561885414506","-3.92604062821782","-3.09469907250693","3.10901293704847","1.83558698600214","-4.20599624050912","-3.12622129550053","6.89773193650187","0.181866351030353","3.28384484032855","1.53533946618874","-1.2765876727175","-3.59448096642484","-0.033710459200084","1.04396544262098","5.02562130157915","3.2723177131637","-1.74150601996921","-0.736685603096576","3.38558404085056","-1.30125780588583","-0.63329176869217","-4.59186055266695","-3.42039100196222","-7.15641395669448","-2.20037245381403","1.09032267440797","5.05938420861103","1.21258079285149","-3.12837661213737","5.75176355705327","-2.82159280359","3.60113551025671","1.18021522171741","3.34210884945584","1.80724989745003","-5.69550034780923","-1.01820538133465","4.26360224714407","-0.00923663059127901","6.53944727232604","3.16513138972781","-0.975095942619173","-6.84897942568337","-4.40893572235377","-8.99995039917213","-4.01941388783003","-0.296400713537523","-5.23791786518895","2.39925692464919","0.335907722540493","-2.99307202228753","0.683873485809993","3.61215416619713","-6.64352675797752","-9.16458344370753","-0.606846025966907","3.39421935242183","-5.75631862033531","-1.18955838260801","5.30929231130552","-4.99193916367198","-2.51999270307398","1.23256837141211","-8.4703078291444","1.66130268103755","-0.294137390371842","-2.21932854509378","3.42862789955118","-4.95891004984782","2.88921509229513","2.77708492548098","0.908440587502256","-0.636053917097293","-7.70932646107578","4.66133889859268","0.350172693202655","0.74737482468651","-2.74169095473478","-1.78171009788473","6.22338410132222","-1.96637927749595","-9.61629463576879","0.923198489857949"
"Random_Index23_13_0302","-2.97368232891743","2.01517831917606","5.42373833523836","3.02656014851107","4.76956662795745","2.19985446992865","5.21705966589672","-13.0379511617909","-2.69297025722056","-0.060387491142168","-3.64409041687886","-0.996785961221028","-0.391451585561805","6.81392165747464","-1.26070261985106","2.99132314350569","6.21226554520678","-4.56339711117009","0.390962631840645","0.772673081773861","-4.40807749790435","6.76366581470297","-1.92373316038747","-0.116065991539748","2.31616541397326","1.2258845418125","0.173369303540768","-3.68248682154851","-0.614432245011736","-0.828652537033136","-3.79834571080727","-2.98390730137484","-3.95895349059882","-3.00530488535206","3.03337611763699","1.81739055475272","-4.17797822364635","-3.21959999220727","6.83605512868008","0.0980680829179593","3.20583258237385","1.54868917873054","-1.15477100256416","-3.42716983120111","-0.00240636745366379","0.824530696778125","5.01887849442149","3.21569534950271","-1.84365309983899","-0.653181502449906","3.5747184597681","-1.1552154090138","-0.528490024254387","-4.47931768376598","-3.54504173960508","-7.03611497530971","-2.17452415510074","1.08838586540324","5.01623316170816","1.18623587754381","-3.04815376574248","5.80356032308163","-2.77752306862662","3.59364332466992","1.18925422331048","3.28793470584998","1.76972310515903","-5.64670127773108","-0.903855160271637","4.28080650301782","-0.112976366062353","6.52938804837835","3.15333422004422","-1.13102695652063","-6.83645911111398","-4.33611259907397","-9.15985911885058","-3.95119138245653","-0.378216916524702","-5.16508360572091","2.34378097050129","0.268853065793214","-3.03577283198966","0.582987055401545","3.60712065377593","-6.62590768803366","-9.18699174645437","-0.59596797741264","3.39217519163425","-5.80190409067441","-1.28460087588916","5.19870784027698","-4.94541261226675","-2.52267706378963","1.21222314738807","-8.50302675999686","1.59469147402118","-0.262344728874336","-2.22015129274718","3.40960426783136","-4.96814882509986","2.80051832261113","2.74242293053668","0.872407150736849","-0.716170533185455","-7.52858088406305","4.61687088975616","0.355686251342621","0.825750065498516","-2.59384085629528","-1.73170107689191","6.23944319578912","-1.90337331583809","-9.66606404834043","0.876743013324405"
"Random_Index23_13_0303","-3.12003424495309","2.04646375307833","5.52913012849588","3.07266673217244","4.85577203836857","2.12507430466749","5.28837442062728","-13.081452170432","-2.95939194121941","-0.230548659052962","-3.68925415988862","-1.09338771878579","-0.470198484237968","7.08897741442459","-1.41274390744652","3.27376632418421","6.30464987720817","-4.82765809052017","0.365042585665132","1.03673703077997","-4.61194880988662","6.86494678298935","-1.97932930545874","0.0747877166861323","2.16396788728516","1.32924310562011","0.482114439876542","-3.74733940425245","-0.540913608764323","-0.952397317483757","-3.95632743599751","-3.01539392659088","-4.00592205858532","-3.22538704711314","3.13684089961756","1.87459397149426","-4.50645339925451","-3.38255771958551","7.03989641030413","0.281104691030347","3.26533524826839","1.54352201340711","-1.18391238160954","-3.64579814039588","0.0339168033381644","1.09251425594774","5.015969663729","3.19707114025984","-1.925255159443","-0.836017087071822","3.45600256513136","-1.26771999533926","-0.650137541350939","-4.48137941287096","-3.52104918279658","-7.45615220024249","-2.17796780295396","1.09332889372795","5.04290253367176","1.12818522829669","-3.35714863497441","5.80393552637242","-2.90754893565674","3.63516966207779","1.30585164555447","3.37932637318393","1.73960602706806","-5.77358089207486","-1.11217791514916","4.39799483839895","0.0328519470051094","6.61642170020755","3.11191421222861","-0.910925077779873","-7.07988614848896","-4.5856311318407","-9.02454358174527","-4.26467154060021","-0.407541440799021","-5.45877590921572","2.30509970495667","0.29833850145648","-3.08078185253266","0.922047113383627","3.71743708263018","-6.96433261200022","-9.20141080463871","-0.643990762473273","3.37073664055378","-5.70129470823303","-1.27911808145617","5.52536576381754","-5.14603148656637","-2.3160227062071","1.45756855100067","-8.54457594058553","1.70645228052805","-0.348245665940985","-2.20911467618398","3.52362846403474","-5.05117870367533","2.9698182895954","2.74866710934078","0.942944713669733","-0.691175467702783","-7.90589057831928","4.65207715375881","0.368537630655076","0.624698246646289","-2.68922882994967","-1.86209919649729","6.21656813289498","-2.147828894065","-9.74736477619099","0.888933658998496"
"Random_Index23_13_0304","-3.22628227426583","2.20559985620901","5.63821455001402","3.11476905440382","4.85974602308075","2.04050656439006","5.34479547560392","-12.8987155815278","-2.81938307969","-0.397807058691333","-3.81785302454212","-1.26999783544077","-0.681559824295191","6.86530616984384","-1.51532710261176","3.12069317891641","6.37164490651316","-4.75972720534644","0.131853995836522","0.902108850710427","-4.34435874388649","6.80402265389933","-2.18230939275829","0.116546588995134","2.4187996588996","1.08550819353639","0.449914408588256","-3.85132674541749","-0.593771531464123","-1.09030515224426","-3.90146023300595","-3.1932690018712","-4.04619671958361","-2.97884290754682","3.1156873166561","1.62810302880276","-4.19299749072623","-3.12210428019411","6.98066884961195","-0.0775802472338562","3.29101597713226","1.32637842443637","-1.31695434613978","-3.70738587073264","0.0996928612724001","1.12450546063069","5.11832956006944","3.29956260747197","-1.85838223819954","-0.536452533955797","3.46875019738567","-1.47340153668482","-0.846389216192759","-4.52601614954701","-3.60112275758875","-7.09841089811332","-2.05155892371045","1.25928490331184","5.09959362141187","1.27751048747274","-3.25196660108581","5.85573269304191","-2.91562310314661","3.68958018353815","0.957584032064647","3.42379919411227","1.60567051888191","-5.70130187347951","-1.10024274345753","4.37275957808479","-0.178594337858572","6.63039620053477","3.23986542100403","-1.09220434786604","-6.8307330616433","-4.49754192894868","-8.98829280953492","-3.98293023047537","-0.46987098614015","-5.31777833775373","2.37751329304607","0.0832095937727831","-3.09755704297694","0.776011114212738","3.62856441925931","-6.72356319197455","-9.28944431188874","-0.798572582361399","3.47501717821768","-5.67411383212834","-1.19765381812918","5.4538022960913","-5.00167025246684","-2.18630417821399","1.49457716533767","-8.25431700659265","1.7004325270803","-0.477421329305529","-2.17893781137773","3.48473694948169","-5.16981482897284","2.85421503303369","2.8171895125521","0.646684835827604","-0.661900666350338","-7.57079089860175","4.7573909669864","0.186040853009134","0.827729696238311","-2.75908428618574","-1.56873314672041","6.28568656916962","-2.09478598297502","-9.66764970345626","0.698129816491783"
"Random_Index23_13_0305","-3.168235234548","2.21440380004342","5.60609317805432","3.22845595834305","4.87596359087635","2.10270094743259","5.22790046878059","-13.0563700035184","-2.86409569015823","-0.370341132183197","-3.8000561370251","-1.30836656351596","-0.711940448717587","6.85678202500375","-1.45312854777863","2.99622516198275","6.4680681585264","-4.63720780157961","0.200848895158135","0.79491466033903","-4.4009325387151","6.89818669641673","-2.09230020041459","0.0246273319359802","2.41514844934658","1.01256029220684","0.312623038852141","-3.84797289209334","-0.49511911444195","-1.14539954907892","-3.88323109441342","-3.26844470661605","-4.15567236669409","-3.00905410581239","3.29041497167386","1.6255317437977","-4.0609868457888","-3.05555505379742","7.0206080102816","-0.0230362181856262","3.39182989718523","1.28594132759039","-1.35716190895077","-3.57571034353476","0.155403879799227","1.04661587366649","5.20593005714866","3.42468041663581","-1.8606895016984","-0.506065264758107","3.49726397525538","-1.49073138194589","-0.853362784952491","-4.49320527748386","-3.65536325727576","-7.14012171100275","-2.0012200682274","1.25826842339125","5.15276539228824","1.16055981531498","-3.17061139335141","5.95917261263855","-2.90187731601394","3.88775313542095","0.983855472564198","3.51376828119919","1.55445053539536","-5.77281524343887","-1.1105445428081","4.48654693881303","-0.164944389651829","6.71000966125802","3.34806635607824","-1.10970999792238","-6.79734754247414","-4.524176889346","-8.97040897129306","-3.93153607131274","-0.486217744355957","-5.12459736386617","2.59460807241621","0.23812662718069","-3.03960064168124","0.810062210059141","3.85997676777091","-6.72817627628166","-9.3284429049631","-0.92571700108554","3.56904609777722","-5.57258848142654","-0.995293772804351","5.2611304791494","-4.91231265298229","-2.25106422282435","1.32242048671831","-8.42207191544372","1.59550559899835","-0.465214975836871","-2.29324741942546","3.57344709113905","-5.05410337444557","3.04682631349238","2.95954503783986","0.745916949138067","-0.766335732618231","-7.6588161912669","4.88079238153487","0.318672538624432","0.906639917903988","-2.88886844790337","-1.59563232260521","6.4907162571322","-1.99333404937774","-9.71427092015169","0.939205489890464"
"Random_Index23_13_0306","-3.18716629711001","2.15095655233408","5.65331931593335","3.29189166562139","4.81803994262659","2.17958717543247","5.34497859691082","-12.9498652077816","-2.83599590960312","-0.398928057040008","-3.84437718138626","-1.38026832250169","-0.753654468634233","6.90515417193501","-1.61188164774655","3.01889763440693","6.33204873265488","-4.6751655802843","0.122133545797741","0.82842718104858","-4.30231087657714","6.84810992538112","-2.11450401109796","-0.0155683029772687","2.3943065942987","0.998499251216212","0.321398993412426","-3.84096298165062","-0.63044573529125","-1.11915193805792","-3.87012163498264","-3.18247580664678","-4.20975075222877","-2.98241402821352","3.21137807732417","1.63602938355858","-4.18076831569903","-2.97337580866172","7.02335361650152","0.138764878264849","3.43489549375075","1.31643736391143","-1.34210149185555","-3.66209403223551","0.206743454893253","1.1167113176462","5.06656197759795","3.3782050876114","-1.80272166034971","-0.531793123788087","3.47779656638485","-1.42067387822642","-0.887534528971898","-4.43204930175834","-3.68695828232537","-7.33770915221452","-2.20853879924133","1.15370869338494","5.20047479508232","1.28721467150092","-3.14500608739127","5.94916531181251","-2.86979049251086","3.68726085678283","1.05613079028688","3.42050134745143","1.60229266486123","-5.98103144716037","-1.12271615444723","4.45186903751203","-0.247312545352097","6.57955726242104","3.23935456220978","-0.929289546543981","-6.80548584456895","-4.58951055110557","-8.87088534653103","-4.0512522808821","-0.408569735028914","-5.18377101351535","2.50100998770712","0.180461258107466","-2.95585671206707","0.924221573176705","3.7543456310025","-6.74331307196367","-9.17325661137463","-0.860310580991923","3.52919964657041","-5.50216083760951","-1.03869774382419","5.33259342268767","-4.91058165204512","-2.21049058593535","1.34038867154479","-8.49264216296896","1.615160338068","-0.368718542219848","-2.33674407721486","3.43424184105139","-5.04055806751858","3.03061944708192","2.98140384198502","0.916445912074488","-0.693394344924941","-7.72942749574878","4.74541404993699","0.299576935800438","0.841474928864559","-2.88978423001276","-1.62819709802081","6.35140938490379","-2.01493774155434","-9.59767487318371","0.974468078050128"
"Random_Index23_13_0307","-3.18156923464148","2.26943450942699","5.66811219936564","3.2430714166454","4.94637847413976","1.99319130466234","5.09383185874884","-12.99405127233","-2.76340792390693","-0.351002414346204","-3.89195948025322","-1.26366265922787","-0.893672617048531","6.89970825410431","-1.58802342606005","2.93530659131401","6.41480448745515","-4.62005170281256","0.124850295719176","0.848990690287912","-4.27998825958878","6.86800241468325","-2.17581218744847","0.182982550160331","2.49545969042127","1.07782308850532","0.319184654970524","-4.05011312041122","-0.488222999051304","-1.04608431146743","-3.95648952976303","-3.30086427026984","-4.01600475222374","-2.93571956521666","3.12448401733865","1.55975983025317","-4.24174415645052","-3.05024222819857","6.91865933076619","-0.134705374971907","3.3825279930548","1.25952426246045","-1.37045769714876","-3.59423062844943","0.191411181283805","1.09006798715011","5.16337755677034","3.45695185366675","-1.86388409780057","-0.362606627057196","3.47972223492758","-1.48685960615649","-0.85648394997443","-4.6195098156925","-3.55761069086308","-7.07117676198033","-2.08915176104678","1.16183783248791","5.24344318174111","1.18821119210092","-3.18744191984949","5.95741428314662","-2.79035969545531","3.70644963240865","0.92696341509242","3.40503840567765","1.54881092928045","-5.79201762372239","-1.17848486739953","4.47664423018019","-0.247077666158839","6.66218954544253","3.31375191891524","-1.07670070254592","-6.83456427242434","-4.60304783198073","-8.97630330049205","-3.74448291756703","-0.423222609173494","-5.10743021062823","2.47518574662503","-0.0393312176088215","-3.17865446957288","0.856410953533497","3.67814456128041","-6.60947538095937","-9.23768232154116","-0.885813514342854","3.63692732840836","-5.63193780662167","-1.03674525066605","5.34801980105864","-4.84478315622843","-2.19796793444976","1.43375444609051","-8.48259220342605","1.69266352206896","-0.457239677360985","-2.27642439946578","3.39959735074766","-5.19656889844696","2.97114245546101","2.94158375514341","0.561493388767707","-0.721147135423768","-7.37582051421676","4.77667691187539","0.154978059154498","1.04155998338067","-2.81156904920268","-1.55078110431614","6.33058774479483","-1.974836404412","-9.73159729909075","0.764054760248977"
"Random_Index23_13_0308","-3.08961112063153","2.00829780598699","5.4118508819477","2.9885452138109","4.67195398866544","2.14309575399945","5.3058026644002","-13.0367161450005","-2.89705394524887","-0.231434663230649","-3.65324331553354","-1.02764043872352","-0.42662262632954","6.78523202481696","-1.2835286760223","3.15683324166951","6.33795296895835","-4.54396868601982","0.294814914172191","1.01126638346638","-4.46951466257806","6.78501604865653","-1.89031954776478","0.0176903427432318","2.11152218778698","1.38257460894523","0.539659362539379","-3.60589939849134","-0.643428615779544","-0.771742143247045","-3.8485728950692","-3.02074050876697","-3.97910558371625","-3.16901770383976","3.0939056873239","1.7067510024633","-4.60817756474933","-3.17572754426496","6.95094001170275","0.359126979605256","3.10553903724932","1.57277525293313","-0.884905025685284","-3.41590813741792","-0.0221360583896399","0.87737823514665","4.90828979581973","3.17208899803815","-1.81389293008978","-0.858757296940026","3.24838515578122","-1.22120330441271","-0.674838787561455","-4.27384024691288","-3.58155353542315","-7.21430501987235","-2.23768626759834","1.0942984819644","4.91621818234126","0.993813733857461","-3.25795874653992","5.64676554532998","-2.96870540711666","3.50998391555966","1.40635453356483","3.26726637945941","1.84330050672894","-5.67398088097395","-1.19345022355787","4.31195329816406","-0.288864526043385","6.62466716725022","3.14367118275626","-0.794632077995779","-6.93619829558014","-4.42829525401708","-9.26499347622658","-4.29082674207626","-0.204004816686988","-5.57120641371632","2.17368960041828","0.266792875331689","-3.12650319687109","0.765448003837399","3.51319428756752","-6.73936429286893","-9.09364263926144","-0.518646253175023","3.21235156520535","-5.52038746380364","-1.46854316992683","5.29985449586832","-5.31462758677053","-2.31568468955636","1.49450496933672","-8.37106236397812","1.61154265237456","-0.210842671490949","-2.20684031294498","3.49824941239961","-5.02444284170832","2.86328651878401","2.65844192512495","1.02570946736791","-0.498586136218672","-7.65386413014967","4.48672503711141","0.357687814026449","0.871352978319703","-2.58243555331295","-2.00023503590748","6.0407195283748","-2.03413301942843","-9.65455586298678","0.907524557553719"
"Random_Index23_13_0309","-3.09707827444585","2.33990185255583","5.64846870891644","3.28168668688229","4.93608414758025","2.0835120445449","5.04921836511762","-13.1324536966094","-2.90601368732785","-0.27851841551082","-3.66015618148672","-1.12332672771642","-0.75347272800112","6.98395727574169","-1.37579184969438","3.05838559916016","6.47389851191187","-4.64672997016847","0.36636769401425","0.936467284831391","-4.38211374964063","7.04566637136097","-1.99574513366731","0.0671891092920697","2.22172299077918","1.04303301718677","0.232743533491024","-3.76381618646618","-0.574176638418099","-0.972964243894292","-3.89968036249008","-3.16437187040982","-4.20303929223182","-3.07160162838538","3.16052347660003","1.59372669968147","-4.38480050745367","-3.18925264215581","7.06691962815736","0.0563798874936501","3.52236991777042","1.44699664868729","-1.23203438993529","-3.58352899068228","0.166193424537591","0.927930116399805","5.32040782425613","3.38970688930107","-1.948963663401","-0.491854728310325","3.45839771889513","-1.38625130458087","-0.820017395397831","-4.52483587860424","-3.62330989673125","-7.32351880327616","-2.18488984307611","1.2610317591491","5.30106707279669","0.877988948476177","-3.17591389228753","5.88905510475415","-2.75937590573428","3.80710050394591","1.07238927245078","3.52073347448211","1.48386352082265","-5.90369290567813","-1.14935612920149","4.59831103286374","-0.240893110297787","6.79268504193254","3.35602022833085","-1.1170581656446","-6.87191712860087","-4.58623184877088","-9.09169766068064","-4.01082016798937","-0.407553360649118","-5.27965575226177","2.63426290760679","0.232769143857741","-2.98594150758884","0.920615926749605","3.91735316217349","-6.72822998444562","-9.22456579630184","-0.773875330105214","3.53161837026082","-5.61098536233346","-1.02221130394243","5.34829463433928","-4.95588931693249","-2.17125063957347","1.41673002319007","-8.65283891817471","1.68053923228559","-0.375149389481137","-2.45198514450561","3.51370096603054","-5.02488353930562","3.15066309466197","2.98300921782557","0.737559471721468","-0.768719225776797","-7.5813741372279","4.82931501006011","0.411030135908741","0.910975701041017","-2.87983546956511","-1.68073248597365","6.4196880183661","-2.0433767222683","-9.59342761442563","0.92491786553199"
"Random_Index23_13_0310","-3.073165490459","2.15690314179384","5.61606662808893","3.16855204393214","4.80868401984113","2.09169046291297","5.19638127458805","-12.8837548003021","-2.8126926808743","-0.378293089264404","-3.77544175193462","-1.26687924936946","-0.645039724715056","6.8548995822424","-1.46759588354228","3.1239152542206","6.33314319422843","-4.66846671881276","0.202237593510103","0.879826423244996","-4.36626667053823","6.83071875424072","-2.09289051883318","0.0560317900253138","2.3470882024022","1.02864361943409","0.319451184845511","-3.76130582914963","-0.571316931184779","-1.09480755838181","-3.91794045423198","-3.17916974894723","-4.16318640918291","-3.05015682119971","3.09540670175388","1.65448521723715","-4.19736828203184","-3.14778743747884","6.97714282328674","0.0976040204959493","3.38630813838793","1.37120875332904","-1.24130534747348","-3.52676786992999","0.149354492516752","1.10044435771191","5.09397197956468","3.36080170131097","-1.911876100154","-0.585185623979127","3.50706819925711","-1.33362090049366","-0.805862394443556","-4.47418850086115","-3.65003031478293","-7.19973431368017","-2.10741842393666","1.08799771449683","5.1331405720411","1.12361120980521","-3.17019878336076","5.86825721978672","-2.8282256155243","3.6530843301272","1.04926944934001","3.37230376506722","1.57387109659259","-5.82177166390186","-1.05047178779869","4.39260762349267","-0.133318702224606","6.55045020726963","3.25918439182521","-1.04021656148465","-6.76738417625086","-4.54910332500165","-8.97843138233214","-4.05564553182135","-0.396083056714544","-5.1585506961795","2.46969060041131","0.15147300194208","-3.02996309984169","0.85468073059148","3.70670959705533","-6.7082784531156","-9.22756655143331","-0.838267029218272","3.51140270463607","-5.54340315688099","-1.10379615339575","5.35611523818524","-4.88505648657355","-2.26778151975836","1.35436788868172","-8.50102864009317","1.6768675685426","-0.38317723361149","-2.35649226824441","3.42249438698545","-5.11457034384811","2.97413149941033","2.89383785415353","0.770919542970845","-0.66957887672245","-7.6317724817623","4.6864404137634","0.239631640983001","0.760022685910933","-2.8202104354563","-1.62214747460022","6.2858396397734","-1.9718583366583","-9.62739663212134","0.816144289328394"
"Random_Index23_13_0311","-3.10396007479344","2.08784164005284","5.6077463068933","3.100826189806","4.91953988280962","2.10887908767697","5.04043620043871","-12.8183883773941","-2.71517348123362","-0.206455671374933","-3.66247936650454","-1.11673706318514","-0.441169255669129","6.88439162869607","-1.33637203624552","2.91425065367336","6.24689807562246","-4.61265067560016","0.219793030943679","0.763595785553908","-4.26113708939969","6.79553787340729","-1.97233725219104","0.0123084918265186","2.30707359440903","1.11703460266949","0.348456002137744","-3.73955102967365","-0.635914340328203","-0.95705082184574","-3.80285958937535","-3.06835962146459","-4.01046850410638","-2.97071256860605","3.09795876625041","1.71421891792097","-4.30358815576696","-3.09927330191055","6.93159670076821","0.044459122398926","3.27888977028797","1.40050884468355","-1.21743339692548","-3.54664254708685","0.129883626232283","1.05934035875402","5.0391760070372","3.38369847468669","-1.8125993215658","-0.559102972883794","3.5161962299464","-1.29688945530555","-0.670317284625225","-4.51011419880123","-3.59972710487552","-7.02901279574934","-2.04056472612638","1.08139935314681","5.09106482430372","1.24294749704851","-3.16965177482935","5.94574361418414","-2.88338167778596","3.66203651081741","1.08977860789317","3.30269099939492","1.59814289037933","-5.62962173609087","-1.19473068707256","4.35257954531007","-0.127624267142502","6.53109559193112","3.21090554435534","-1.16496292592737","-6.80406419478412","-4.46159676459265","-9.08054190969912","-3.89664221803736","-0.331982387482423","-5.31078532448853","2.34676940035034","0.220749148618614","-3.05127770702997","0.796415494048003","3.64822385100741","-6.60312403681379","-9.04090358580545","-0.749032280236228","3.5547947072029","-5.55346050668306","-1.1504386283014","5.30762440918915","-4.9750547818006","-2.30195517858979","1.35494263598064","-8.49620754397651","1.6597346829762","-0.285667856601041","-2.21953208735526","3.4018751941668","-5.04546146686748","2.82714906196009","2.81436367942092","0.783246662994283","-0.714615312030239","-7.51497193837793","4.75795759833941","0.314716488924902","0.883839775706211","-2.69056701915648","-1.70247748111344","6.27546472787851","-1.9881167686934","-9.69167667881604","0.820090458004196"
"Random_Index23_13_0312","-3.17685635767401","2.18131229096808","5.60260037139339","3.16523482548507","4.95537630247541","1.98050842057653","5.09854969692457","-12.7649687417967","-2.96438422607563","-0.311013461351766","-3.7663846553655","-1.18366345717144","-0.562391771174581","7.03202544102496","-1.49045442961562","3.17686642756378","6.36536022857171","-4.81265515289399","0.247008915512728","1.01278993587208","-4.43378832083593","6.94121150664869","-2.09242926142642","0.292545718875815","2.27275526547161","1.21474817341726","0.502127361817109","-3.7615859048147","-0.492421136419126","-1.01561277410664","-3.97621715328037","-3.0597819523752","-4.00196620852508","-3.04192447964816","3.03101614260383","1.77237558478828","-4.31847835806069","-3.30816716519658","7.00930719138561","-0.0545809261087983","3.38524302411764","1.34625477701424","-1.188811376218","-3.61628488860857","0.17957380829898","0.909951531774427","5.17694150007844","3.2833488050098","-1.94867728886989","-0.653630374246279","3.59555096147757","-1.28559290934808","-0.663503449121495","-4.39651104606547","-3.44821924504152","-7.25789562057667","-2.00778550852058","1.08705187832309","5.10858740330637","1.09857770979194","-3.2973982582222","5.83434446624183","-2.98506215951377","3.71321536143117","1.13393899173703","3.3357840126383","1.67635072749476","-5.83333295183984","-1.00028673327183","4.52944014921686","-0.0546224768039151","6.68950140795934","3.20082412343753","-1.04515470287302","-6.91649415181932","-4.48199637572903","-9.09536752015799","-4.01776812811758","-0.570112594737322","-5.3325187835591","2.37904971972853","0.121870999629564","-3.17290575607563","0.797633890778764","3.75228239851959","-6.79382641081888","-9.12633887213605","-0.755757616470357","3.50915577151102","-5.70500723806963","-1.27727520740173","5.54115376293062","-4.93979329274867","-2.26568184620281","1.52902788120444","-8.59501355509463","1.85837809307778","-0.457900337294414","-2.16713743703355","3.46142396539398","-5.14595472370076","2.93036610318252","2.86292839128246","0.705680798688516","-0.774629044225424","-7.6134990044035","4.67728595266582","0.17212286743666","0.791195020726191","-2.69840034416288","-1.63203368443372","6.19113439391511","-2.11838246260875","-9.74248904743179","0.679749078139464"
"Random_Index23_13_0313","-3.10611601920226","2.10766623162348","5.55883504437917","3.10522002750963","4.89676650304941","2.02944843047248","5.19125107498769","-12.8892647932426","-2.84801277296715","-0.302640904855711","-3.74962031428846","-1.19028754267383","-0.53537001044813","6.86336207310932","-1.4170356443885","3.10629808316312","6.2677061271165","-4.78226063198682","0.340091367988839","0.877153953067024","-4.44509781725546","6.79293525640398","-2.0430568153091","0.172182877557838","2.3316155538035","1.21870122820386","0.468003035595442","-3.80208246359711","-0.570665810477152","-1.00258519120118","-3.90074520820868","-3.1180967003043","-4.05745689824036","-3.08075899712172","3.0368421668535","1.77881990164851","-4.19647299514897","-3.24461696745887","6.9254097246078","0.0593008497671693","3.24245651550379","1.38303686055426","-1.25177035565874","-3.59919267798781","0.0665803145930612","1.0271337294831","5.01906651317349","3.31319216518806","-1.91441357975209","-0.584674192322105","3.56751737138249","-1.31240131684931","-0.649900554455718","-4.39718790408255","-3.48182753401538","-7.17126765775628","-2.08566682122409","1.0279015616858","5.10269445265402","1.19275660745007","-3.15253755295563","5.8589015971915","-2.87867541534114","3.66346374267396","1.08265793408385","3.30996409523493","1.71223052492166","-5.81346217683441","-0.962417810570055","4.39401721354045","-0.0540066505858049","6.53167357083269","3.21601191707345","-1.08322337912363","-6.87618138495529","-4.41652152264609","-9.09849631387704","-3.98078070339215","-0.466406188927044","-5.20354685654563","2.39097281143715","0.178321105941421","-3.03039629998364","0.846979072516522","3.6957690333855","-6.68499989309234","-9.15539367502464","-0.707629523431486","3.46881028633088","-5.76041905463221","-1.13508851099734","5.41107367779809","-4.95562465482668","-2.27852674285385","1.46001042698299","-8.50880016568417","1.78030240945136","-0.375509264545958","-2.27077637084867","3.39726317331787","-5.10680021753286","2.88075675544425","2.8470030413841","0.732589015968336","-0.821218513132517","-7.64165409121427","4.68709362324084","0.229815072159371","0.855289342261862","-2.70613831555746","-1.63961371595969","6.25527487256283","-2.03194897622941","-9.65166864916589","0.820565698305978"
"Random_Index23_13_0314","-3.06347364354321","2.18427604838562","5.59674361091907","3.1884028493957","4.8727123706578","2.09633447568005","5.18182452516851","-12.8997210132393","-2.84769979993238","-0.328868529106171","-3.71331067291825","-1.11325114897112","-0.573512587530604","6.82008491133021","-1.3486912682268","3.11158084362979","6.20327762355004","-4.76605560966882","0.27950518260641","0.833903778409972","-4.43914959881381","6.89931174317731","-2.05073882865878","0.0326528072176225","2.30470581762754","1.12527396050923","0.359042271011425","-3.81407260819234","-0.586647807272951","-0.966348948153814","-3.88839298009986","-3.13381594014253","-4.10425095721453","-3.0362229244713","3.04027619382501","1.73251450034099","-4.1789759129517","-3.19268421883616","6.99322390419127","0.0618352478406968","3.35185616182266","1.42317605187489","-1.37839684645011","-3.51052769012018","0.152996082299759","0.871369018750582","5.11657627431371","3.32511458913135","-1.89785318712984","-0.622117023865551","3.58958200793193","-1.29425022481207","-0.848430355938853","-4.59013889208721","-3.69503190935857","-7.0536495912812","-2.13949967892526","1.06145953620975","5.10023430698779","1.13162854312506","-3.1192745191525","5.87486748452543","-2.85299333905758","3.63778333581676","1.06524358699471","3.2574055446908","1.56894333812551","-5.78342016815878","-0.990184687716517","4.39865537658191","-0.196849301525212","6.53165209903403","3.2892604412158","-1.04277710865504","-6.74471284076224","-4.60248509484927","-8.88716259098303","-4.03509784916851","-0.357760488272968","-5.18932680354884","2.4098841051737","0.240116008075592","-2.98238586354297","0.878495384269319","3.64553884001924","-6.71033435075168","-9.23370213592544","-0.802473207987621","3.52701354124731","-5.75863654907451","-1.11023217001548","5.3074996196824","-4.98442013760042","-2.17161974068524","1.43075063511635","-8.46039353310564","1.65465486545324","-0.378683423335562","-2.3534606895434","3.42302690469354","-5.04243907846776","2.84547707040966","2.87479067712092","0.771586174829729","-0.701070414037655","-7.68489261809118","4.73210658509296","0.373570481656431","0.785958001176124","-2.78413798123581","-1.67594168692073","6.21343711960002","-1.97803074457904","-9.6236261691343","0.854071840919546"
"Random_Index23_13_0315","-3.16796035483577","2.05541643389924","5.52708084262165","3.09632482856625","4.78976038848482","2.19629386293391","5.24626652899598","-13.0911474625075","-2.79198904669358","-0.210275797605443","-3.70270671424869","-1.16750057827646","-0.537193857854964","6.90627351481506","-1.36106326861478","3.10232879983669","6.43151649724292","-4.60897348707805","0.255413999243752","0.827538798417208","-4.35177493422561","6.86431364598445","-1.93803549438593","0.07850335469549","2.22655064853436","1.27372250273247","0.343518927923085","-3.72900785625529","-0.636857001149915","-0.942620124518652","-3.83241080805837","-3.13996849487493","-4.02259706514165","-3.00782744902413","3.07217699824315","1.70584692210982","-4.29441679074782","-3.21980970011883","7.04417198352284","0.143996511479163","3.24602249762056","1.46734761125552","-1.14404277487016","-3.48543518694334","-0.0137995103262918","1.08128361815399","5.31997919034246","3.30833310960976","-1.82092578666744","-0.706085680929449","3.37072129598855","-1.33509819285115","-0.724237135214483","-4.48487752372393","-3.61094743793123","-7.18971954442403","-2.202876594792","1.08574296889543","5.10323419672973","1.16252938933241","-3.17011998413665","5.80592406259688","-2.8797287223343","3.61692818349458","1.15442103061257","3.42011171561977","1.57725168724529","-5.72439675280894","-1.06785994214511","4.39432435029556","-0.149303120296408","6.66141771942406","3.19492308867473","-0.96204619808938","-6.97358365590853","-4.52473186051819","-9.18446401203518","-4.05918656711772","-0.284684196663027","-5.35920544643303","2.32787701027096","0.27148854210553","-3.07474093791266","0.758314849687982","3.67125929094179","-6.73957175564802","-9.30041507881611","-0.74611566924451","3.50045344061219","-5.51122273612305","-1.30081843095322","5.41151634903432","-5.09777338426352","-2.35198912501989","1.38119327162004","-8.31453310417956","1.5951606641376","-0.345856301862784","-2.23757823116296","3.37276930533808","-4.98943531959391","2.82692343882629","2.8017944254839","0.880142902232465","-0.556628096976468","-7.62268349498565","4.73230301976286","0.35061976252852","0.747722232108498","-2.67287642994754","-1.80046452241055","6.23479999302643","-1.94665764502623","-9.69621100559017","0.892307294539968"
"Random_Index23_13_0316","-3.18959282703513","2.29631746984444","5.69054774110811","3.14744740437006","5.01015226342952","2.00481518829854","5.16413529096185","-12.847569527585","-3.03149568307708","-0.379718738039706","-3.74120833810849","-1.22480892283857","-0.620931024286743","6.99803997727741","-1.4278787167388","3.25709129710625","6.288113456458","-5.01434784069299","0.206660253090808","1.06349262689197","-4.25826378677243","6.90270581910647","-2.00193385606559","0.152296060949702","2.31431380657781","1.21059935017272","0.433406950621475","-3.79823647814041","-0.367592430788276","-1.07778706389369","-4.02299073431741","-3.10860718729538","-4.07726631754231","-2.94736854925969","3.14540570810116","1.61507663665586","-4.31632309603166","-3.2170282516892","6.96756847122747","-0.0713051353623571","3.41167412535072","1.39802969702701","-1.30816324179433","-3.65512514814999","0.132897621737948","0.981194778218791","5.24039692694734","3.2158071843224","-2.07069299555113","-0.639723416715306","3.599887711199","-1.41358870723685","-0.72967564720645","-4.62585764862604","-3.48427073077857","-7.19031317239698","-1.99349710182271","1.15501073902112","5.08406105741136","1.14088184565198","-3.40186434624043","5.96459271392473","-3.03110774461513","3.7936811114157","1.05397038895316","3.35878239785329","1.53325218946251","-6.04897802154993","-1.05970287399548","4.5516494819808","0.00179663374384398","6.53942701376349","3.32369313946655","-1.28111790376719","-6.96637980520271","-4.45258651196579","-8.9579392941355","-4.09983426773594","-0.502185258963423","-5.22681043376816","2.37049027150622","0.305289715679513","-3.12132171969774","0.767968398701838","3.72172053896237","-6.92226402718217","-9.30447321029701","-0.824609019962247","3.48119763687817","-5.60614194174667","-1.24789741398766","5.59169911833564","-4.86839036229515","-2.0984608939527","1.57314956177403","-8.60992011054779","1.85854543107924","-0.50882979903348","-2.32778499338021","3.55058533930366","-5.23165853028705","3.01489232679258","2.85210439288458","0.67884024342298","-0.78298707875909","-7.64015410614171","4.54036892595193","0.296177124620093","0.781720392635818","-2.85953164109802","-1.53969024516216","6.250225142187","-2.07777165433308","-9.84125750340439","0.785935677912076"
"Random_Index23_13_0317","-3.13648774311071","2.2176395505777","5.64337796585332","3.17882965076413","4.98289664382558","2.14004992109252","5.13532157514955","-13.0745531328671","-2.98766140826116","-0.204014444614353","-3.85686415705669","-1.1929151459247","-0.648179710333167","6.98906775673893","-1.45177998206996","3.36666313172659","6.28836632278038","-4.78052180593428","0.225564466093727","0.968866045295563","-4.45814880273617","6.91643564247147","-2.09483718056318","0.0992942598880879","2.40128900171036","1.3637276616881","0.411513949579245","-3.83774872316881","-0.540567123583724","-1.06593015070251","-4.083113664314","-3.19415574415454","-4.02907571063075","-3.21474132299552","3.10790736512831","1.97691536503356","-4.33666711848957","-3.29063223264629","7.05980770561557","0.203555726088669","3.29124576182924","1.44011294441203","-1.10914771646693","-3.5561967049417","0.221051820323027","1.02922956119036","5.19442889236726","3.28501518889346","-1.83561003202516","-0.68516778728516","3.52373994495594","-1.23970798540112","-0.845669763904668","-4.40985019871862","-3.74831975442323","-7.2877032779689","-2.0108641995537","1.02937874030742","5.06456875943631","1.09139361801866","-3.14842152322219","5.89953530732839","-3.04998591078131","3.60200087285585","1.2516232216202","3.23913490012632","1.59820466329954","-5.85832660213501","-0.930023287841754","4.44682708560132","-0.0737613042570041","6.56540604741708","3.27636545642303","-1.00259006464397","-6.90769388560032","-4.54077438484024","-9.05756010202209","-4.34909922345074","-0.26366168394326","-5.23606984106664","2.41904864851452","0.198676374778966","-3.19306901302992","1.0160948107723","3.7046058841927","-6.87278725223808","-9.19738619805568","-0.675482609642832","3.56045772928242","-5.62772691789925","-1.17019019801528","5.49010303711997","-5.09410986460689","-2.06296832174697","1.50157009915568","-8.63720999620357","1.73703266721434","-0.415074146070077","-2.41471043277754","3.53327809095274","-5.14965343361946","2.96770841212849","2.82891738554542","0.976637037418105","-0.46110208131211","-7.82776554821933","4.65439183005773","0.253167584122946","0.564269500261131","-2.59703956250643","-1.72707721853004","6.26355589167378","-2.08678365397563","-9.64580610106591","0.914129803940543"
"Random_Index23_13_0318","-3.17755796373436","2.05416952571549","5.54883399723511","3.15606224197605","4.72856358269341","2.07907107428091","5.02104775438925","-12.979903905842","-2.9123901708367","-0.230696044102194","-3.71779428392258","-1.17924161933129","-0.569569855750437","6.93152523257364","-1.35689768771052","3.09150403992464","6.37026128045944","-4.69605215857289","0.266830881994894","0.868532065003765","-4.46669502560164","6.8656523723611","-2.03711550402514","0.00548172891931656","2.24710701128194","1.14560083866021","0.44996053146629","-3.73902866761457","-0.591963939640325","-0.992583878357262","-3.84824683371874","-3.09048742173071","-4.07713543792931","-3.20536272287452","3.11742924943874","1.66778303402206","-4.36169329683101","-3.19953758361237","7.03296751147812","0.166421437228505","3.29760428046749","1.46384568040857","-1.23309540730081","-3.57073728597554","0.0363152161648949","1.02369435923171","5.0524549997646","3.33706749175574","-1.92789642423472","-0.658080559518706","3.40428308653527","-1.34650056847481","-0.777382564841231","-4.45186564200985","-3.62652531817771","-7.26225303693541","-2.13146822293436","1.12670324728235","5.06285931364035","1.13906216725582","-3.25820616558061","5.8309590900345","-2.83870004110962","3.61098820848678","1.15676784314823","3.39487448409885","1.61682546697741","-5.81193206336687","-1.10370145976251","4.34291537184912","-0.127003902010671","6.65930770919119","3.08781477419778","-1.018639764674","-6.94395879095935","-4.52898631108721","-9.04616264884649","-4.1070784705014","-0.406172903833996","-5.22462246493732","2.43494148968335","0.227953822211629","-3.04131102901493","0.861830287691834","3.72865903145319","-6.73901860329176","-9.12613075730422","-0.752840982184297","3.44241010638532","-5.55386523611994","-1.14792946206077","5.33933376285047","-5.10753410829809","-2.28055253930995","1.41320854120545","-8.41979098865164","1.60620777290963","-0.30637073759742","-2.31648698398987","3.47519015418881","-5.02524388088699","3.01944177459938","2.86798386829659","0.851714872602724","-0.687869376459411","-7.64698373634635","4.7089240416695","0.335972952866043","0.656592438453533","-2.73246806651284","-1.77646471056068","6.27649103286274","-2.10072597408799","-9.5992383280148","0.903930613624992"
"Random_Index23_13_0319","-3.24622790943638","2.26619742660972","5.6190932406099","3.13215316122239","4.85670577498332","2.06370549035066","5.20965920331345","-13.0545200862039","-2.87722828117519","-0.240787302108028","-3.67693388323679","-1.1465943883215","-0.608133743110199","6.97809413501317","-1.3375111684654","3.08081867896096","6.31538020159146","-4.81336678310956","0.286627691719316","0.875596069310492","-4.3361425541575","6.92219103429166","-2.04777368291762","0.123227246054612","2.25944034814077","1.23283884819376","0.353176791701291","-3.73542227153056","-0.567983202722717","-1.05978867325175","-3.93443743071854","-3.10000350101409","-4.11411489691139","-3.01347050270485","3.11447111760801","1.70025886673856","-4.22475532596602","-3.16273001815134","7.04356989146087","0.157923324496148","3.28329808487796","1.43320873521992","-1.21914295263402","-3.6393863020678","0.104537564925967","0.937262002707461","5.08879444796797","3.3207794383431","-1.98826237456052","-0.672750680813243","3.53803520622026","-1.3829195668215","-0.733686077647806","-4.580575962235","-3.50907243597944","-7.20136538582296","-2.23288147674091","1.19608537801613","5.10452559120285","1.1068272724381","-3.26238011965028","5.8334896932908","-3.02494078195344","3.75480182051611","1.12185758936286","3.38153252337148","1.62828883119346","-5.734846214318","-1.21127128057808","4.52982067599502","-0.167968098374441","6.68991308815836","3.11789648216337","-1.14036237189146","-6.99087270550842","-4.4527977478251","-9.12152372325886","-4.17682043236989","-0.46246916972257","-5.28347746218576","2.41869908784093","0.234595828450267","-3.11723915042369","0.693739711970878","3.75382384797545","-6.77982412865306","-9.24593395878899","-0.744553609463417","3.48457681451894","-5.63583521127387","-1.20836649328431","5.32552456473696","-4.86265667534839","-2.31906147992314","1.44199875640247","-8.45361564237866","1.73851636553673","-0.388778105974981","-2.25076514303175","3.46479040413804","-5.07909279636375","2.90867331130964","2.88448930120472","0.799261841944593","-0.685588993248354","-7.56337401890768","4.68159219322903","0.294985709082035","0.701460435460067","-2.77496474176126","-1.59835641165426","6.3045775113586","-2.03398027263859","-9.77772765199921","0.849172233772149"
"Random_Index23_13_0320","-3.1261052394763","2.05287972937098","5.47686496209169","3.05131743312292","4.77082068285983","2.24922592239636","5.15661845310535","-12.879210730676","-2.70654082822916","-0.0868305341574808","-3.59510082249275","-0.982608821203613","-0.426771828067503","6.80889961896329","-1.1999757397918","3.07267153484618","6.20375338271739","-4.51903443416832","0.397394443530728","0.771700596596035","-4.50805495773173","6.74529180856544","-1.90510379380309","-0.0525189014434213","2.25186233540437","1.17399608606662","0.293386204993821","-3.61006470568693","-0.684198889551046","-0.783858509092763","-3.77953267542042","-2.94884020785982","-4.03002481352035","-2.98560374100022","3.05777538820556","1.85681627329552","-4.20889936984011","-3.22751285569411","6.83228979080942","0.163191984083911","3.20777395398251","1.57892666229953","-1.1425321142055","-3.41349789100639","-0.0247960813841456","0.833139948683281","4.99878374690176","3.19560455998523","-1.79090598865227","-0.678479671676707","3.36104471395257","-1.20095297079766","-0.573530954943427","-4.5190897048999","-3.59995197017622","-7.09382662193094","-2.21136716010086","1.10482664910636","4.95019343771849","0.94263298034667","-2.99899438240694","5.68653051810322","-2.66415207649987","3.57078307343418","1.22938440195068","3.28991779441096","1.66881656457896","-5.69390147582018","-0.98082687797652","4.26369296150043","-0.17110626221322","6.51142612363816","3.15876341343526","-1.16165151812224","-6.75497186979825","-4.38058689687397","-9.06575615973648","-3.99483855896782","-0.299356319906947","-5.23699212004881","2.35127525549565","0.376251969488187","-2.88597474312355","0.728935147029653","3.55660207033415","-6.52506611754196","-9.11506090465004","-0.629620374334046","3.37010022480096","-5.67285110495636","-1.27578859763911","5.22479498212461","-4.98267715912445","-2.30709728241423","1.24923420718977","-8.43456734183156","1.67975013161649","-0.224136072318851","-2.30833516903663","3.40039565533434","-4.90676254714054","2.81940381308944","2.74925848123968","0.870400171592626","-0.703413483972892","-7.5247287838546","4.55331055567885","0.450478755955759","0.71085772167648","-2.62822762999709","-1.73028818929601","6.13894425333806","-1.93951994865965","-9.54637959073342","0.903835242124654"
"Random_Index23_13_0321","-3.0022816536141","2.03256139915393","5.36515341026774","2.95856861489477","4.6612166015812","2.04989332511393","4.91241021458344","-12.786262832782","-2.81714699179159","-0.162506934487986","-3.56187851094813","-0.974453207727158","-0.503279250580453","6.92910309839256","-1.24526618716427","3.01968329680437","6.25712294449541","-4.56424926835517","0.368622507662429","0.889523045835097","-4.32445355087739","6.75717989114635","-1.88451072107885","0.0589791614124136","2.19114848047172","1.24714434489084","0.414258056688759","-3.62012515895221","-0.586082800683852","-0.848973585032196","-3.76352254315983","-2.92769335235639","-3.89570917394669","-3.15342029151955","3.14256564471769","1.73958517432196","-4.37213135799911","-3.20498899596031","6.95506770782193","0.151856795123661","3.09809501139198","1.52736635172223","-1.11874328520997","-3.42067990059073","-0.00706307287794228","1.03379255802745","4.91525563705424","3.17751523894321","-1.99488580664816","-0.745496158556789","3.4000970169977","-1.17371578643197","-0.589551933818664","-4.26763646814202","-3.39296247501095","-7.04624603127893","-2.08371610086644","1.15490301420128","4.89091905503631","1.01465156110893","-3.09967496540403","5.67314303394589","-2.79480889180879","3.53853877551545","1.18897426112155","3.35796890230979","1.67063998712178","-5.6977757157219","-1.09098847957749","4.30661605295801","-0.157846848816325","6.54957955917885","3.07872619503469","-1.20301456843464","-6.89466393391992","-4.39013541504556","-9.07034527261726","-4.08914125471172","-0.307671763001549","-5.32217548078251","2.31753111362338","0.286842200077057","-2.99496050661776","0.722943772883985","3.64815920645796","-6.63855550804251","-8.96967284240473","-0.535150938062018","3.34951445773239","-5.58865913324011","-1.27854063148056","5.3152046943369","-5.21400505492444","-2.37612155122633","1.43932283666736","-8.41497589311295","1.63607351357198","-0.332294006806549","-2.18897970769917","3.49602266454974","-4.97176099374398","2.91849585603419","2.75219766487362","0.83656871958101","-0.720940369809535","-7.53266761756776","4.56234905142646","0.330333653501891","0.614151408956246","-2.51915041070753","-1.75550436083436","6.14250499790324","-1.97267445841522","-9.49382463390388","0.832933724697202"
"Random_Index23_13_0322","-3.01673035673507","1.95755865583734","5.51160592547599","3.02892410574577","4.85851090706971","1.9255127474633","4.9717668652194","-12.8005935271339","-2.91961590733422","-0.193774275370405","-3.68689391405696","-1.07701892179453","-0.579172816094068","6.84586178489308","-1.31690590442192","3.01625138710446","6.21935794813793","-4.65242962182903","0.314686350498082","0.818558496435083","-4.37328006116864","6.75165294923251","-1.9651865453662","0.0852105835694118","2.32418820936281","1.2278455379405","0.436834460526556","-3.73199035375399","-0.497442626071492","-0.943643239234889","-3.85864772936496","-3.05107941138631","-3.98176036953102","-3.10331370526569","3.092502149137","1.69409024722252","-4.24338772336906","-3.17553216616258","6.83359123425898","-0.033496933910956","3.16338217007691","1.39264122408398","-1.19685005226797","-3.61394079692006","-0.00792508660223556","0.973264067430305","5.05060268659234","3.2724198399286","-2.00299851568086","-0.562225943706432","3.5512497065189","-1.2579254054402","-0.610210208052475","-4.45355684403231","-3.48011566613679","-7.03122656423635","-2.01733621675249","1.10407975639452","5.01316022091072","1.07478429113519","-3.11397246659724","5.79865667698489","-2.84054164619327","3.59690986709426","1.06751500302876","3.34320956705628","1.66078042943355","-5.72533089581428","-0.980422177068389","4.32426046283623","-0.14414035306422","6.53931095416155","3.16952882577584","-1.19708842984737","-6.80601419198436","-4.47811835249591","-9.08252875398228","-3.90573109883817","-0.440993315456807","-5.13483803435355","2.37081559162409","0.13122454015886","-3.06921965387582","0.766284035074107","3.63338951471598","-6.71154158175986","-9.03857729986164","-0.680178683209865","3.44942515563861","-5.71131499800091","-1.10214273399151","5.35476980689789","-4.93619055856671","-2.37501641409628","1.4004607288821","-8.31900055341836","1.73887885703527","-0.360553584133562","-2.15020404496789","3.42962502870983","-5.11672715965302","2.9447458702855","2.80671090950607","0.67560508332361","-0.865142663729042","-7.42199909098402","4.69195667437233","0.200796944788663","0.794306083958024","-2.57976091950663","-1.73134954531376","6.28164349212399","-2.01267729640813","-9.66672250285908","0.746683451173763"
"Random_Index23_13_0323","-3.30329283301823","2.32232272038767","5.60866679727635","3.16437812193348","4.88086076524153","1.97890447094705","5.24795506881213","-12.9022325929427","-2.79509225915339","-0.392061288176591","-3.90820365240059","-1.33294779704789","-0.686178849450398","6.78753793082634","-1.53444828371172","2.97183494029666","6.32389857136486","-4.62368806324545","0.0507023510329481","0.828859734564983","-4.33749319715678","6.79982230798926","-2.28813225478015","0.212111414162158","2.51604094767086","1.08611810258893","0.386189279928837","-4.05298075855233","-0.434783067398789","-1.14664458570253","-3.94749523282954","-3.30506547364238","-4.20190616626217","-2.86741768704623","3.3163654151574","1.53825629353991","-4.03277417356186","-3.08115500458968","6.86731443800579","-0.161659392087381","3.43631963807907","1.16954567350443","-1.43131346824034","-3.81513321853326","0.135533019214242","1.1159032727692","5.14040556596523","3.40323274425738","-1.84358321107821","-0.390725750048875","3.53945597418299","-1.46808507127167","-0.915398957432513","-4.52334618319394","-3.55911512294107","-7.1053077926923","-1.99481878538793","1.2544515886253","5.18862899881792","1.26923299573111","-3.12141654883326","6.01982245085087","-2.80408686822107","3.74496096478134","0.86111409973325","3.48239862075361","1.40904223781029","-5.85918369971499","-1.13031545349968","4.36155606431032","-0.20609520660514","6.54877660196262","3.42464507513935","-1.02787423454392","-6.65733676495079","-4.61043825432186","-9.04698700342519","-3.78381455685966","-0.432377993888648","-5.13268276756841","2.46711232278009","-0.0179259192107829","-3.09375696237157","0.859012333227421","3.65958873378963","-6.6717608456256","-9.24615570646454","-1.04383676268567","3.68891573503974","-5.56451497313695","-1.077368982924","5.32538595975428","-4.88687037038722","-2.14123374391837","1.35306385736599","-8.37646534359716","1.66943752969601","-0.494393091479066","-2.22768627973535","3.562112017791","-5.13117754201907","2.9628997422274","2.89186331446233","0.594061934125914","-0.765732402688577","-7.42434792318304","4.78011949718158","0.103940362123403","0.908644781889236","-2.91306904741138","-1.48393629237459","6.26124460276236","-1.78228065145829","-9.56989083097477","0.683577434763267"
"Random_Index23_13_0324","-3.18926166167597","2.1521690384955","5.57981239164488","3.1436102178988","4.89908837959634","2.06040297105628","5.25419719903746","-12.8857564108745","-2.82171179092945","-0.380244363381039","-3.87779286199461","-1.36070608470975","-0.685415850908856","6.85552303338424","-1.646104721079","3.01328346689554","6.22970199230758","-4.83494929736913","0.128186201564195","0.892628504659091","-4.36013955433919","6.89791770822029","-2.15438559688931","0.0450343697672966","2.51224416201609","1.03755104752532","0.29117809574194","-3.88847934943154","-0.590365030192061","-1.1202065747331","-3.96101398269702","-3.26200487941085","-4.13289004326763","-2.86033752646949","2.96906664347115","1.6636075921867","-4.20258921587026","-3.08983555450463","6.96726150057048","-0.0494267429240252","3.42159162709162","1.31022875833411","-1.42771024182994","-3.72704275546131","0.186869624566583","1.05183651224009","5.12953066456039","3.39016770205996","-1.84777415899821","-0.417602840046015","3.54820809673598","-1.33367572237502","-0.758422130221977","-4.53054473131293","-3.54208881400908","-7.21535016877889","-2.07736296356351","0.945664942342003","5.19388662634867","1.3334221088277","-3.22841476859235","5.97746806510013","-2.83667644198933","3.84226892041407","0.990823218126707","3.30849551832208","1.64805030307247","-5.77038094321939","-1.25090234439238","4.41776434899146","-0.0705349998583599","6.579765670474","3.24126711439338","-1.02532561131847","-6.78580216819728","-4.4299510768184","-8.85792431419627","-3.87319302489868","-0.517201272385032","-5.02144073395147","2.46408258943749","0.131753718068533","-3.09840835829559","0.860303874031052","3.67313123186766","-6.77374727561371","-9.27620021930155","-0.872211055085028","3.63742283456742","-5.60210814657309","-1.0694321554947","5.36013629443056","-4.81509586883175","-2.26474421922515","1.40842752646404","-8.4169120515779","1.72492838675689","-0.468101690453238","-2.31490892395601","3.26994128590061","-5.1562786659107","2.74631057847775","2.94190876105259","0.697203810194015","-0.774534962643858","-7.53036295970309","4.82960526144113","0.186169431589669","0.998842356266583","-2.81475131026535","-1.56350123946692","6.31155763257277","-1.86558206543687","-9.6913177656345","0.819054528609624"
"Random_Index23_13_0325","-3.15497054663476","2.27672121692101","5.82957769345817","3.28623877974094","5.01541312795137","1.90436811765825","5.17106913797726","-12.9949562390532","-2.98834248173807","-0.328485974839956","-3.86143751492399","-1.18503425048386","-0.680179531736115","7.06190207463266","-1.58341113292191","3.32156091662205","6.34783259458761","-4.88264112571503","0.202009492916322","1.08089272410985","-4.28054634286407","7.05292904988244","-2.18213604981248","0.172036435823256","2.33604399496374","1.269322676918","0.448827014166431","-3.92879843865923","-0.518467090018217","-1.25595631046706","-4.04455427660551","-3.2488277425095","-4.06156605925267","-2.98609793403079","3.08046376422313","1.83937025885876","-4.21914800140193","-3.21045398531538","7.13523413798034","0.0483811771678787","3.42594390864745","1.28259893024748","-1.40280027499364","-3.82147101278485","0.256647372284398","0.972796650609802","5.26269885234443","3.28480453780665","-2.1040228080299","-0.676488602858424","3.63871050806057","-1.40190420280255","-0.805308658203319","-4.51248524699811","-3.50233687819919","-7.1626710685207","-2.02603305783632","1.10105296734642","5.21913041046205","1.23028592158989","-3.35518295039577","5.90476583488798","-3.15559108965345","3.75542360133502","1.11909908650405","3.38468214168633","1.6367997630891","-5.76620957746062","-1.20254191643393","4.59860922355748","-0.0275884389980252","6.73360488268234","3.18345428896691","-1.30838728371469","-6.87701142119676","-4.48597248037983","-8.99286648652386","-4.20748358744548","-0.562543045886011","-5.27510004502056","2.48562229670596","0.0481378603269902","-3.27684240325687","0.83216952145321","3.88403379084067","-6.9153004948247","-9.1871150046827","-0.80741582855216","3.6203090211124","-5.65588527240863","-1.12797074025807","5.5645358963298","-4.95293469337685","-2.05368136972292","1.57173870333692","-8.35262566878981","1.94307919105735","-0.548987661661702","-2.24478981003951","3.47317450347333","-5.25373016082995","2.98745546884637","2.91840902308991","0.710239051306062","-0.718412873956126","-7.69895151740258","4.74506265896156","0.151974003305214","0.62747758080394","-2.7621142563845","-1.58533609369903","6.3590932596177","-2.04220924070066","-9.83604488543666","0.679301015656464"
"Random_Index23_13_0326","-3.05684020266098","2.22663255460701","5.59522271336285","3.13685848244034","4.88622967083845","2.04964516228214","5.07188946496266","-12.9286310904514","-2.81475810006522","-0.285002106764627","-3.78269119363619","-1.19917754904997","-0.605764901042896","6.96294527811874","-1.41857610668494","3.06802165624383","6.37681245385722","-4.64867522609841","0.189332069446603","0.925850498100552","-4.29755419493372","6.89168078697458","-1.99871813262342","0.098679706132932","2.32661026102566","1.15446860784572","0.440883701812082","-3.76731662039406","-0.52975582064131","-0.956539007592269","-3.9068890703266","-3.14504427242925","-4.07612926788502","-3.01655011536422","3.13643872869113","1.69502974918731","-4.29010085883461","-3.16758087091199","7.06077673279689","0.0430741019561317","3.33168071754696","1.38219124033469","-1.18092227708664","-3.53147312317374","0.125352021170756","1.01529942069248","5.15920766730379","3.36874855067465","-1.93049356736548","-0.583902562226491","3.5308997196858","-1.29137240180233","-0.719160729303515","-4.46751400477349","-3.52120405686906","-7.09486403122337","-2.06473588563965","1.15844237028388","5.1233673368744","1.15392365757369","-3.20876395006515","5.81918695535036","-2.89935429628034","3.71769735369276","1.08263061102767","3.37042361361026","1.58663238784383","-5.74639174395066","-1.09114389320994","4.43770099244897","-0.114497085146185","6.63064978813656","3.30558458824258","-1.0978618685376","-6.8772271677495","-4.5499615746184","-9.05629897864618","-3.95765974418821","-0.472570843344565","-5.19546416609232","2.43591356553104","0.242927236046208","-3.07647305470176","0.821778568556506","3.72084343488166","-6.7854339854295","-9.18398224734652","-0.78705453447534","3.53370282470015","-5.60884912588459","-1.17464494063647","5.45498616936034","-5.02443166213517","-2.28687749219055","1.45557036453735","-8.47469147061991","1.74387740930901","-0.419052097028677","-2.22226571061599","3.51575607888471","-5.08233484415042","2.89580170127367","2.85979448201913","0.738966012612161","-0.681159272185157","-7.56073927756328","4.7044339140893","0.273361057473701","0.85651785031862","-2.6772491409881","-1.70821361562395","6.26194279406254","-1.91159248393848","-9.6524989367143","0.802375877088252"
"Random_Index23_13_0327","-3.19150544343898","2.07895724376276","5.654073626728","3.28966205487369","4.89062504677769","2.12207766154921","5.21001170765735","-13.1471241188007","-2.90022029910064","-0.313506217038784","-3.85178134871674","-1.24400756343342","-0.603325465903488","6.94950318088192","-1.43923975229865","3.1667325319407","6.38734294774935","-4.73905961415091","0.0813064094192187","0.940709403302447","-4.52591962425182","6.97939157894864","-2.03169340834003","0.108617730800001","2.31938065227556","1.09613500594894","0.428198325266403","-3.76930940174594","-0.618275872465344","-1.02826164309986","-3.88047221310887","-3.2997563104382","-4.2507840166026","-3.20052864765403","3.1610625576933","1.71451163061302","-4.3175894727648","-3.27653620570393","7.16939146510519","0.165131924783169","3.39163693076296","1.38972596699497","-1.33890132856107","-3.6100243452498","0.225913129054421","1.12881873286766","5.10467490500478","3.39268884562443","-1.87799220982244","-0.588468054694466","3.50937787939687","-1.45884212282466","-0.877222207303305","-4.4616165679227","-3.73926456215197","-7.29933629010573","-2.21276319734703","1.19715979609082","5.14600013279471","1.05649316498318","-3.22161037973206","5.83447408261593","-2.93748349179929","3.74947096191395","1.12154047718354","3.41000671224017","1.57159177189352","-5.89395722056406","-1.24389090712506","4.47632356275043","-0.183399919957105","6.68548744882908","3.18993135731493","-0.997671229852268","-6.93604932724866","-4.62715759766059","-9.05562746446238","-4.14294752741272","-0.39860413878448","-5.28340969058289","2.48012509580192","0.237422042064066","-3.00182534388288","1.00224176239839","3.85968300036912","-6.78605106882702","-9.24533799177927","-0.901140724329296","3.49888824980991","-5.61314490702324","-1.11285207501606","5.4925972504739","-5.12327786479365","-2.1597809491635","1.50556816101356","-8.46278500981037","1.6115166294429","-0.386343875646658","-2.35324825667663","3.53693152233757","-5.01212184098339","3.05242085094486","2.91690687035815","0.861407177027056","-0.689788445410289","-7.65200610298713","4.77140555544268","0.303695173529153","0.773736071152923","-2.81571917415453","-1.69741520369487","6.35922770477322","-2.02785450955188","-9.66974408643872","1.03162289285114"
"Random_Index23_13_0328","-3.25998140327684","2.1968872442776","5.67523977250482","3.22604498288494","4.97967277231269","1.99967223212415","5.21565682074444","-13.3721342169447","-2.88490328389231","-0.36732752886648","-3.9185063294714","-1.34650815776107","-0.723985795196392","6.89580767731814","-1.5201956875261","3.06711318344064","6.40525701086089","-4.76603702475358","0.214179046292894","0.841222614520811","-4.33299966285107","6.92006644961307","-2.17777793696514","0.0345668957237973","2.49109185071747","1.19431614823194","0.314609817283651","-3.9956010993819","-0.520284416477128","-1.13588873639348","-3.98995231783203","-3.20961795543391","-4.10661845514212","-2.9863143975063","3.04686056630647","1.65982722511742","-4.10612359461478","-3.09921437768118","6.99763177275267","0.0248331968360184","3.40626646365297","1.31435785500204","-1.24675989605238","-3.67530752001142","0.137681956819082","1.0905894549828","5.32047989231821","3.41864682118321","-2.00600806670038","-0.516683612589398","3.57296807076956","-1.53285579118643","-0.835097472224346","-4.55688747603632","-3.65491835623299","-7.19960366659212","-2.26905235247499","1.02522564275765","5.20483678861021","1.19969059762739","-3.22401480800483","6.00289374458765","-2.99066509355766","3.84425276925759","1.02827900668182","3.39578487481933","1.4953413206793","-5.7917999520546","-1.11978558509015","4.53000886053579","-0.146401649736908","6.70887795347407","3.34512131574374","-1.09893867072056","-6.92088167057006","-4.50735746171367","-9.1237968985416","-4.03961979467395","-0.436868679343048","-5.17225628106333","2.50544209065611","0.104545300998373","-3.229764894903","0.810692635764251","3.72444934952143","-6.94168103466019","-9.38703604470506","-0.805113145654188","3.6577552277484","-5.65023865244735","-1.12479850781459","5.45034649951124","-4.86607847241493","-2.23182032404966","1.35418595576351","-8.43956875522896","1.71149877216823","-0.47663696004481","-2.33520280913338","3.37513031663494","-5.27682559297689","2.88751971328507","2.92705142301903","0.722697628956663","-0.649825784777337","-7.66782782740696","4.82524400578402","0.15974213357784","0.75343637054746","-2.70500115758814","-1.57767458824261","6.47607987698198","-1.93711925278456","-9.82714735528435","0.753883991246672"
"Random_Index23_13_0329","-3.0214642339309","2.18404110552558","5.70465130207922","3.21528801430975","4.9952301131766","1.98809199479938","5.14065659278649","-12.9836948203441","-2.81134468009758","-0.359084908343747","-3.83684697032725","-1.21665830050125","-0.629314394177679","6.88803282781842","-1.45794510802174","3.16199025517163","6.37796103574673","-4.64291174126021","0.140431569985861","0.908586505991573","-4.30066768645114","6.9621297244513","-2.09362269575207","0.148930883053862","2.4189231862694","1.05517402441577","0.503784629960231","-3.84774131868016","-0.553871619855718","-1.02166120773349","-4.03625797031512","-3.31078348420667","-4.25839695903489","-2.95349601680794","3.02438952574086","1.7149029342948","-4.30046861376301","-3.25597306709751","7.06810473767265","0.0268325839929701","3.33068025497395","1.30492512611849","-1.26037622901698","-3.58851641121746","0.237129844628211","1.03182783705099","5.16029530494261","3.44819714619971","-1.7953025577376","-0.486077536336372","3.5610325670098","-1.42832142107509","-0.819005911981908","-4.44974611940986","-3.66424951255073","-7.16026465952522","-2.11305070402036","1.01206519973387","5.21746561583656","1.09069557560373","-3.28692576631916","5.90393234530341","-2.99734645044858","3.77216426252883","1.00172173830304","3.19235493009811","1.46498557962275","-5.73647787941508","-1.0805462011034","4.59957835467633","-0.206136675556308","6.65821090341237","3.22009135492594","-1.09793295007486","-6.80646617513806","-4.53762408468303","-9.047465012837","-3.92746496852721","-0.507168183296577","-5.27070550163574","2.48810580086576","0.139450891256168","-3.1715484269468","0.951384226684083","3.6800253014325","-6.67445496858539","-9.22549706572645","-0.847611627960399","3.56949203676307","-5.56632478311494","-1.08919158037323","5.50490367736896","-5.05775302969721","-2.13308305885624","1.48752143966755","-8.43728608521412","1.78129094143019","-0.53554739544376","-2.31510541341103","3.36022185300516","-5.20827968885177","2.75455810464932","2.90990422528107","0.658903524395728","-0.696851683614592","-7.51177674769894","4.71028678405019","0.207395580594562","0.771048713638159","-2.76351050826244","-1.6233908930723","6.26228373997792","-1.83130145100646","-9.7511084151413","0.782949507977382"
"Random_Index23_13_0330","-3.13462982678803","2.11140610138768","5.52322651348746","3.17488136871312","4.82668151463532","2.11258939973771","5.20283998818064","-12.9046915117873","-2.71774887281402","-0.321379912731878","-3.75362992213804","-1.16853342422118","-0.568864461772524","6.84051098766553","-1.40647249919141","2.98104223463933","6.30291296685612","-4.60043768901206","0.27972369294771","0.761418580912297","-4.4471990885601","6.83345717329043","-2.06616319568279","0.010532938809787","2.39010747993182","1.11440602342071","0.275169007254652","-3.74599146567556","-0.62271675393059","-1.00361055692398","-3.86238315517363","-3.13248624539824","-4.13559602252999","-3.01590149698267","3.08011063480707","1.82528722678489","-4.12330998330936","-3.05838108658511","7.0283057187552","0.0653807234489386","3.30610032989769","1.32297524125177","-1.16445845457341","-3.48282575059019","0.148830572660089","1.0088414371261","5.11297842608315","3.33306435891407","-1.91114857403554","-0.501978126160858","3.47124281733018","-1.33790294378955","-0.82514114809407","-4.40390956184689","-3.66178078651651","-7.07318344299031","-2.09740759936384","1.09816936884793","5.11035900830667","1.11850669176606","-2.97286034959502","5.8270556022318","-2.76711575358657","3.66601860828979","1.0077236805977","3.34744007656302","1.53949285664148","-5.75760296486499","-1.05649775511996","4.35332931180995","-0.232150722780044","6.56422930229504","3.25847578597296","-0.99232894241349","-6.78134308442929","-4.4926051683469","-8.94659241875802","-3.92132377078536","-0.405756180426713","-5.11389164763226","2.49638369053912","0.123405680853929","-2.97086377704333","0.849590721965415","3.645353078593","-6.5831058040424","-9.16694764034354","-0.742100544932277","3.50155752525357","-5.65743218489759","-1.05245473675659","5.25429811728592","-4.91747412400614","-2.31358707572027","1.32182551464006","-8.32632032610155","1.61513721727996","-0.347737661779357","-2.39119967063924","3.39782792655158","-5.05195522048706","2.90739904447259","2.88974231212141","0.762229225683242","-0.736585321983481","-7.60858275612202","4.71004972643355","0.211059267289747","0.843170458534495","-2.70216380487395","-1.59871076119836","6.30349125382723","-1.82422558497127","-9.61428503230033","0.805807235820038"
"Random_Index23_13_0331","-3.1826281747492","2.25513079190082","5.68103710670374","3.20747970555607","4.97645505674263","1.96482837218304","5.19861554513335","-12.9407503895743","-2.91119463680455","-0.393114938329464","-3.81395716057675","-1.25004424064956","-0.651370843660641","6.96639001869886","-1.46349745780958","3.08417760189934","6.30776067071583","-4.77889758764424","0.157029692303333","0.97092802423677","-4.24386142709029","6.89321499789362","-2.17751396120314","0.135600385137891","2.41255216905179","1.16266421106997","0.447357238714046","-3.91002970997489","-0.456906656634071","-1.08832130741165","-3.95962181591429","-3.13960111730155","-4.10429861468705","-3.07293017780745","3.09906872035048","1.68527624268755","-4.20006384350504","-3.09837013443765","6.98857897622306","-0.0623811554665543","3.39955125777533","1.32218716241443","-1.31451182563415","-3.68707320896733","0.196010790977959","1.07763468223629","5.14184838094142","3.34474838990663","-1.99654888960501","-0.537342902630851","3.67710606041602","-1.40434669387684","-0.740603667319918","-4.4885520504728","-3.54234071777385","-7.14116458870168","-2.0092935172526","1.11868047283513","5.17285479363244","1.2078949027134","-3.25253693486577","5.98775228435446","-2.90677441363144","3.75604660144492","1.01707606015979","3.36093644743483","1.57790940592908","-5.86210840011796","-1.02001956029607","4.47906896747051","-0.0448113423426117","6.61261159304788","3.3348965316978","-1.1534995893784","-6.80454939518019","-4.54050141530864","-8.99731026889585","-3.97608430091184","-0.495321682979754","-5.16416327137593","2.48294400832933","0.133161728967136","-3.11936396846416","0.889309233408725","3.72363649057377","-6.74804528165513","-9.16672278644722","-0.87356449684515","3.58906553988405","-5.60917097170825","-1.05735475577367","5.46673424841749","-4.87644805877666","-2.28347907330641","1.44895097001872","-8.4854440905082","1.80584840644316","-0.499162572660189","-2.28003190715639","3.45040309302545","-5.18269894406083","2.87733815023015","2.95370222452643","0.623185303331557","-0.749444985341407","-7.60583503213037","4.75341820399164","0.1875589648733","0.890840718672626","-2.8436064491731","-1.53778515957069","6.3120811701762","-2.01743111581699","-9.66717538144703","0.735191729465152"
"Random_Index23_13_0332","-3.07464679589882","2.11923841366122","5.58000761383697","3.24774220576659","4.77471197366175","2.13377545400816","5.2885182490728","-12.9183394752706","-2.75854742565543","-0.339447164345305","-3.70440840796551","-1.18028711407212","-0.625636074917759","6.80356870917881","-1.44646542043562","3.1087094044675","6.37266788345558","-4.59818554262174","0.189517005215742","0.892908501029297","-4.35076332443028","6.91160874584465","-2.02637223901053","0.131658089653473","2.31610982806816","1.21541575124244","0.401900052954185","-3.6892077095149","-0.592061090778662","-0.986200341938103","-3.80822378660637","-3.17737714586716","-4.14649557178527","-3.11938580773927","3.0382846653316","1.68862359278824","-4.25767683517224","-3.0840378073547","7.05945132822083","0.185158162523109","3.46310307594367","1.43207129866899","-1.15973202789321","-3.4494696902471","0.121437403577011","1.10562096410279","5.03869433647448","3.42834166229411","-1.85323442623798","-0.54607503936656","3.40839040682474","-1.29583465483633","-0.736900999181903","-4.50207902660217","-3.65523408615249","-7.23891408527625","-2.12956402754176","1.06301300505775","5.15467621365011","1.25649563100757","-3.17515344857476","5.83535790769241","-2.81084724261101","3.66164309203113","1.1426480942665","3.2922550241372","1.52358814018439","-5.81882174896016","-1.14142333134439","4.40181466769068","-0.18176388954613","6.61066215999852","3.16424267490328","-0.890168410925641","-6.89836438886251","-4.55291895636998","-9.09919821586656","-4.02246223194967","-0.349984556098923","-5.30870849786776","2.38974476349731","0.0938606098040563","-3.04436461246906","0.983408380685317","3.64345539837465","-6.72799890393594","-9.20227716453103","-0.740193698980033","3.58907107807239","-5.48543002179911","-1.18461218810585","5.43719046759374","-5.0109222320439","-2.26594381520178","1.42618304098092","-8.49619736286214","1.61112079899413","-0.338657214819221","-2.32887407642831","3.36489193250773","-5.0401276976942","2.80416573520574","2.83360361227308","0.85610831543349","-0.537117738070452","-7.52652374041178","4.7329474214155","0.273934772393408","0.67138638191916","-2.73707862551011","-1.73239117350067","6.20218613191806","-1.9024736163044","-9.59107463965626","0.81036067716275"
"Random_Index23_13_0333","-3.11215615567863","2.22494816988541","5.69378268071844","3.2444913550271","5.06909523300133","2.04594594652884","5.4134717213215","-12.892932115563","-3.15687490682983","-0.251926684513085","-3.83463222932119","-1.25135526131267","-0.596434992649798","7.08830503809695","-1.49432581755009","3.29363253509142","6.19760117180411","-4.96729204294914","0.102202880294821","0.990443248140919","-4.3289458711335","6.92882463212037","-2.1428371225427","0.0718356664387345","2.38921277577242","1.20434196908321","0.37269612526221","-3.78159286692118","-0.489975405609754","-1.06658426935688","-4.17147708336341","-3.20825256014479","-4.39095047022457","-3.22183473887673","3.0114047084476","1.71713433698704","-4.37298764826623","-3.17397208346512","7.07220529494874","-0.0657488201557188","3.4483211011146","1.35582804029706","-1.2614496806494","-3.66063971724977","0.300852131925503","0.951561374106995","5.24339610218798","3.24646875766409","-2.04517511188998","-0.629965218340141","3.60980829801887","-1.33070499412797","-0.798429860384612","-4.42650727745052","-3.48037680152629","-7.10009853773568","-1.90180089975248","1.01144687281244","5.16623790390218","1.07949976620705","-3.32911185246871","5.9437017424185","-2.95746489932886","3.71428022364358","1.07880972292023","3.22623922838493","1.61497118504955","-5.98825479963472","-1.0017333643558","4.39226631192002","-0.0268001690332667","6.54610118356828","3.19432051959235","-1.13638969348457","-6.92048422722293","-4.49185111937594","-9.04685457173808","-4.20912997340798","-0.390696715406972","-5.24285463879433","2.40555758870493","0.227157770244152","-3.09379685072243","0.917656863380451","3.84542967689458","-6.86056677881787","-9.34355337287652","-0.744380356062313","3.47539306656326","-5.73820978426766","-1.11065581645075","5.56868403231789","-5.0424399377651","-2.11840955073807","1.60870476965413","-8.52083639359657","1.7530689140563","-0.503284537257089","-2.43076818533038","3.4494260883321","-5.17045563116398","2.91377264970268","2.90425663180482","0.757980791080818","-0.80593585836736","-7.72686206025775","4.70255625154859","0.275340255119078","0.806076766804615","-2.82009253140122","-1.60548598253519","6.3643082916987","-2.13950237922834","-9.77503505272856","0.84359022105968"
"Random_Index23_13_0334","-3.16738562294849","2.1248222788594","5.50218655143826","3.11793608447233","4.8550860975605","1.98446450418198","5.10177030123409","-12.7833128162186","-2.76873889049431","-0.390476712684023","-3.78007255356628","-1.22325209315196","-0.607185033420538","6.94856630030292","-1.38980526872084","3.10539732864696","6.34259436379405","-4.77010013658692","0.203151059499432","0.9407085472251","-4.32124452542258","6.88070070155075","-2.11878063970679","0.198396945240528","2.32825680284213","1.12434079807072","0.451323699999881","-3.85995300851526","-0.465039718795504","-1.01578878984678","-3.94615889258267","-3.13077545095881","-4.03153664555985","-2.92145359652464","3.0315311032526","1.72049188563145","-4.19585432306311","-3.16726549130712","6.96284476618928","-0.0126797413161297","3.26948812597425","1.33023891857593","-1.33305886248443","-3.66510598690644","0.0746022317581293","1.03631771244719","5.1469739135993","3.33854696781471","-1.95801575321371","-0.568444892954648","3.54135491900425","-1.29323371029694","-0.672737473682251","-4.40148315352179","-3.52976651645617","-7.16555380374047","-1.98742070054451","1.03068698867666","5.11599356823386","1.27380719662688","-3.28745811030426","5.87326527470157","-2.96394988991229","3.67423059896227","1.05675914008548","3.42627026616979","1.58223900277105","-5.81596496079568","-1.17334383470507","4.4567715098954","-0.0830345098509638","6.73972136786282","3.22037016063693","-1.14979644916944","-6.97898647953002","-4.56945852885143","-8.991304808388","-4.04880777726685","-0.436953403774733","-5.24543823072787","2.46894170735771","0.152324346129656","-3.10475751731657","0.816281337003863","3.75038492032459","-6.84164642359909","-9.09125053176237","-0.751451519203902","3.58800048560073","-5.57550572191918","-1.12436932402149","5.41960294522062","-4.86129124447571","-2.36086955338012","1.52849246590917","-8.48257851131583","1.72131672537825","-0.465017405719139","-2.23504866490245","3.39752725158369","-5.11873736837327","2.97836190952307","2.88824556272759","0.711799763664031","-0.757280526531614","-7.50555798078476","4.7981806708904","0.193107692510524","0.887273244082858","-2.75685080481136","-1.62496912165014","6.20321601349769","-2.00914368533915","-9.77298314035684","0.723713324619394"
"Random_Index23_13_0335","-3.12702573910978","2.25164726607366","5.68048085186832","3.21260522823589","4.94594151477689","2.03955544945739","5.11237098492603","-13.0688067374311","-2.8631394782284","-0.220921698068107","-3.72518404599333","-1.05604873105612","-0.475771386327993","7.01149266684445","-1.34164090055864","3.17545375713234","6.261455048057","-4.79206716349371","0.302111889385044","0.833100215324555","-4.24911245811313","7.0367739509462","-2.0454936717702","0.00240573226076842","2.30297340105","1.15014392912926","0.348530222124871","-3.81310281547227","-0.60454236738539","-0.861145087396232","-4.01197784884328","-3.10236489097638","-4.09483976228891","-2.96628841110947","3.07175636681933","1.60469703393132","-4.29483383721905","-3.24015049359784","7.04879436708617","-0.0288255688285681","3.32164344572154","1.47032681912486","-1.32256863784651","-3.57103453020587","0.0432157738463729","0.7964493223868","5.30478931364931","3.2074282720194","-1.93988500631881","-0.651251668446676","3.61691896843825","-1.3345290192332","-0.687460395784002","-4.4820926804456","-3.54690244227126","-7.17368436186246","-2.17628218518634","1.09159962969979","5.19314436277465","1.15113601263049","-3.26650629025052","5.85198779650155","-2.99402555778577","3.78782403294784","1.18291381954092","3.30478274479058","1.55101111098894","-5.8794836468829","-1.00514217887806","4.53905365943615","-0.133277739118081","6.68715816024709","3.34218117322483","-1.23673425984157","-6.8217327492345","-4.50323110825836","-9.00037584942024","-4.01633541310465","-0.47067698301889","-5.0671783168672","2.47451931327109","0.135325968428048","-3.17408289741457","0.808639770768198","3.8086789570627","-6.70103148553585","-9.2718607197089","-0.731248042764473","3.52303991742923","-5.66778205742951","-1.09230550973801","5.28640292983172","-5.03055023588427","-2.42465783739749","1.38863432188099","-8.53461236534799","1.69712138096673","-0.332372615416941","-2.31429295000023","3.4594042914245","-5.0603414015255","2.92881765904255","2.96955247246252","0.717903901860975","-0.867253631472009","-7.4858898598776","4.7386358579501","0.254930932207049","0.9458474941801","-2.70021981449013","-1.63530663383642","6.39618762082514","-1.90747311231588","-9.77956232844484","0.780616615046233"
"Random_Index23_13_0336","-3.161096129742","2.10412518899309","5.52116276773075","3.10778298525473","4.81260928695857","2.08813861266768","5.28425856926139","-12.8849568958108","-2.79977047149662","-0.336977204858632","-3.76151472712398","-1.22431247864819","-0.608943008325231","6.88561118072413","-1.46232981098041","3.04911902420563","6.43061739926772","-4.75141103548494","0.237175719978972","0.830221505057117","-4.2056608232705","6.72704027322488","-2.06631493734808","0.121609981034845","2.15199745630189","1.41525750458467","0.327012185670484","-3.86514572941748","-0.724048851879657","-1.00507895823475","-3.91674687732156","-3.11320488083181","-3.95179358007921","-3.17128353534956","3.18508356380657","1.70271449178601","-4.20585231579352","-3.16175449382739","6.98454867351264","0.0642689432116887","3.3383404725787","1.42708767043307","-1.2768192715331","-3.67237027971831","-0.101954556246056","0.878309760333047","5.03510854601322","3.24035806523948","-1.96380038752296","-0.713316369705271","3.42169042298008","-1.36787712900434","-0.709819652124072","-4.49927079229603","-3.54436183564088","-6.99473056006306","-2.14187178647102","1.16483649204939","5.06406111182001","1.3973403333817","-3.21246349913954","5.78145430307894","-2.95528027981007","3.54255729037776","1.10952945478036","3.44723657579373","1.71082167993638","-5.69974405077027","-1.0511798584913","4.31947072617388","-0.258710358019951","6.60874064461853","3.02306296767903","-1.10416315918169","-6.92083459482845","-4.51770102618676","-9.09271390845195","-3.99620433644699","-0.347124808548303","-5.22735092071487","2.42701094893664","0.170192913586839","-3.16891008222343","0.657977354031289","3.68518380998558","-6.82779473757336","-9.2209940051127","-0.756657854453549","3.39573249181903","-5.64774267441156","-1.28028647532713","5.32920991836671","-5.04726701832549","-2.43446351451878","1.34781352678188","-8.3188066433099","1.65978246420916","-0.34171026507658","-2.21607228632457","3.5178659819394","-5.04236400558078","3.03127271759327","2.74320895672039","0.73452402779207","-0.680432516191273","-7.62833819744901","4.56003654665365","0.244888553432146","0.750631446384595","-2.68852220871766","-1.81855564275176","6.31427958789229","-2.04173276925458","-9.67048982684534","0.869803198978793"
"Random_Index23_13_0337","-3.07749056469473","2.15074171068956","5.52532465336321","3.23305285071792","4.76000172386714","2.0227520201733","5.1124336900911","-12.9355576956464","-2.81797447403293","-0.332763679286251","-3.75805633440171","-1.19915292588652","-0.701620429481969","6.91236745650486","-1.44215484862039","3.09471115679505","6.3547540135908","-4.57409179227853","0.194751942280469","0.898659329655297","-4.30417241489135","6.90592611765681","-2.03937150288304","0.07335982998394","2.36462452590554","1.14374054851441","0.408589304798085","-3.80188958500186","-0.543854555016477","-1.00047806275491","-3.9267847237962","-3.17934562196034","-4.20846314378762","-2.98196483363928","3.05597207128014","1.68161845108341","-4.2781401169221","-3.12054936485391","7.1197105710053","0.159908815080408","3.30968244237175","1.36922491650943","-1.1269433175481","-3.49058007802193","0.0684573142416962","1.09871509532931","5.08286370613801","3.30429237977805","-1.77391914614825","-0.56865304697246","3.45447749858911","-1.41891536044632","-0.817577496667974","-4.36480848575133","-3.5361047801849","-7.12148394612514","-2.05091955213572","1.05742160027229","5.07728941780821","1.14664207622226","-3.07370444652171","5.82197727417048","-2.90429260472655","3.62603314914595","1.03757644293694","3.29701626309789","1.4316479077607","-5.64001475623592","-1.0555071468577","4.47662726562084","-0.217395696775954","6.6398636927723","3.17260294365438","-0.976818164562996","-6.88998410961555","-4.46887224805608","-8.94959672073062","-3.94546465022621","-0.263884782668316","-5.21669145437069","2.40954891314884","0.133032722963424","-3.17627441942968","0.908185770088617","3.6663979445937","-6.62386898078149","-9.25167834573304","-0.713871780918302","3.50044158304343","-5.55320691042867","-1.19584348199295","5.38291516791697","-5.10682322284831","-2.17233363440699","1.29503932211674","-8.32719994230086","1.57830888906747","-0.352814141324098","-2.40734258273289","3.42529324668002","-5.13367931290871","2.91733052572363","2.86410350671181","0.794065005625494","-0.586257938909338","-7.44035265364194","4.66406560475252","0.199418364196212","0.835695170165812","-2.63002893468283","-1.63934701827819","6.21893362281335","-1.83621873949005","-9.5264182441131","0.760164283285466"
"Random_Index23_13_0338","-3.06333330389965","2.24068357477976","5.52048356724388","3.12966277643922","4.76373236755181","2.04091235520362","5.18692367626503","-12.9437239359661","-2.83789102195636","-0.334370938056223","-3.76607787840068","-1.22873950369136","-0.655057611334271","6.8979894081543","-1.44811667134144","3.14767162928085","6.29321821100798","-4.71777111447956","0.162790392799212","0.859950138127392","-4.406986202307","6.8591118453301","-2.07171415342746","0.0860120833729335","2.27054342504433","1.08784067718256","0.277189292296853","-3.73492819065704","-0.568836595008455","-1.0300936222119","-3.91242651927357","-3.09342293502402","-4.1206145185694","-3.01363527347902","3.0274416939086","1.64650968108719","-4.26893538215437","-3.0911784762408","6.99089469349907","0.0623551634370965","3.36866956932573","1.36539575570534","-1.19144147858825","-3.53148700597481","0.0961941771898708","0.963110245998404","5.07391411949694","3.30446349815399","-1.99491345027896","-0.573114570581515","3.45856837433622","-1.36332177458366","-0.769987448255928","-4.48910878236875","-3.58626721146503","-7.19570683973069","-2.12793555493654","1.04691737586054","5.12954455335043","1.07581870622838","-3.18310830057659","5.8325184789064","-2.86639823900258","3.63839068008235","1.0496349129156","3.32376808955358","1.59772285947294","-5.85797430204517","-1.16766167990549","4.34212070881289","-0.108485501447163","6.59883195546383","3.26529747873291","-1.05822214342173","-6.80992245223784","-4.50317894401637","-9.04213004095755","-4.02450402733523","-0.397256644862252","-5.15266427050966","2.43460139226842","0.105752264496025","-3.07607868332272","0.896458120725264","3.75893092403583","-6.71654333505917","-9.31516176623509","-0.773088598455804","3.44742418189409","-5.59144892194918","-1.15629493972188","5.36085180410334","-4.96742561859287","-2.37386718943947","1.36010693710856","-8.45982183840343","1.69690536075548","-0.349298759215035","-2.35361274113842","3.37990376234262","-5.0680849502556","2.8618131801981","2.91303461685546","0.729346074718018","-0.6989777289831","-7.55002504616414","4.70146631382426","0.197138553013812","0.871032733832361","-2.81274510583653","-1.63362310244825","6.19107122324275","-1.96564150511593","-9.6074192295769","0.787185248893232"
"Random_Index23_13_0339","-3.10880156898855","2.15462101946061","5.67351527574621","3.22274910330782","4.93197178138299","2.00027993202912","5.15050893400222","-12.8255129097241","-2.92157897296224","-0.343610930275377","-3.79874637232836","-1.11690779303353","-0.755406826532995","6.90726254051226","-1.49159384007885","3.19717602486955","6.35253116040828","-4.65947080999045","0.19879565570841","0.971242672888387","-4.18152288197155","6.85422580147089","-2.13418134717478","0.182818907168089","2.44501643169389","1.3000135536671","0.482480001826448","-3.8505427202252","-0.394047259532788","-0.989853904267169","-4.02856884933575","-3.19150374676102","-3.92842184424162","-3.01190035769998","2.98518993365755","1.79569074110712","-4.51059170564281","-3.11631872677066","6.97220875504631","-0.0588794783282475","3.34079985343062","1.30504835360432","-1.26815878447259","-3.66287271288148","0.254866818298646","0.865080586467293","5.16473378329468","3.32071675356996","-1.87142278748058","-0.535891130894591","3.58592330533061","-1.29061722455174","-0.710270023314632","-4.46502840861491","-3.49901405964025","-7.24546487722283","-2.21836145371423","1.04306683631614","5.15367302324497","1.30058739631511","-3.3656623076317","6.01806900945561","-3.01344959469798","3.77994736656256","1.06554854167288","3.30454145323067","1.63948929722578","-5.71956678561487","-1.02488739544296","4.45571790388152","-0.134111616574734","6.61923753033117","3.2402335872383","-1.1927886800847","-6.97416089791284","-4.47469305276769","-9.14044806704721","-4.14552250899985","-0.530419144571919","-5.0442765502451","2.36316696887123","0.105696569948977","-3.24614091834148","0.82625183118097","3.72572684172454","-6.7477635932599","-9.18195983027972","-0.828196296432274","3.47436933311955","-5.62186900451322","-1.26061385094375","5.44809063037172","-4.87532888579148","-2.26755193998459","1.48603690067167","-8.39999345376912","1.81311711696189","-0.492556414413661","-2.07820183896208","3.38829464343073","-5.28615140626282","2.8621460484483","2.83545653660384","0.644854992722131","-0.700216108688474","-7.42711624776664","4.75239714188687","0.204474785723888","0.946135153323726","-2.66189083967667","-1.7364150287659","6.22994615955776","-2.00073772848091","-9.72763910973538","0.702815014331953"
"Random_Index23_13_0340","-3.2486385855097","2.26027849406482","5.75103138000773","3.2073703248158","4.97251764411072","1.90920915482488","5.07419066911487","-12.8424134667954","-2.99176191130675","-0.413796837105303","-3.86905317095748","-1.19221616891507","-0.628411191713975","7.05298533156742","-1.45691237538612","3.04915448738641","6.48208944033498","-4.79374333642711","0.307880371315843","0.999349809182272","-4.3244238722696","6.99779191891089","-2.17252207818251","0.0850861099772561","2.40508099962125","1.15675141898659","0.38590395222503","-3.83857596174879","-0.467336766643293","-1.05460266025711","-3.93869026636417","-3.10997849015298","-4.15318403297646","-3.12277636852864","3.21412232257411","1.54605814377134","-4.35114930664518","-3.07981056977029","7.06050426349999","-0.0603170610277122","3.30329725764088","1.35429568770042","-1.27635930114231","-3.64441110752298","0.233064848524209","0.976145245444846","5.19170159176096","3.38735980994518","-2.07883382395159","-0.591726888158806","3.57616166532836","-1.34512180285363","-0.728860338106948","-4.47652734337779","-3.56660481094923","-7.14137527183889","-2.1310803261325","1.26123282836864","5.27756470247039","1.19846914338811","-3.3535440689631","6.05091083699157","-2.95374636950908","3.85995305157416","0.987257928244072","3.46592515307849","1.61665705136539","-5.8976756733535","-1.0182074889228","4.54145526435154","-0.120136786846478","6.75873615851596","3.27596901554193","-1.13994801683213","-6.94024282747495","-4.51780978643216","-9.01539239344748","-4.1058907322235","-0.519820118234078","-5.17971471477676","2.44418560114696","0.1377805576312","-3.17529273886141","0.840459200483901","3.71832844158675","-6.8488298414068","-9.16847129327939","-0.844583114244424","3.64306137482845","-5.68353058635255","-1.18235808399907","5.4315372595748","-5.00398484140934","-2.18653400491946","1.53563018584224","-8.2933336376568","1.76324303754545","-0.531472657359976","-2.22947883949758","3.59542079430256","-5.12534793477023","2.92812121647181","2.92253140731886","0.686194998080119","-0.798477188057277","-7.56196827279059","4.75405828052308","0.163188043798975","0.75300388949212","-2.94740960598413","-1.6485300043621","6.32020422524257","-2.13591594552902","-9.64168335445994","0.70697485216823"
"Random_Index23_13_0341","-3.04497428934901","2.20007121882486","5.59930841527995","3.21297785417418","4.80183612369458","2.03337584208444","5.12878719877741","-12.8742376979045","-2.95771341935181","-0.337208147699234","-3.75590118181094","-1.2942729442221","-0.711364502725005","6.98484039160817","-1.52572621873961","3.21226119809856","6.34203794820561","-4.73973777017403","0.196092641729623","0.995915211167438","-4.2510255971301","6.91356675319869","-2.00276373744283","0.133669283126226","2.26239859965825","1.04737340529835","0.495759472107574","-3.74626600562301","-0.513580887473439","-1.04158984227246","-3.97349661885507","-3.17701889195886","-4.13920424098664","-3.04032349122766","3.09979042321098","1.67278173152038","-4.34384821356541","-3.17690949579867","7.09395636062451","0.149641772159037","3.37578599892987","1.41798336509267","-1.22634527661463","-3.56916557209082","0.0992409124485466","1.00134149317346","5.13892575418033","3.31367335161245","-1.85866860517252","-0.651274828220015","3.52463125577008","-1.3886510201086","-0.764113581239886","-4.38662762310092","-3.58950572066817","-7.30639571611643","-2.05000989572535","1.05035458620329","5.1436290418252","1.15674387976476","-3.30723131925284","5.86019391796355","-2.96322230210301","3.68304725296222","1.13828928943964","3.34166994401308","1.62415518610173","-5.92380227051975","-1.19778426614097","4.44947922536281","-0.179597731901845","6.62272012406491","3.14577901946773","-1.05029462090788","-6.81679721787143","-4.476952220895","-8.89308238656306","-4.18590429536672","-0.467253772306522","-5.13350890129239","2.45532525859834","0.223078755699977","-3.05781451142975","0.960107405653691","3.90167650989414","-6.7681128976562","-9.13041130660203","-0.78447523993652","3.54260061048942","-5.47355538111789","-1.17719012763484","5.42954065556328","-4.97187042648408","-2.16899435444762","1.49338982256317","-8.46019123425357","1.67557117596378","-0.410398257392115","-2.25870566747579","3.4884409122039","-5.0735079043935","3.06190090885778","2.93053126984274","0.802002202137976","-0.66584156966025","-7.67276995028765","4.61777288861062","0.265400860334414","0.737310527380683","-2.80253577150039","-1.63291820080326","6.26084439679592","-2.1694901193545","-9.56013747580979","0.891221411052851"
"Random_Index23_13_0342","-3.1081289811928","2.18798707878308","5.58168534530357","3.14844239641213","4.82061629657739","2.15351138979344","5.18768519937237","-12.8968825594927","-2.77061963849457","-0.391287610375875","-3.73843102024944","-1.15993862940269","-0.570888707629672","6.86759518750973","-1.41976337907583","2.93435196704691","6.3805378866211","-4.62384953114206","0.257566524693613","0.692313569906025","-4.43722487225336","6.87033777744694","-2.09459399988221","0.0517048625639542","2.33175778244326","1.06585823121544","0.230163174710823","-3.81527391257287","-0.585447715730443","-1.02401088517788","-3.84731155107149","-3.16702782192259","-4.08548350618147","-2.9329801721418","3.07577693680114","1.67127350164628","-4.20442679860196","-3.11023179647638","6.94934415963219","0.0157486018001104","3.34639809285403","1.36929185651817","-1.22157280482733","-3.56968042253389","0.0876064888570621","0.957511414375662","5.09956043040552","3.30914849284765","-1.94320512267123","-0.537493771863387","3.52483188150726","-1.34047978839043","-0.720338739994908","-4.51438400937811","-3.59801121294383","-7.17345263647843","-2.18084543304528","1.12492752743415","5.13405398196413","1.20085247487085","-3.1134742789863","5.88532359529076","-2.82936486197208","3.73153301722619","0.995213898239051","3.36630448281768","1.52384737967923","-5.79833176018808","-0.96236544097885","4.39885532665432","-0.193542572194911","6.65898681651932","3.31568699734584","-1.01450092784315","-6.87859898089961","-4.52384505168513","-9.02783649647777","-3.90569267546078","-0.323108195686045","-5.22680093085144","2.50817146917689","0.126936548966927","-3.01413688469209","0.768369090547785","3.70237787203238","-6.63575778801365","-9.20424585236361","-0.771835563126629","3.49559228008809","-5.70548281888115","-1.0857910366611","5.27792083172444","-4.87280797919404","-2.31533384377636","1.25690533294283","-8.49741173437995","1.60961256878855","-0.369149845213628","-2.33990213782288","3.42260807057973","-5.0205362594608","2.92229552922972","2.87891830791721","0.738094600493924","-0.766712409289725","-7.51360228839959","4.75216767066756","0.251074560989465","0.94069756355867","-2.83190594220908","-1.65039463789482","6.34581031028222","-1.91965865239646","-9.65007368531","0.757120791894671"
"Random_Index23_13_0343","-3.18245397670099","2.11884653427728","5.57994725661965","3.15430922949378","4.88112539555412","2.06050105170564","5.20696530626381","-12.9488209846254","-2.77639974044864","-0.322523977617459","-3.69136977388357","-1.25712807016911","-0.601992479062144","6.8559926948096","-1.50904242765808","2.90289135521069","6.35871719577671","-4.71169628056082","0.190493428990347","0.796926715591135","-4.42922034501801","6.83575342664501","-2.15232979605074","0.113205535878467","2.39648659771057","1.06384466024378","0.301410103377995","-3.81517711542898","-0.605657875784305","-1.01908962266223","-3.85726126464029","-3.16010737031564","-4.14389359078142","-3.04112925391146","3.15408230043646","1.57810099197836","-4.1073998626405","-3.10757269584263","6.96692264288702","0.0563452622577563","3.34264749268174","1.33457668565144","-1.36557465181123","-3.64795358675665","0.128989824983942","1.07997171076481","5.09916671784397","3.39338747084218","-1.90366510026241","-0.487465554149012","3.56150821136492","-1.33697124524208","-0.76359162617354","-4.57451725278451","-3.61104578079161","-7.14374964630554","-2.11105766169656","1.19029457991654","5.1576174249337","1.09755880742836","-3.12234013267672","5.91182722664911","-2.78914588547065","3.7384494468526","1.03120944706134","3.43267484970905","1.55843812138052","-5.86091255718675","-1.06010067589326","4.36662872324846","-0.204231549586743","6.67047773565685","3.22017961840526","-1.08236865144179","-6.78836002065623","-4.53174507769749","-9.05275686365919","-3.90089780716178","-0.38261482034149","-5.13643278232947","2.49289987888837","0.0891236110231099","-3.03804803812557","0.784742271287782","3.77597239967232","-6.71515820545467","-9.20162695496734","-0.805295293562075","3.57398152288435","-5.64645795697237","-1.11482635726178","5.30850340326693","-4.89145001923065","-2.32328427012591","1.33375132666186","-8.58065681338194","1.61013155029298","-0.38472911763589","-2.30859980189387","3.46983676515389","-5.00965571000136","2.91144434052946","2.89281199185175","0.734334033614887","-0.829366582543951","-7.55965576202957","4.8214310336508","0.198787645364461","0.870064233497462","-2.81173599034322","-1.56177101949358","6.39577852937974","-1.99017052670357","-9.60807952448701","0.834711576227668"
"Random_Index23_13_0344","-3.23999828763976","2.19423820156551","5.5928498345783","3.13673441613783","4.91246855399781","2.0687150363895","5.23597153764","-12.901865222923","-2.90288133451268","-0.325568812667299","-3.76615834126382","-1.21852105079729","-0.589109886316858","7.03613707333986","-1.44797810378615","3.11152847359371","6.30493767987063","-4.71926221889081","0.262297238527904","0.955022186191048","-4.37425038423352","6.9031515692072","-2.08383968148474","0.103629776021938","2.35343041742324","1.12232328699415","0.472029196413467","-3.80613928600955","-0.54249351253663","-1.05091078845042","-3.88491368042839","-3.09442463583431","-3.99792378077087","-3.00320895133278","3.08885857826162","1.68489915460169","-4.25189546108472","-3.21500930444158","7.00570294166058","0.0238480070806342","3.35503404592372","1.42049739712734","-1.29851645357515","-3.66242194038957","0.173756640448374","1.06656151448611","5.12611078276345","3.32889159489223","-1.87794781427207","-0.602894162004359","3.51499765150788","-1.34367925053561","-0.747657984633788","-4.56101487040891","-3.62809882257513","-7.26464521807224","-2.12099436364955","1.11174236761819","5.18758518202894","1.22467538429992","-3.29221439616749","5.89993128315614","-2.91380506350029","3.74485023496358","1.05682712866337","3.40900784816834","1.63980909969493","-5.82595908452191","-1.07694691064709","4.47451649412776","-0.106457663857423","6.69037945140223","3.26015402016576","-1.07830551358333","-6.84916321771303","-4.6252144482169","-9.05859108804579","-4.02923167275482","-0.482217324995189","-5.33486938236814","2.46081029265988","0.225315125139991","-3.05327321784185","0.864450915368748","3.76723891277937","-6.75849687478215","-9.14123493227347","-0.791712934248506","3.56631184861721","-5.5645346709424","-1.16060572103548","5.45585079468831","-4.94767555029483","-2.248992381517","1.45451993879899","-8.49457155015289","1.74512499503939","-0.410101989387024","-2.15102187225869","3.453266724335","-5.05645333536444","2.89998849031836","2.86243185312663","0.882656926068267","-0.777673514239507","-7.74051387649593","4.78229333335298","0.246339573375062","0.776620984423237","-2.78875766719038","-1.61904056235792","6.32933653944469","-2.03525620683186","-9.71809516980134","0.842368969544664"
"Random_Index23_13_0345","-3.22709373143917","2.23329894642928","5.5930572249941","3.08345492052788","4.92362648284811","1.99900944291725","5.12478092558108","-12.7567377226999","-2.87241733723702","-0.292776555678308","-3.77317358276289","-1.12131750414629","-0.571721725724983","7.01539995468167","-1.37443768910613","3.03356529853061","6.33396500003291","-4.80843580282108","0.286787881383008","0.872891505786128","-4.15485404597679","6.87076401292151","-2.08893424782731","0.0978337795523039","2.34535113039798","1.21119121146378","0.419586468864548","-3.86514923744285","-0.448816025793334","-0.999397815076163","-3.92351926593047","-3.140906061182","-3.93458344858382","-2.9523873212212","3.21840550429518","1.68229621100708","-4.2449737160518","-3.08726632019465","6.94964195799516","0.00799534197291398","3.2860378689566","1.34927497608857","-1.32385939303367","-3.66709048805334","0.0624127038743917","0.999983369559187","5.04864957666317","3.29232301300971","-1.95351601580248","-0.642526841142194","3.66470812335283","-1.29261109714358","-0.657267150692186","-4.50811871187546","-3.40766124559328","-7.17861650129028","-2.00648975060326","1.18778403594458","5.06195929416623","1.2411735737725","-3.27527835841945","5.94505725406709","-3.04110417159821","3.79802774691256","1.08021310670571","3.42676798463189","1.64767483234878","-5.71885282817328","-1.06305962728122","4.43392763054879","-0.0666933949678443","6.72979885307117","3.16856297321328","-1.21978150984648","-6.91542740623572","-4.43596205845004","-9.0234509832303","-3.9994313689113","-0.534009279747401","-5.17449126214136","2.41881308985165","0.228865012921689","-3.17880995588758","0.725972167677405","3.7208850970783","-6.8327275216617","-9.12423784938992","-0.764146375516945","3.53759365050834","-5.65624035988523","-1.22219134310693","5.35820524001673","-4.77460397450217","-2.40892587321946","1.40013534911835","-8.50848517968844","1.84342400870315","-0.452663558026171","-2.18253547135079","3.55380249540887","-5.10197624981501","2.97504512249867","2.87395043118571","0.696921897735374","-0.770879223876602","-7.4991999913532","4.64972203923314","0.248273961498492","0.847499035480978","-2.68861313376263","-1.55629574702073","6.26609750024562","-2.04865964790708","-9.76170763060562","0.744557128191881"
"Random_Index23_13_0346","-3.11086404453698","2.20220870831616","5.63957484263261","3.3158444281802","4.8175217847998","2.043043527806","5.21055416124561","-13.0405253443606","-2.81915145519635","-0.422589376768159","-3.8118309892229","-1.35858596976036","-0.688549517367647","6.85584993259613","-1.56208514987304","2.96489984417049","6.43659545783717","-4.74385129926802","0.201784070657794","0.772044473452832","-4.35487301328032","6.90409804161214","-2.31805977066356","-0.123818000068","2.5047569008122","1.01267974247275","0.257834191232816","-3.8787714485467","-0.650589750731515","-1.10688959719971","-3.82364599219366","-3.15983811996585","-4.30243362756292","-3.04775955113894","3.21030632281108","1.54725052012057","-4.20871903797231","-2.90191393405896","7.07951089210372","-0.0336803783115545","3.39638811592078","1.29601694422185","-1.36324239485541","-3.57898747513757","0.148986121195386","1.14524461477882","5.11297498982617","3.52879311272314","-1.91048636309249","-0.421784143212784","3.50947390096159","-1.47361493168748","-0.851282100420348","-4.5468874112405","-3.70898092448636","-7.26608374680877","-2.26433207551637","1.20195719388787","5.23755967222243","1.19914342798091","-3.18338258138459","5.99429585255399","-2.81128267915461","3.71589327677661","0.999935555430691","3.43920685017507","1.42263399655223","-6.00254891143045","-1.25393161901956","4.39963917636894","-0.236672825098246","6.69996050774516","3.23418635688757","-1.02342416831184","-6.67338964198206","-4.46859809859524","-8.96415473265675","-3.98303025730048","-0.532778647546558","-4.982038057561","2.63974084147927","0.119870585264062","-3.04066290120573","0.852855445834921","3.83500338887228","-6.84894619437287","-9.38679206446738","-0.901603998479246","3.62045207391561","-5.47841671339109","-0.921573311585863","5.31529116074936","-4.8991709612484","-2.32791569073147","1.26080230577726","-8.49107384857052","1.56455257446913","-0.416945832570448","-2.41476037132349","3.48118323110518","-5.11504557339305","3.01552192877189","3.01694069185775","0.676908525036455","-0.770027095845978","-7.59295954754453","4.90713104171151","0.144547523842104","0.775147527043168","-2.92170706395545","-1.62354489658876","6.48345695996286","-1.99674524601484","-9.81889025137111","0.897109872611095"
"Random_Index23_13_0347","-3.30433461866294","2.20784174254113","5.62040422815149","3.11928515639799","4.86889337056876","2.14011100725999","5.22314915757636","-12.9178675517794","-2.77434512445","-0.307457289950873","-3.78663318361154","-1.26303172719346","-0.650668635151962","6.86259088921159","-1.46109820075441","3.0220011295209","6.31629704467805","-4.65513118360209","0.239949524394274","0.860146475993948","-4.27368628015551","6.89839749952785","-2.08267864862861","0.121253506052006","2.31956901039197","1.04502788777518","0.338341601633197","-3.82184292959998","-0.640199840300734","-1.06345583454218","-3.83472092083285","-3.18690070346765","-4.10472582630747","-2.94092465960547","3.13528447163189","1.59742673422308","-4.1854015970806","-3.21211962671908","6.95168119118313","0.0548223286588223","3.42546091146554","1.35301144709695","-1.29152497047179","-3.50095361552095","0.152021719996007","0.988032601003603","5.1618211873333","3.33422480223227","-1.83480172732351","-0.591687877446996","3.43820941717133","-1.40532229548128","-0.807399615832325","-4.62346034728909","-3.63858407311377","-7.08377879103592","-2.13502990533511","1.11044614298767","5.16292815293684","1.22082882427244","-3.14644040850501","5.92740951922783","-2.91195455716999","3.72708557440274","1.04859507018892","3.36136141107161","1.57991786489049","-5.79901522751282","-1.10819046836985","4.44659283545274","-0.209533149060019","6.63481620058185","3.30290638728841","-1.01708636701162","-6.78999417037406","-4.53400352194969","-8.99043724829009","-3.83849280373937","-0.434019675250294","-5.22291344104506","2.43478963368636","0.176122886821103","-3.05117730544929","0.891840582905788","3.6959265401944","-6.66390531967434","-9.21321127669775","-0.828269233696511","3.56203309245636","-5.60795017194704","-1.11405123058102","5.3632871687057","-4.91157567386608","-2.22709067803423","1.35279714070903","-8.37908748404148","1.68240285915422","-0.411857938089317","-2.30053574055456","3.43491176920569","-5.02952800840321","2.86592187117008","2.86758909326295","0.773748467406668","-0.689763591655643","-7.52045403848624","4.68667778988012","0.266423661424435","0.827717036012423","-2.8004316270317","-1.63540528296922","6.29561931288842","-1.8637496531114","-9.62457160546067","0.826526562154059"
"Random_Index23_13_0348","-3.14349567386316","2.05632909845112","5.39821483943739","3.10708347180174","4.67157542722899","2.16179930951737","5.21532047224091","-12.8781163793442","-2.6636300004191","-0.295924606444161","-3.74179476072981","-1.20666399552978","-0.532222031271327","6.80515815996332","-1.4173157137701","2.92563710971735","6.33373148229847","-4.53466321275216","0.15342571762312","0.734697854053076","-4.30982602266831","6.76629766535404","-2.06672790719742","0.0282480973369929","2.24746551522996","1.14625431781952","0.238197049948858","-3.80653071101139","-0.820647104394156","-0.994602693576777","-3.77061776446592","-3.08266343551433","-4.0871946926966","-3.16643667197167","3.05904372811508","1.50619766498463","-4.22622988208106","-3.08200258112358","6.96546626272048","0.11700473781655","3.27130045729287","1.3761264789989","-1.23244569114099","-3.48142375371293","-0.140881039222087","1.11098156556555","4.981231636471","3.36165547322239","-1.76849694230774","-0.551307070863822","3.33836523148686","-1.31605797598707","-0.721358099297167","-4.46773456323479","-3.59595580089655","-7.01731638777276","-2.20982401309401","1.07677352558447","5.05343959068179","1.27646415043767","-3.03241511293444","5.76681243074003","-2.77111768268053","3.52911022950052","1.09162177957471","3.42932846784182","1.7614732371698","-5.63888837933607","-1.09394005235078","4.26863706849966","-0.31004781875612","6.55258277954264","3.07180223708068","-0.947255177913983","-6.84207090949182","-4.41171731922634","-9.03341081844376","-3.87718743395064","-0.268418987680383","-5.13590129006203","2.43656500775726","0.128248243550128","-2.9623183520802","0.742947552111745","3.64907902535346","-6.66120960017952","-9.12501151268222","-0.745409618797225","3.37873253392842","-5.46990113726583","-1.15696254759444","5.24566554400451","-5.10102878100552","-2.40622999446915","1.29315926573669","-8.32383073710001","1.49143195186844","-0.285224331289412","-2.33317931332994","3.30181469628419","-4.95235719026613","2.92696971911258","2.76875589738077","0.785285708683172","-0.416555991107369","-7.4489261435992","4.66578915029614","0.266477263924376","0.841685336723031","-2.64235722790493","-1.79887774196861","6.28244119996936","-1.95416449721657","-9.53837490768859","0.928469836278231"
"Random_Index23_13_0349","-3.15724569049081","2.14873884110921","5.56276002587449","3.13803576773087","4.83657966101519","2.07951326214135","5.1476154497262","-12.8042990690875","-2.83270881460182","-0.33552492227919","-3.79269772408013","-1.23385953959236","-0.676727306047253","6.82146773677632","-1.45651877335167","3.05342815608019","6.27718047172957","-4.67090390100765","0.234564116892582","0.865286767717678","-4.27490086949592","6.79920111791462","-2.07227378586924","0.0834248921967899","2.32962893010176","1.08751629882369","0.398035321465934","-3.82892372722935","-0.588196101091297","-1.06230879219524","-3.89046568579272","-3.12521749146478","-4.08026595155511","-3.06188994627276","3.04916615344584","1.59483774076836","-4.19351868899742","-3.10067783850357","6.89669830115798","0.0351411778617307","3.25221462230092","1.32809532371814","-1.30329109145458","-3.58657679710695","0.126390357717516","1.00267058837666","5.04809870696584","3.25122612674903","-1.77762151845065","-0.59020896487873","3.40884876480749","-1.38449573855892","-0.749946429689178","-4.46886178989252","-3.57182651010265","-7.12338977073458","-2.12293713282211","1.12478489860921","5.07568482405213","1.12617729057596","-3.14983103490185","5.79553273843549","-2.80344083537563","3.64334211485045","1.05379417519015","3.36586712698396","1.60804762710761","-5.76895851263389","-1.05656696342052","4.35017269864876","-0.111389860239244","6.51498100798868","3.22407755543154","-1.01420614056971","-6.73640830848396","-4.45919902872352","-8.92585088248205","-3.97793004041472","-0.410845560936826","-5.13249358713297","2.42599414430497","0.149875561543307","-2.98488638873861","0.826087207904307","3.68036137292838","-6.66369207861483","-9.15536345229895","-0.814101783952659","3.46190719816518","-5.70957055443023","-1.12108735378344","5.37234245403715","-4.87888960729147","-2.21967138256626","1.39536168201452","-8.41363175902517","1.69638056753023","-0.402770534947595","-2.2512309681605","3.40291693513324","-5.02689223387237","2.91828030664116","2.87782902070565","0.741328863623845","-0.716186190206441","-7.51646310589127","4.63341933336454","0.230358005065025","0.756605832344686","-2.73241405132104","-1.54952800476704","6.22025375149749","-2.04861745200817","-9.53199238363319","0.833076253660394"
"Random_Index23_13_0350","-3.12871330690525","2.20806567017122","5.60230316694574","3.22951941622191","4.91150712734184","2.04968968253126","5.19570088823252","-12.8393722638791","-2.84428606104188","-0.317332605540581","-3.71997812048006","-1.15023394421495","-0.577768855205939","6.94566216611931","-1.40914972631352","3.12118027755951","6.34829750315318","-4.6434550687848","0.329202225718881","0.929704189164894","-4.31235732573729","6.91220253855534","-2.04047426964927","0.210925508428017","2.29272297955587","1.16524721983183","0.405456858711866","-3.7107942936951","-0.551472372437145","-0.979152341926672","-3.87451174751209","-3.11097380598476","-4.07520148000814","-2.88192647674074","3.02821889904152","1.65383011168645","-4.22682834873455","-3.17947616835927","7.1089986971759","0.12370346043479","3.38868405974311","1.39724800388804","-1.08780595898845","-3.54622937104522","0.111918285554404","1.01965702100191","5.10226994167323","3.34583835280419","-1.86809301552985","-0.660544666031465","3.50485617662226","-1.30674952263851","-0.791260690638392","-4.51160747409803","-3.5666059361465","-7.22512626748445","-2.22632113727892","1.0372946042071","5.14321847795772","1.23031436098416","-3.18946666206986","5.83751407916814","-2.92369383181977","3.66763717306165","1.01863476828463","3.29252644874535","1.62673279371985","-5.77650874755505","-1.03156859146083","4.49677680831733","-0.175242486088466","6.62911102223951","3.25987397103488","-0.984297467888748","-6.97872903323913","-4.44987334474059","-9.05823638972536","-4.03669452722243","-0.426125338538034","-5.23127342274154","2.36145368816687","0.164662920949148","-3.10878774352394","0.839484665022137","3.64792788261689","-6.73208780182428","-9.14835673090794","-0.824604331168157","3.54987700233217","-5.521434590665","-1.30364051224332","5.44720003175537","-4.92932160650305","-2.28896326963029","1.37836029247114","-8.40269948769752","1.73580096417814","-0.405395831777988","-2.34756040892029","3.38589417463353","-5.13193363344212","2.82480242816593","2.88456964302757","0.78544760128201","-0.607271524198524","-7.62361524239136","4.67071567230301","0.232844345746477","0.825819003531256","-2.74320455700232","-1.62104680923309","6.17754738757161","-1.92647776100011","-9.66025089175906","0.734858968973364"
"Random_Index23_13_0351","-3.17570712383811","2.14839784877523","5.5989011525794","3.20829591795614","4.82268581179405","2.05906497925946","5.21865117930399","-12.8915906051617","-2.87962660834299","-0.338170640298327","-3.75309608360343","-1.27241886710182","-0.621025131030189","6.88436324742716","-1.45233297988186","3.1135307703558","6.30544276390508","-4.66939249189749","0.20654370336375","0.910641476116172","-4.35380370197555","6.86759911782755","-2.04978458980448","0.0746910475291743","2.36372853071263","1.09266024661677","0.411158512117207","-3.77543679353696","-0.621689335824942","-1.04192171511658","-3.87442465394847","-3.15843612305194","-4.13607898178654","-2.99424836354418","3.02175979781127","1.66073376250443","-4.20092541909018","-3.13616017581831","6.98758764646662","0.0555856795534975","3.39613263281228","1.39077620334619","-1.24048849966122","-3.56364390422063","0.128154992087056","0.98374820156932","5.13642800638563","3.34723897850758","-1.8792611152856","-0.552275279991447","3.47203126597035","-1.38381231383924","-0.864057098312175","-4.51830040678","-3.70148285943669","-7.07753348293027","-2.18677260378617","1.06028346518238","5.20663482776356","1.2255754532553","-3.16524879214935","5.85221527048425","-2.81022356506051","3.69898270850298","1.03592567005572","3.34810270114767","1.5752415463263","-5.83169427855545","-1.1065092426925","4.40073616425193","-0.210285508604596","6.60067154292352","3.21635048361883","-1.02871906493407","-6.76698094417806","-4.53885621890432","-9.00890117613328","-3.96092146646529","-0.373781965783055","-5.17767387689676","2.46262223088228","0.201639120536137","-2.98947854472676","0.857369628416032","3.66379769326087","-6.68917006947066","-9.1746931519333","-0.802818645249703","3.53708532795054","-5.48686806865319","-1.12202441849391","5.38163662016104","-4.95992161542184","-2.27064184014639","1.3635036847449","-8.44043941092013","1.67153268992587","-0.395812604687871","-2.3173177611043","3.38668438254693","-5.05423705044699","2.91830498821687","2.90920023838648","0.81860124035355","-0.69313511566467","-7.60578433750635","4.7266946928899","0.317938752988553","0.799706605353618","-2.79384657791222","-1.61058044540527","6.26167600820326","-1.92569708562764","-9.60249195704954","0.775513373698532"
"Random_Index23_13_0352","-3.14839456697957","2.11470814743226","5.61232625337869","3.12300979236318","4.85370551552974","2.04438761209799","5.09103639891069","-13.0010372509627","-2.82359077985753","-0.346591517789745","-3.78477401681329","-1.19665484250491","-0.64950136718212","6.88955058949915","-1.42336952225884","3.04330526368925","6.41459676188081","-4.72984260851966","0.280291490833449","0.934885730048619","-4.28193108159496","6.83580840686428","-2.03574509012823","0.08837713008771","2.32051703732135","1.10988790288579","0.478190284068862","-3.8204849563804","-0.582608614167781","-1.03305283689338","-3.88129095269808","-3.13897369452111","-4.01066663915379","-2.9803581944851","3.16028135040242","1.65123396321376","-4.29473313808018","-3.13642591465007","7.03027973183056","0.0440840640092682","3.29852087322171","1.35473524469521","-1.23486383873176","-3.51084211061758","0.0770982897650908","1.04793497180952","5.08802748325881","3.28401507855326","-2.02709366742535","-0.629211274958015","3.44878158288097","-1.37043180931194","-0.768367006327166","-4.45168692986792","-3.59697073186089","-7.11935163416216","-2.15108907393087","1.19682730464794","5.11348351159239","1.18025904924814","-3.19195651870728","5.85862607815131","-2.92033869362885","3.63816051407836","1.06303638189444","3.47071408487103","1.54167593795888","-5.74638155949525","-1.0696138460682","4.43511466856984","-0.199912541201615","6.63881473456482","3.20736757481931","-1.03857387009228","-6.83004233491189","-4.49704209252736","-8.93684521737653","-4.02775488506454","-0.385005805681391","-5.22149295962185","2.37092470308469","0.158050499914324","-3.13142780275808","0.859699321338732","3.70484381960028","-6.70911048377901","-9.202585604818","-0.885224899554697","3.5096304369957","-5.48967648075802","-1.20412955777683","5.37116436881697","-5.00364218626439","-2.21032828814819","1.38569238025597","-8.29298302924853","1.65122880017077","-0.395294273554397","-2.31486761688034","3.52519835182586","-5.06040902912568","3.04145895119885","2.85709511491557","0.752121061689336","-0.592557673665649","-7.5551698320133","4.70828135744612","0.249669687419995","0.816463015232283","-2.64838494861603","-1.64555303869429","6.27264654462017","-2.0524849554319","-9.56992434432665","0.785233078385057"
"Random_Index23_13_0353","-3.05278085405642","2.15833775636366","5.62167600166991","3.18845479247519","4.93941561828608","1.9990940540279","5.1586178986538","-12.9235815951382","-2.96678243236396","-0.350133393447271","-3.7918945997827","-1.15834504087884","-0.663308184338635","7.04201073619698","-1.38451668612793","3.3112488904105","6.25608064944619","-4.82984560064096","0.265323705420963","1.0887385922722","-4.24139124195451","6.93813232573981","-2.0218011851468","0.240992303923664","2.33726490346594","1.17550896540239","0.541131067949169","-3.77376235021972","-0.232658301365719","-0.978239451968639","-4.00686199205834","-3.11503591591097","-4.05617447790601","-2.92184342817782","2.95872312449045","1.68774864573531","-4.36343084102882","-3.24496086337428","7.0026094248354","0.0158350107703493","3.32978329798631","1.43913114106353","-1.25893363552861","-3.58795304819423","0.16589659746554","0.88884570721381","5.14208844018702","3.20374228800116","-1.99583671988279","-0.651651086194974","3.66391638234806","-1.29487792666894","-0.730588624933707","-4.40705264593017","-3.52655504248841","-7.21103079739952","-1.97359583873346","0.991560471630065","5.08255489440124","1.13168832869609","-3.31698463638392","5.85983003427909","-2.98169376208494","3.69875711854831","1.20015563781818","3.2111009389596","1.60216234982964","-5.84630268498235","-0.952072037823184","4.48137025125744","-0.0870657285846866","6.57848102691448","3.19479503156905","-1.14398216257825","-6.8832333488052","-4.44613320832765","-9.08587446627702","-4.05423578074079","-0.453343089940399","-5.24983105845855","2.34307769334388","0.146939491236723","-3.17047421473319","0.915699096868577","3.75569424836373","-6.81645577145583","-9.23539610846812","-0.733764688039615","3.52993477564908","-5.65398801686037","-1.25567623549637","5.5526567248072","-4.95605212409917","-2.13889824868542","1.58336231825845","-8.51275080370713","1.78430895011849","-0.464874062720144","-2.20579220232516","3.40418210349524","-5.20275052208485","2.84275844704667","2.83088425009272","0.750536654699745","-0.745891599685148","-7.54343084766457","4.61271385885215","0.264029632758471","0.81184462005651","-2.58124319643099","-1.64885647833226","6.14962721892267","-2.06948123366207","-9.62030956041675","0.76644307474979"
"Random_Index23_13_0354","-3.25616545351115","2.21496302030879","5.67566343811812","3.29474017924703","4.86235961013123","2.03496116197884","5.18544771285404","-12.9807608299738","-2.86892144010342","-0.316483661899103","-3.84576344126494","-1.26387527701535","-0.693509571509116","6.88697163699328","-1.54093889757735","3.00279679469195","6.39172244398784","-4.67518344788078","0.158059499826007","0.802458630572811","-4.27511198595212","6.88904525702419","-2.17577524782168","0.0799787000906902","2.49457699755968","1.01858646692571","0.288624591487162","-3.89546180660882","-0.613970877237911","-1.11260389687901","-3.92360780947752","-3.26904134428079","-4.21021445800361","-2.90726477648721","3.146273165904","1.52710058263444","-4.15603368574458","-3.06658174239759","7.02232426204267","-0.0339088840848927","3.40987325488334","1.23481932962909","-1.32683041383356","-3.66151199767255","0.159490417771713","0.97548559517112","5.21130583688945","3.40088399263594","-1.8638331234268","-0.461136781987059","3.54317275423604","-1.44724029199257","-0.876813578255097","-4.50978623889173","-3.66806234393161","-7.09367823157567","-2.1326518149209","1.17388020227988","5.22782444349279","1.16038983002144","-3.1839048502443","5.97714121564117","-2.85434547351025","3.76071592739404","0.942409507682355","3.4399846943295","1.49600333739991","-5.73742641255418","-1.05664828592775","4.40568406554354","-0.197789495353909","6.67590155316864","3.29746429136515","-1.02087633313061","-6.79080574095717","-4.51498321344917","-8.93938643646907","-3.9201713993501","-0.433565795709766","-5.0922113946684","2.53590416840099","0.0706815105682713","-3.06814864263027","0.865284278916451","3.74797029573398","-6.65420546680611","-9.3649969393503","-1.00012867883369","3.62846725240814","-5.55378027368137","-1.0339177721859","5.29759056885379","-4.89756653762533","-2.14862697304077","1.38594509262312","-8.35505415033231","1.68483625854506","-0.497371399456396","-2.34630988452421","3.47277430390417","-5.05076776936222","2.94896342694899","3.00717659025191","0.666440740769591","-0.739521497931179","-7.47564626842931","4.819853634516","0.189506873077091","0.908912427527904","-2.79973449394914","-1.52087833077577","6.36880346792057","-1.93447649736359","-9.67682819451124","0.796995491390704"
"Random_Index23_13_0355","-3.07439154854617","2.15787775830022","5.59222289855266","3.15098178408602","4.86705322138596","2.08383141584478","5.17885542958518","-13.0873524865299","-2.85853153993577","-0.228485070549709","-3.67363253218081","-1.16341953916392","-0.585551539241546","6.93510205584012","-1.3579861046756","3.15602341316514","6.31067205051106","-4.75172185466616","0.264937999198177","0.872633082388361","-4.41467128559612","6.90065685218976","-1.97624082569634","0.0743120502582014","2.27053614506291","1.13996929685267","0.339027263474597","-3.782102005248","-0.580034887763896","-0.941166344701578","-3.90583198935354","-3.12109747107589","-4.08435161719164","-3.0407101443856","3.08849592964572","1.70642608270979","-4.35794788701309","-3.21560754738958","7.01265034973881","0.0904956637431916","3.33645085882237","1.46223544429642","-1.24382618562991","-3.54843542099245","0.0654700795311358","0.951960992890615","5.11462825221813","3.27758674054643","-1.9450681606735","-0.630022411341686","3.49039558413803","-1.29504699850492","-0.721188220576884","-4.54943395567389","-3.57477539512749","-7.23514763073244","-2.156859002543","1.08908669887884","5.12385907621596","1.17353666838509","-3.19142743153764","5.87472214093601","-2.85363906542108","3.68356030803656","1.16209258535369","3.35383454053943","1.58199491944167","-5.82743387437579","-0.990395966692218","4.46269822561742","-0.175786335396836","6.61934393188053","3.20684233608489","-1.07514469431759","-6.88919707926402","-4.53773371793958","-9.01713135726172","-4.07563501449063","-0.419970033220855","-5.26994307296031","2.42543458829897","0.189461265362586","-3.06556333241408","0.831961783814471","3.7052411539495","-6.68223000556099","-9.24572924751341","-0.734919255459792","3.48349353966305","-5.72680423427779","-1.18921892012567","5.39437242999192","-4.99004665657052","-2.31617720004608","1.34895085045168","-8.55624832601577","1.71590942166174","-0.339359386929016","-2.34997825842054","3.45468679489695","-5.0676664846794","2.97616819193468","2.85929049003717","0.812589262027237","-0.686075198810888","-7.63847796640896","4.67465878022228","0.318169127966931","0.799272275106028","-2.74598759441517","-1.69680635909018","6.27290703470193","-2.02837519106677","-9.6977996110537","0.844704594714749"
"Random_Index23_13_0356","-3.13076839896382","2.30612517020386","5.853167368985","3.29416437949695","5.05991718372074","1.98753127377536","5.05383607826202","-13.1181153833567","-2.86669933210762","-0.346128295218676","-3.81785596870426","-1.26231085208976","-0.68887176340957","7.00734517493971","-1.42962634609675","3.15932465913478","6.43141470705565","-4.73581048362538","0.195871698608607","0.92714726788689","-4.28673611781671","6.95531027840907","-2.08579871685509","0.134914315962027","2.46066349375647","1.01860761526146","0.369870063425032","-3.84811478562274","-0.485814511368032","-1.08720666007138","-4.00493112596457","-3.29037727909866","-4.14013424681205","-2.9685594262734","3.18673691276408","1.61037741956952","-4.2587176048416","-3.21765824718723","7.03643590972487","-0.0275325008515608","3.4609157885991","1.30755793734859","-1.29996356507094","-3.69918934010279","0.151655984476522","0.934491608620271","5.39135178671705","3.40663678627277","-1.95355230149499","-0.484930957381308","3.64662807947657","-1.42439804183997","-0.868743722492285","-4.54841731328731","-3.61642237504328","-7.17454927668286","-2.12943183038317","1.17970660980436","5.27097929146778","1.12093085006546","-3.32165491999082","6.00381128886092","-2.98313032119712","3.82420519696062","0.989669217438481","3.39467922324601","1.48309177925403","-6.36468451630577","-1.09154882573598","4.56688248129965","-0.314068937460734","6.80704851818473","3.28617991267088","-1.23565949732365","-6.94595068126497","-4.57968844211792","-9.01965532137324","-3.96504103169086","-0.500225137231294","-5.13609581672272","2.6072307407028","0.126867129707877","-3.10630995598199","0.879193310133651","3.87323287627478","-6.81162626210245","-9.33142271255836","-0.812806661713353","3.65912965836298","-5.63484445175137","-1.04505432995605","5.40438581711403","-4.90735943895281","-2.17779187167943","1.44441921814908","-8.48356705900859","1.75955874559044","-0.420348553172035","-2.29370319941585","3.52310179743007","-5.1341544917482","3.11971571210085","3.04620598307309","0.657231226981458","-0.80349295958074","-7.51337624553375","4.81977109035242","0.233622918941531","0.933305582681272","-2.84089692300127","-1.53527633605871","6.47902059554155","-2.01221286703146","-9.750819238561","0.783820676972943"
"Random_Index23_13_0357","-3.21483265823619","2.14563999752312","5.50009444360924","3.16777626151517","4.68757632660112","2.3683883039292","5.27584608697445","-12.965024691076","-2.85818460648822","-0.18034589219269","-3.61135587985258","-1.03541334267662","-0.510471300994475","6.91234934915464","-1.26006719809227","3.00946632485274","6.38903197093206","-4.51013572844826","0.343094929867334","0.713245137032629","-4.4884832227105","6.81471954581874","-1.77641468020339","-0.0629182979021259","2.20011375078035","1.21256174218704","0.203179742684119","-3.58048805984188","-0.759591383902245","-0.843177969655445","-3.76502747779561","-3.03597219537856","-4.01140922768991","-3.30689895132881","3.17018992418642","1.41473093718647","-4.30042333234041","-3.14527466396074","7.13734154779316","0.24145197697155","3.15455639639741","1.53229084146786","-1.10703344924687","-3.39802165542622","-0.222900562346286","0.972549229348864","5.00039125908172","3.45365575030926","-1.82937330514025","-0.715469499596688","3.30639177728878","-1.21343053281702","-0.719685795983925","-4.59759824214971","-3.67493798869663","-7.04289828674747","-2.33648203820429","1.15274789954332","5.03723330140357","1.0179821112043","-3.00709519622351","5.71934167394739","-2.74591536910149","3.57221170338362","1.25782984709023","3.54465772334932","1.73724725919772","-5.83102822764272","-1.05426556265299","4.19329664107438","-0.248198217912651","6.76525544299988","3.18561742329035","-1.07223269325935","-6.90011292487887","-4.44496726615371","-9.31428488273563","-4.12488106309903","-0.278866389185288","-5.390145574932","2.50501077882102","0.435157141430626","-2.84926938733511","0.722894907080825","3.67832578028027","-6.63810457762458","-9.30661537540685","-0.715106511832698","3.22898826195929","-5.56052774173026","-1.20051268085203","5.29942832631364","-5.11504761996456","-2.46391940540552","1.31282907060768","-8.4807941483654","1.54715362806155","-0.177812430346874","-2.32520898036168","3.48725834847688","-4.97137067381622","3.0638220927243","2.82834130389302","1.04298875493124","-0.59236932846349","-7.81322647453221","4.68055893058807","0.547060829194621","0.866899875098199","-2.67813584794906","-1.83192675400173","6.42472722259082","-2.05762413556508","-9.70027487581922","1.0687123987327"
"Random_Index23_13_0358","-3.24216728972938","2.25890402999976","5.70231364662209","3.16983352531151","4.85194646490629","2.07452808244462","5.28513294770553","-12.9132512089673","-3.00242661535069","-0.484751075812793","-3.88669772928753","-1.39904503590897","-0.736933968521364","7.00182097891902","-1.56778755678943","3.04618791792181","6.36586925772648","-4.81272243995388","0.142448500450323","0.87190128292277","-4.31627765782485","6.94529797122087","-2.16909250197352","-0.0208898700347353","2.32707216552672","1.01063171785735","0.312036036594757","-3.90487879352609","-0.610139407803837","-1.18787909047233","-3.89918643353315","-3.31174113576567","-4.24383692091137","-2.94310525794798","3.22216878573648","1.64217829214956","-4.26023980946725","-3.04930352321816","7.01811942162641","0.0529678541040953","3.54351766492862","1.26747170153749","-1.42586084490538","-3.70750366497867","0.183621394210834","1.02609970989926","5.18952851089186","3.31650817626087","-1.86535352919736","-0.553384789608834","3.4783930818703","-1.49622106050609","-0.873812484204461","-4.52836546702752","-3.80952647685069","-7.32523652854367","-2.11654706788653","1.23792718781136","5.32674407183379","1.16247992027349","-3.21243832344518","6.03992825435332","-2.88399586404696","3.79109527070592","1.00132334065633","3.50215418049243","1.48273782184237","-6.01413679981979","-1.3069858703134","4.47235022325099","-0.123570606527035","6.72576332198325","3.32925946052654","-1.07537967523449","-6.71891476935561","-4.6607505535826","-8.88926662230319","-4.03221581854057","-0.406971518847426","-5.23864023095063","2.61034954904383","0.163430912740418","-3.01493199872934","0.92966587311343","3.93417265694793","-6.76698295539908","-9.26300091648695","-0.871945527958643","3.62258848804547","-5.53861552502368","-1.01241080393551","5.42322029308861","-4.87068847039109","-2.1869387038965","1.3587405533948","-8.54210376834309","1.65762550387597","-0.389155999730612","-2.38226924225948","3.53795844108819","-5.05556970074144","3.04972843923347","2.96460701773231","0.732771813844161","-0.762138390365043","-7.63535316311564","4.81463203127929","0.271994255184577","0.838090230165887","-2.97806050310596","-1.58993564014891","6.33073582944439","-2.03509691006296","-9.75545453683113","0.919464962506224"
"Random_Index23_13_0359","-3.06065330612304","2.18297448929951","5.54604099357272","3.10241606996239","4.78981302005681","2.16828205051303","5.17488371771181","-12.9676685971247","-2.76553637363725","-0.20130978286855","-3.75447557711055","-1.14645099835311","-0.569007336624608","6.8531696317683","-1.35887121239912","3.10601668249531","6.28991819928799","-4.59183045256752","0.314296440534863","0.851207951633559","-4.45388935507234","6.78892085150763","-1.99720970756784","0.0277605315745744","2.30213030724058","1.12240837632929","0.222327932423229","-3.74695600460415","-0.642719947491273","-0.948518197200331","-3.87134323514371","-3.15805473058514","-4.07496561888775","-2.9795567843132","3.09120279698853","1.74510526345872","-4.18765916539853","-3.18724258938969","6.99573614683278","0.149485284446153","3.28932280292863","1.42782783899553","-1.27866029373267","-3.4955946711314","0.058415919650722","0.890967634242415","5.12385429243757","3.27945641829755","-1.88606027544872","-0.621779537720487","3.52028303062614","-1.25972322728413","-0.685958021467522","-4.50627411211053","-3.68713310497163","-7.15304450915026","-2.15948629916026","1.06046320302655","5.08388816914997","1.12391539515009","-3.14700208120454","5.78183027659545","-2.81780385125516","3.64124444888261","1.13101401978066","3.27500920299881","1.64273133945288","-5.79271626768843","-0.977058350995316","4.35577374677103","-0.131946759955688","6.55119078105425","3.19624937534072","-1.06434198242888","-6.89634553868327","-4.47946669110579","-9.04247663043726","-4.07847715009919","-0.394539832292443","-5.218502100611","2.46342571132553","0.22422013653886","-2.99119915932663","0.842166852421373","3.68737769623335","-6.60915011337087","-9.19099488097007","-0.720758501803768","3.42271208128139","-5.75324751995777","-1.15097529389701","5.36811561985538","-4.9657020258582","-2.31971435342801","1.36707099956806","-8.57805486822294","1.68410822970237","-0.318511921659726","-2.34815211052934","3.45562276867511","-4.96040317419024","2.92488553956189","2.83125681126574","0.847752119180849","-0.718229561583885","-7.56906906991204","4.66623640144132","0.299404441859509","0.868465502548731","-2.6628782262086","-1.62429767915646","6.23976877816679","-1.9871998404268","-9.58087562370916","0.871210076825689"
"Random_Index23_13_0360","-3.24680324374747","2.16601902821189","5.51048652351218","3.13761917912045","4.71147451939802","2.1638131924651","5.11238789408239","-12.9262328601003","-2.73159656038116","-0.241393041032769","-3.66392702298419","-1.09097239991935","-0.523885236776565","6.8844447968578","-1.32889773970069","2.98498589573789","6.19390764661704","-4.57183101866826","0.296274019828105","0.740480623731848","-4.37960348460294","6.78289669533267","-2.0001631267878","-0.0745221876560027","2.29212453664714","1.15114592967984","0.255118884080087","-3.75634714908653","-0.693304957019097","-0.973777230173377","-3.814504372806","-3.03571829787649","-4.02385579466701","-3.0055697148256","3.06791850863868","1.71935412597094","-4.16115834798111","-3.13588359944439","6.92347108233953","0.110626304353782","3.29373821626675","1.43662803943703","-1.15630568946347","-3.50158814616448","0.0523548822771653","0.808467617860139","4.97808456259078","3.30255016707143","-1.78816444612167","-0.624503961625731","3.4748835091051","-1.22785886293974","-0.723889819981904","-4.58051952190747","-3.76916123723188","-7.17059545970623","-2.28360611660792","1.12881723104763","5.09377673655591","1.14347952072646","-3.08113275214672","5.82623326965483","-2.83894308483288","3.65199239412993","1.16885114699515","3.27291495632548","1.57160901591058","-5.70611448485286","-0.995877410038352","4.33022528290568","-0.309061750519027","6.51428180411331","3.06365927313759","-1.14061684382705","-6.89469589317044","-4.40583772254541","-8.99145301241455","-3.99535974388481","-0.339846277024179","-5.1505285784239","2.43869798990485","0.212081950818329","-3.06563522366872","0.639154223120206","3.64818811021637","-6.64291937231924","-9.32808928721927","-0.659654533974467","3.39796338781199","-5.70814051450826","-1.16406182783984","5.18431755556051","-4.89139340967996","-2.43167125135199","1.24686471441796","-8.39737253208005","1.61932260744153","-0.280252156763635","-2.45631483504866","3.39524216991002","-4.97118995801664","2.86910358497154","2.8900615259166","0.84077069836795","-0.61508751970054","-7.53025347739667","4.59786873783176","0.316995499406295","0.732133029442012","-2.74803703329663","-1.64305336361538","6.26769002272708","-1.90398330062413","-9.61230515068229","0.884942484626327"
"Random_Index23_13_0361","-3.09708369982554","2.17259652926227","5.63530400226942","3.08522673744245","4.86557542114987","2.03154808234688","5.25993630342678","-12.8377504363512","-2.8056290361943","-0.327032960083854","-3.70904341867385","-1.18932175339963","-0.601705940158142","6.88749637755672","-1.44650422834041","3.02478966419231","6.25056181779343","-4.65044050050137","0.204861929436803","0.954303369654077","-4.19908925107633","6.8239364517634","-2.13167548468136","0.0445118607237055","2.28342714446844","1.23970557488495","0.460968389480327","-3.88914230136113","-0.517962154954337","-1.04340754712989","-3.89231218050999","-3.08881206418332","-4.01913008959248","-2.91329274862045","2.97701705809169","1.6505477199742","-4.15059649493307","-3.01911035295919","6.96485840542481","0.0398558955249931","3.25620548731885","1.31538019562774","-1.27905233204442","-3.70197854080202","0.101296397921412","1.02671441354659","5.0277465809896","3.32374982572982","-1.81447954774624","-0.623575748745677","3.56983847583541","-1.33326074914607","-0.723489140922951","-4.43638596109791","-3.52714342361884","-7.06162382137115","-2.02605577776485","0.988683073349025","5.1256196400095","1.32996799594689","-3.13743840938563","5.87879548999062","-2.9552663812268","3.73105130051109","1.1488002772515","3.26680660157623","1.68370746847546","-5.71587363195906","-1.17271605406696","4.34310598204384","-0.062334123948651","6.56750382039597","3.15193703265387","-0.992942150850892","-6.76612078102775","-4.45739337830955","-8.92515997226484","-3.89923792192969","-0.393989734138259","-5.11508037549308","2.38220222413797","0.0902029147502987","-3.10360317632207","0.848869109100093","3.671378532569","-6.86024632052804","-9.07405395324025","-0.814184929107776","3.54369980536678","-5.46070603972489","-1.15774761383393","5.30914181890868","-4.83787415396371","-2.21031211640439","1.4614026658038","-8.34948509826741","1.70513422712767","-0.394113571329114","-2.14301591729317","3.2989564791681","-5.09541922364199","2.73954797496343","2.80651965842854","0.674750444484523","-0.675657727696762","-7.6050794298672","4.67511020492244","0.218205839862692","0.880722510356827","-2.63077581877177","-1.68613934024245","6.26093703692219","-1.94433723125721","-9.63502505123586","0.807894720392645"
"Random_Index23_13_0362","-3.08320048898097","2.27499672673859","5.77725354627749","3.3063226126298","5.04912846264009","1.95720937589222","5.06377981713452","-12.8840642874033","-2.92200647615113","-0.355775019466747","-3.76819337662226","-1.2410037853021","-0.744486855222861","7.00274085852333","-1.49413608292342","3.16053246551308","6.30724498225616","-4.84394491302359","0.157541016945547","0.915588068931473","-4.29476019198385","6.97473756219584","-2.12315461754218","0.170610487844845","2.39327316031918","1.06302274238825","0.40966406172476","-3.82444955037521","-0.44733156042781","-1.09459071885222","-4.01194050513401","-3.18632795451897","-4.18394231662504","-2.9798257227884","3.01256321701391","1.68146211491735","-4.2985162525233","-3.16998567530241","7.03752111625492","-0.0453852733989673","3.50785984196578","1.32869375633078","-1.34606160879608","-3.68078033995217","0.239191450471304","1.00963288924331","5.24140685528858","3.37811371526972","-1.93928574373003","-0.552970487356111","3.6235781731072","-1.39052318091941","-0.869995901333716","-4.52978138053803","-3.56361484847184","-7.30395926207222","-1.98613407047642","1.0101942266101","5.22861646985131","1.18541962397735","-3.24012932846912","5.97739146697444","-2.96252557912359","3.8549404144168","1.01527846766853","3.29528575976207","1.51389466712825","-5.93316771940428","-1.08523086761003","4.57728311901198","-0.0663738629684109","6.65471621763926","3.29096448637228","-1.17644201359731","-6.88723557827417","-4.56464663842592","-8.91318162145414","-4.07220408253606","-0.502491539937871","-5.11563703329001","2.51210474064307","0.0917529817610879","-3.16132106347261","0.982253228530302","3.85168491010082","-6.8144882525853","-9.22955171512263","-0.801382954674621","3.624244560685","-5.52861237379212","-1.05489529154212","5.49787678224608","-4.91868319112464","-2.24540368592878","1.51129311495902","-8.4912831633415","1.82280769964521","-0.508804709494867","-2.33852673016142","3.38906947548122","-5.19472490748378","2.90508408902773","2.9823021867616","0.679355776299621","-0.800379852529277","-7.54870595860899","4.8150137213942","0.174727257608453","0.849172168891505","-2.78521548614425","-1.47634681490196","6.39557139227391","-2.05359792207573","-9.64125382057858","0.770002703064711"
"Random_Index23_13_0363","-3.12387151901768","2.02993238519063","5.54040259882981","3.04896101934292","4.79144549134474","2.17870936936924","5.25871550805123","-12.9613041311858","-2.65261248077891","-0.229552130003982","-3.6740847966887","-1.1308257645105","-0.548979234873331","6.76235158430207","-1.37462195195323","3.0065814142002","6.28019368311829","-4.63458321784109","0.255757848951492","0.81677322043401","-4.32532399472246","6.71369392197467","-1.98944455702312","-0.0156150251237892","2.28119746679027","1.1631854547855","0.259913635119291","-3.72713437439522","-0.677936466313441","-0.927443811153051","-3.78155623983755","-3.0506997601948","-4.08230118015238","-3.02960607506963","3.16331990211752","1.62092696057215","-4.27544635257215","-3.0826867156051","6.85113421968015","0.127290694186898","3.21785603319206","1.42848158688616","-1.22767707786196","-3.42859621201842","-0.0267485777338956","1.06614307339524","5.04078584435443","3.24074283866797","-1.88065263135124","-0.677628335581915","3.33805460112783","-1.29336335417138","-0.658115126552221","-4.52735545228914","-3.61486917171399","-7.02255997977047","-2.18279032662488","1.11041155898492","4.99752146505892","1.22472047147964","-3.15040825614113","5.79438395964319","-2.82847972601544","3.53309493807866","1.11911090634352","3.30261634985858","1.61276234718301","-5.74899982589112","-1.07134400081059","4.26824865637901","-0.187133362756946","6.49421121493669","3.15229199102608","-1.0414503114303","-6.8613943772905","-4.3991461673587","-9.03700815355191","-4.01222249612649","-0.255576983480832","-5.31294540560083","2.26985700514091","0.251003208574469","-3.01632801739084","0.654187626680082","3.47067656368123","-6.71660885599257","-9.20924642239762","-0.670833628742345","3.4278757372498","-5.58904576252148","-1.2840828288809","5.32061315772055","-5.00062496169103","-2.33595114634263","1.30402879916501","-8.39869004311149","1.5740372913901","-0.275191434187008","-2.35218506270022","3.45836171379109","-5.00563302207328","2.86830339785817","2.71925084381444","0.824025608698767","-0.549139646567844","-7.535572825346","4.58272828494756","0.320957043090596","0.702161396665493","-2.70567345184663","-1.74665622699147","6.15624194087692","-1.92171438889123","-9.69269779650138","0.796070837876162"
"Random_Index23_13_0364","-3.10520707679474","2.09489217791961","5.54024607830034","3.13260598617253","4.82797973495937","2.02042360588627","5.1740813453716","-12.8650012627919","-2.80363082451895","-0.246159947941222","-3.7001425159667","-1.14559209112569","-0.528620367383851","6.95735115748437","-1.38431909470137","3.03221857754366","6.19871418593723","-4.71481041405994","0.279762744590904","0.780737638733916","-4.33113180156625","6.94245705991412","-2.02637422584261","0.0229604465459615","2.30772130834026","1.25680332128224","0.383169436376563","-3.76537859311662","-0.529603213367892","-0.983689414871423","-3.88876917874693","-3.06492666876836","-4.02634397139325","-2.93528412993204","2.99667140542471","1.65092632369843","-4.22628190396744","-3.19552507641765","6.97224431811167","0.072803409818716","3.29073064257484","1.40680732582064","-1.17106404230856","-3.60537210729287","0.0286791456299567","0.948180740590967","5.1166795063753","3.23850435134186","-1.75875091063558","-0.663843041488882","3.49517230789167","-1.31905427228816","-0.684643792779911","-4.45824648916401","-3.51946972936716","-7.12020213755444","-2.13867019437105","1.01802610082236","5.04688959483981","1.13202301629551","-3.12392354668504","5.84231612253212","-2.84756801638973","3.64969689642919","1.11440613421414","3.2234916584277","1.58375082532554","-5.74188622295331","-1.01717681686045","4.38899520066285","-0.183963907145976","6.61555114975217","3.17469257824448","-1.09378973731417","-6.94358828599824","-4.48001527060959","-9.12441676055247","-4.02923475956036","-0.309833262975991","-5.2213927299795","2.36805130582932","0.145513769032739","-3.10331943983652","0.721615889380573","3.63488060218586","-6.71241244773699","-9.25672556454928","-0.695594860801918","3.50293293656935","-5.57012818774715","-1.24730972784103","5.32161974191395","-4.96377870474609","-2.33466522482104","1.37727018668776","-8.37972381660066","1.65497574768595","-0.391789491194218","-2.26294232979402","3.3654860444306","-5.07674828195942","2.78588593227701","2.83997381972176","0.743874229815129","-0.663115225021613","-7.52318328756021","4.67676046256251","0.230859675255922","0.822878478989845","-2.63804319207999","-1.65896188163741","6.2462299469534","-1.98866689484646","-9.63253944641155","0.778189853065573"
"Random_Index23_13_0365","-3.17993110370612","2.06560061974207","5.57177051395034","3.05682776020259","4.83016155275932","2.04466493208831","5.20151542131071","-12.9304121428782","-2.75921719444185","-0.339324526311432","-3.76892682821442","-1.24531781338656","-0.671310998254219","6.85706104793363","-1.44446526180011","3.01461246476991","6.36952174150663","-4.7777865046626","0.256022878778993","0.856710944003656","-4.27927568778273","6.82265389346683","-2.10023345649311","-0.028414369865455","2.34647468518651","1.10492770355369","0.400041374053567","-3.84577430753175","-0.640504465929174","-1.06655102802415","-3.90003973263503","-3.08689265139349","-4.0734478403205","-2.91882063997873","3.18638430688172","1.63768621122375","-4.14876819132408","-3.05561315165297","6.93027783897799","0.00357431753739889","3.28415538250613","1.27779310366555","-1.11738107589803","-3.60562003212367","0.157266812017135","1.07264723721773","5.09518975561283","3.24835367323419","-1.89424860551903","-0.654935491263773","3.49053794373054","-1.36283607705047","-0.724378262946484","-4.40317133717311","-3.53709479077938","-7.08750441638886","-2.1470580983894","1.19909396428191","5.05346794166327","1.20852157255075","-3.22374464725199","5.88201004445503","-2.96250089918056","3.69914344936653","0.998686671785195","3.47167906629405","1.52094224117167","-5.76474385795564","-1.06444964731179","4.35906860269655","-0.0978912792084751","6.60568383874481","3.20615877902377","-1.06253157138681","-6.75321211426896","-4.37496451145173","-8.97856628573768","-4.02143550066105","-0.366396701385193","-5.12785871921164","2.41379922348129","0.163800575886994","-3.04966391286936","0.78320495765356","3.64976634959993","-6.77650482482134","-9.20271465262819","-0.876086625234357","3.46496175257666","-5.57457625248623","-1.20695321288779","5.38556988509603","-4.97747965155792","-2.2715227658641","1.27276061310753","-8.35817831888021","1.67881164673469","-0.441742782642577","-2.35953681129466","3.48430203156281","-5.09504210378726","3.00431241225054","2.85168368444164","0.696108301649598","-0.597394014412319","-7.55685920601117","4.71291136652976","0.232788034010725","0.857266259939534","-2.73099596117897","-1.61956401532315","6.30084063140062","-1.99882856297602","-9.60995420804008","0.724936053011864"
"Random_Index23_13_0366","-3.10826913306507","2.0271351173834","5.40090416220349","3.01526134880799","4.72181187713918","2.16784835744256","5.13207117788593","-12.8917316261608","-2.79744171044992","-0.193393928415809","-3.59959275571068","-1.00483499302173","-0.470699609828466","6.84575629885421","-1.1860329085644","3.05708699352932","6.36887535695314","-4.56875042744839","0.301491297045522","0.849567697607836","-4.38585672571791","6.74162851082653","-1.88377311988173","-0.00326198951871856","2.14052952131965","1.26953956562464","0.306936081908172","-3.64891340557072","-0.667929250723937","-0.838502720878964","-3.76856186129463","-2.96607490012782","-3.89479893636077","-3.14004762564433","3.15385321564678","1.80949285936556","-4.42170619684825","-3.07700819829996","6.98734826181121","0.189646013678869","3.05059126099984","1.52776739137884","-1.0729172417155","-3.48813055138246","-0.0942892625176476","0.957765087594053","4.92739814243689","3.14195180958186","-1.83322075310167","-0.761501454949062","3.35823835445864","-1.24554713456072","-0.550826155817046","-4.36171532619898","-3.46507954912902","-7.07237984477546","-2.18910259186254","1.07062458226179","4.95604650508672","0.962081590538548","-3.05842266144838","5.7043744400885","-2.85764450964179","3.49000753204759","1.32750746545208","3.39634962219454","1.80440486057691","-5.69118462975029","-0.906534747252579","4.29211060996326","0.00743786131084594","6.56599208557884","3.05114941865513","-1.14262295011433","-6.95532928049569","-4.37654192285387","-9.14164547202714","-4.13007381091532","-0.293589266989782","-5.45914258393637","2.3589706891583","0.242328470174554","-3.05374811117684","0.679592410495768","3.62987910465461","-6.66690284490897","-9.09053669631037","-0.633136046621416","3.30334814210504","-5.60513917872872","-1.36807649393035","5.27340420366145","-4.96793259486098","-2.46470247219901","1.46948087317364","-8.42653564750089","1.561104039648","-0.182602923875333","-2.25409778866545","3.43897067398352","-4.95009399168858","2.93217690049902","2.75900854630736","0.964484723620372","-0.599770648674406","-7.72472193110184","4.57228096201096","0.37052753297514","0.7501555824343","-2.59468790418214","-1.78267346298217","6.15437457139553","-2.04100488838838","-9.72704086932878","0.933681002044977"
"Random_Index23_13_0367","-3.12007463048897","2.03646602702899","5.52914775672122","3.13234221164374","4.79492602171211","2.14165262859245","5.11702699171419","-12.9403541688129","-2.74415431992111","-0.219518272684703","-3.674142876456","-1.13623251051332","-0.500287249598255","6.69123355379041","-1.36930521882335","2.94561656655208","6.16952536609387","-4.61850029752815","0.280564869451037","0.793989346723318","-4.36015169187307","6.7015936623807","-2.02209066650617","-0.0746892128600895","2.42563854185073","1.05224788190211","0.286511977105919","-3.76531832342724","-0.685178606736819","-0.979292153695001","-3.76631136621094","-3.0792688738663","-4.07117386243616","-3.09536916639439","3.09316261525024","1.74696898861678","-4.21907665577097","-2.97810856688656","6.77738260600875","0.0711397414409984","3.22357636397467","1.37484067784754","-1.25006714771324","-3.46632320336873","0.147538232872122","0.988499513805172","5.00150646770113","3.26565826175624","-1.93475191231578","-0.504585521064588","3.38331771163587","-1.23875364901503","-0.73156125749718","-4.4406203476586","-3.71708446003184","-7.03035573845801","-2.1511574668122","1.14358528242071","5.02288007347149","1.02271755473071","-3.10052954546814","5.80388252336325","-2.66757160337574","3.61922254395137","1.09334684623352","3.31543965635222","1.59029026564159","-5.71081729690324","-1.05482343491626","4.27628460963721","-0.216258570550356","6.46577617162137","3.23149905963049","-0.943169250196087","-6.67212354856323","-4.41140689507549","-8.88754573659125","-3.92091449037592","-0.356777014435121","-5.11432660592259","2.45222314596461","0.163096288844172","-2.91389971046671","0.802901096032392","3.57075214571448","-6.5256493038229","-9.05516213639486","-0.738868120958693","3.42623312265108","-5.62916581337353","-0.954977893925799","5.18684508387914","-5.06198753259827","-2.43368358308713","1.36080760640227","-8.39749512236126","1.58755917421324","-0.33515664805738","-2.41247145606086","3.42148758946046","-4.92026147681115","2.8173207147734","2.81297730878609","0.83853792034605","-0.798360475024606","-7.53417152539475","4.69671454908844","0.30986878880931","0.805350057370609","-2.62820383036274","-1.68543031436132","6.22369058485819","-1.8907947787929","-9.47096462580955","0.871810085644683"
"Random_Index23_13_0368","-3.12695429065186","2.18431835339811","5.56558510206456","3.22723581744051","4.94654362950604","2.05734138080461","5.1173581384108","-12.9121104737977","-2.82602536169911","-0.244849295099552","-3.74989525954645","-1.23426093834346","-0.651853783140393","6.90323987382288","-1.40046667262155","2.96314169394633","6.33743444866078","-4.64277461496293","0.180617644185828","0.780777712056871","-4.35509645059296","6.90447352371227","-2.03236370604526","0.0687029623759789","2.41675447220728","0.962185401212096","0.225928040534228","-3.78936071679439","-0.68366078653522","-1.03458188572567","-3.83591192840171","-3.11781047106785","-4.15571517565726","-3.00959396725037","3.04134344865158","1.62042303899876","-4.18014769263251","-3.11926146947535","6.99567627742643","-0.0144166934719535","3.28970430902043","1.40095746424699","-1.27593194302706","-3.59735005706836","0.0533101583257387","0.949829687019332","5.13224001774418","3.33183200382299","-1.9237786700957","-0.480632025556059","3.51744763765667","-1.33617377789373","-0.736504076378276","-4.54387268297256","-3.61021229238759","-7.05646064190764","-2.10074612373202","1.03999138121833","5.11634095466419","1.0997092060729","-3.08965298419204","5.88280104007871","-2.77799619460598","3.72143849797826","1.0666804961791","3.37676733309624","1.48563816940576","-5.79316350151299","-1.01415460123619","4.3769005158691","-0.218263505278842","6.58530737164789","3.18835716383118","-1.15491556030782","-6.75998091181447","-4.45897597785788","-9.04571775955827","-3.95516276037586","-0.448151321879551","-5.08852506597736","2.56598076856524","0.208124157426393","-2.93890802211903","0.814961141559968","3.65778992085635","-6.69407385521092","-9.31374234023736","-0.776049217808512","3.54887430388003","-5.72198190953886","-1.02807865722519","5.23942149565796","-4.87775424967128","-2.35748979485483","1.25039455168881","-8.46828659918406","1.64417492395927","-0.346924724749626","-2.35164306619126","3.37184174202383","-5.01365842741278","2.92784953908158","2.96978927984488","0.742971605254839","-0.769970960388523","-7.48645966479375","4.76852179293446","0.265564026724802","0.834236456775686","-2.78309146916774","-1.52768048552596","6.35545949114241","-2.03127560425205","-9.54671361440119","0.881061004385306"
"Random_Index23_13_0369","-3.10455029981645","2.09061400384122","5.64551683965829","3.09508892435825","4.79495006229813","2.03250232778726","5.1589048577169","-12.9445890240318","-2.79054263738818","-0.367559917800383","-3.78107903853558","-1.1870013604122","-0.719229359593603","6.76227919718781","-1.48978646939506","3.02503591180388","6.37443589505369","-4.59266877333455","0.199427784847435","0.881243607558288","-4.29042608195762","6.77948598164217","-2.06685815110023","0.0957623546349565","2.32473459057179","1.15610319440083","0.394530901818259","-3.85842151841032","-0.597743194573296","-0.982018863049659","-3.88545857641762","-3.19857272972885","-3.96759015335331","-3.03066445926762","3.17358693893089","1.60215295771943","-4.35414364098394","-3.12032645441217","6.9087528188242","0.0280475589869574","3.3155203850301","1.36491074485283","-1.21026138967311","-3.5471280230153","0.122437484097989","1.04557727969378","5.08596365756335","3.30858477668188","-1.81094040922307","-0.567564851576874","3.35860504885314","-1.39034084750506","-0.726685894519867","-4.4383490017373","-3.51220449371392","-7.14567669501082","-2.12408500642416","1.20143463983478","5.04767646686615","1.09768765048304","-3.187667876653","5.82735992714109","-2.90570679519012","3.61881558772938","1.04194108433296","3.43482504314969","1.61833613720177","-5.74908972385053","-1.1163812872326","4.43718276398046","-0.222630271684507","6.54603042071311","3.15049451104473","-1.09512677693667","-6.75817316298921","-4.51319044614492","-8.99752623222722","-3.9298135850979","-0.455164712844831","-5.14465936658668","2.38652158139615","0.156568329367986","-3.1461762051531","0.762555719364808","3.67993575230221","-6.7188992164268","-9.15688196994897","-0.815133568693121","3.46471104283585","-5.51550087052907","-1.23041013714469","5.42957065499065","-4.93030006136169","-2.15013363074451","1.39204829441286","-8.40434761352047","1.68784456714708","-0.4369915026458","-2.24795255121036","3.5187497450979","-5.09176966188281","2.94522938153037","2.74003607020998","0.662288184976309","-0.629841768081007","-7.4745022596922","4.60201769929736","0.21195287878372","0.882592977202758","-2.79017828762723","-1.71325486933688","6.24510045621395","-1.927669340422","-9.64064149408639","0.839329322354195"
"Random_Index23_13_0370","-3.03615708194193","2.02692504806861","5.60626271276176","3.05817110994357","4.7579565280362","2.29774467852277","5.14970394878066","-13.2034615656984","-2.86211486083338","-0.214159615140624","-3.61337742663418","-1.1139216243948","-0.544717087256739","6.90238510527628","-1.15730682557017","3.19734672836294","6.34491401894953","-4.6614752260417","0.408298573050856","0.809180772058178","-4.41817365208508","6.90069270391454","-1.77486271823381","0.0280639368912107","2.25748876695421","1.2903671084828","0.343200393441737","-3.58307608068519","-0.409010482621444","-0.822272430578955","-3.75114846904459","-2.99737331354527","-4.03201590706583","-3.30452964358535","3.32756209206525","1.66350738765144","-4.45331945557089","-3.15563356186743","6.99879836298684","0.246968878996421","3.15445407768431","1.60840457093836","-0.996082181900608","-3.36356793782756","-0.0644927090290403","1.02046455330858","5.03803958475863","3.23232742368199","-1.98761710576218","-0.719628714512717","3.39960778803663","-1.21120181093143","-0.563849067461683","-4.34620645244253","-3.53897573082169","-7.12641842762681","-2.09509117675852","1.37471350566226","4.99817173159352","0.916829071388249","-3.13480952798724","5.74690573812703","-2.82694028286551","3.55113713522622","1.29799676902938","3.34559030308812","1.57383636490232","-5.8871465692177","-0.876894112745303","4.35212654880356","-0.310013116808789","6.60518614461467","3.07176498555084","-1.05451854466844","-6.94765455184503","-4.4150892260673","-9.35129022735387","-4.09454167354153","-0.279480949126424","-5.4197632018141","2.35238741663087","0.340007947322686","-3.0429907545158","0.780613964264677","3.5631586810417","-6.6862431714769","-9.27406141659178","-0.540808689601987","3.36497732352792","-5.69529880798884","-1.28571981865005","5.4214150715403","-5.25174393811494","-2.37504099577938","1.41019180850651","-8.43130668932382","1.58877199259351","-0.243395402679477","-2.28460876775093","3.80110539972764","-4.99794788003555","2.9271126154178","2.7602470558123","1.00558409385509","-0.525710249584267","-7.63967966575877","4.56592078895767","0.538979680329914","0.618880559423983","-2.50020798329132","-1.87149030069135","6.19451258984404","-2.05201685335128","-9.54579768184407","0.952714043850337"
"Random_Index23_13_0371","-3.30717987979175","2.18748473170803","5.53941059240524","3.22007969083233","4.86372169991341","2.092000820767","5.24444222080619","-12.9906969576933","-2.87223503588683","-0.312298238978794","-3.73691869743758","-1.17326237726453","-0.593903870696045","6.97320953929344","-1.45704470354941","3.04752726350599","6.33797990892838","-4.80569646532966","0.263745478649979","0.765363584830361","-4.37989415382374","6.83505587975544","-2.03831808549302","-0.0335188017550574","2.29355723042825","1.04082210099177","0.268755887712101","-3.76702288954965","-0.607286253536609","-1.07117356847474","-3.85992184310569","-3.10701783784413","-4.12890393100289","-3.03236406278031","3.2454714712706","1.60826278213592","-4.23509295514716","-3.16613594152498","6.9752474531779","0.139084175451856","3.4353204319176","1.37410396156768","-1.36302281296889","-3.65215582532613","0.161458128755186","0.92168095500975","5.11181042551495","3.3632416052107","-1.85176056174757","-0.591478676728394","3.52853132088568","-1.38191904692546","-0.73018566795338","-4.56339376693944","-3.62884207167042","-7.30364851663243","-2.24234423849437","1.17852513843098","5.16802951615751","1.1107557846791","-3.31433360160961","5.91131730214068","-2.8203202017729","3.79866455008526","1.08136371384678","3.45024950881823","1.67103890724596","-5.90707978427351","-1.19438766803517","4.39320178983614","-0.177310416833027","6.59372880831023","3.19434237728655","-1.138332002352","-6.70864675777586","-4.55537813401238","-8.8587251062745","-4.03286323157449","-0.525426531658278","-5.16408368412323","2.54514285049836","0.231662017002371","-2.98743575094464","0.790671113629647","3.831766021331","-6.7904924727064","-9.22884154345263","-0.813285625659252","3.49607045039623","-5.75669931372822","-1.07239452963072","5.34228412759437","-4.88664020197914","-2.29777007895068","1.38726845126666","-8.52230140727073","1.63837740666068","-0.380240521612599","-2.34175577927116","3.5573093605536","-4.99151989731903","3.11331067349103","2.99273132582097","0.806641031700669","-0.749835967689266","-7.72929661697613","4.75786915115972","0.263375096793077","0.830080565013603","-2.94013265358807","-1.6216356101054","6.38629470897364","-2.16203518279019","-9.64455756241864","0.885164205181799"
"Random_Index23_13_0372","-3.15373678888766","2.13067170813173","5.44505493776296","3.1200563410119","4.78743190980508","2.18883968658815","5.27873938507986","-12.8266966792794","-2.82613348623566","-0.236340672917728","-3.75374801076919","-1.16181739058567","-0.579885490104426","6.84182624271118","-1.45732276944974","3.16168832320242","6.19296663334174","-4.59336280135467","0.304477565063191","0.931002990760823","-4.33693770943588","6.81947953974319","-1.98817764545663","0.0440503382847891","2.20360021022536","1.18197746379988","0.442271044413788","-3.76343900622198","-0.57965329815966","-0.950642249500455","-3.9160320788674","-3.08155339525118","-4.04637814043536","-2.95601609469291","3.03818083172248","1.81015316946826","-4.19966641872447","-3.12363918911409","6.89357183066895","0.16700468550088","3.32011528367267","1.4502945280092","-1.14993246847708","-3.44344559678193","0.133604805181885","1.0098184081032","4.96603293522476","3.22465367417995","-1.76569396907669","-0.688189403746313","3.38604506939752","-1.30083743374897","-0.752777279937658","-4.40499177609927","-3.54251516439248","-7.18583594238807","-2.17092322279426","1.09188766212315","5.06200614796136","1.22465271032056","-3.14031754028237","5.77039244281974","-2.80160771626006","3.60781653579238","1.15094039309404","3.22369479988895","1.71716848101613","-5.71302158716552","-1.03781258145016","4.35145884029302","-0.0588367412011796","6.45566346120663","3.20276785954973","-0.896413905796348","-6.82553655688803","-4.41619089602287","-8.92577251596926","-3.96607606348351","-0.386824506338044","-5.24019408927069","2.30873462686391","0.25830166074298","-2.91956876050152","0.83848263654082","3.5786522698761","-6.67291603683195","-9.06938545972105","-0.766015762158662","3.4526404284161","-5.58763135974623","-1.17627421019575","5.40310844269146","-4.98078193352341","-2.25405186027128","1.41018037156731","-8.40366294591135","1.66181548314964","-0.38312781559202","-2.24367915332604","3.37200531668689","-5.02966960161064","2.69461481830854","2.71046650551567","0.89863215132374","-0.60741241829819","-7.61767980050814","4.57954012144435","0.442208317074662","0.777012737786693","-2.71216525206434","-1.68331077851585","6.09411623543656","-1.88339969457507","-9.51929546858961","0.959761200034832"
"Random_Index23_13_0373","-3.0272057813678","2.08037168583062","5.55916174815772","3.07024525352422","4.93222219561121","2.04061198527981","5.11353849440644","-12.8632068100674","-2.85651858962368","-0.258437537572085","-3.65897709364567","-1.07918072108478","-0.48139928112866","6.94944650071364","-1.35067557004815","3.1669729394993","6.22464094171374","-4.73090364615646","0.308343291513782","0.982506555339181","-4.41991131687649","6.8542255767995","-2.00453662922768","0.106380367986823","2.3245587936219","1.28943767344273","0.432129272159126","-3.69070909384479","-0.503818408453965","-0.901089838304105","-3.9290622238433","-3.03959805493255","-3.96668319938159","-3.00994163116369","3.07620576839338","1.77769649052487","-4.26389066308383","-3.30626874646559","6.93855689869862","0.0196143456449612","3.30210319064535","1.44950503086617","-1.23765776729414","-3.62417733656027","0.154516699707991","0.984215343529741","5.07957283350961","3.25232166385749","-1.96143561157128","-0.607424701808549","3.58715840225014","-1.21367320096462","-0.62756677589466","-4.50179716750627","-3.43718165979127","-7.17073524595741","-2.06828150452527","1.02264679662518","5.04117008762891","1.16398443121892","-3.15339479935037","5.80702636501768","-2.87226341521164","3.67226355798421","1.12331694426094","3.30696519503808","1.66322008240438","-5.72403831000405","-0.928316024955583","4.41568845781238","-0.0829407927945572","6.54786718998882","3.20704553372246","-1.15514986935675","-7.0051614226256","-4.53139531794464","-9.13652154508752","-4.03040520609403","-0.484029698591451","-5.22556718587606","2.35137326510006","0.205481606147246","-3.09430824960832","0.764064766662763","3.68322601931261","-6.71857462511813","-9.20317744967442","-0.69307088554151","3.4749982140078","-5.7483864011082","-1.25040957288671","5.4197376387171","-5.07383335516569","-2.26269159884269","1.43022435809179","-8.50169510633759","1.79886770960568","-0.399472569979676","-2.20118287550901","3.41558264470306","-5.15684596435163","2.84229532702695","2.78074008992119","0.761265049613795","-0.753847582767465","-7.63755899286521","4.64195193999035","0.26883496806076","0.699863834065172","-2.64893707410272","-1.65253100566614","6.21582968003551","-1.94202230417361","-9.69708152629015","0.760224969902149"
"Random_Index23_13_0374","-3.13096979286887","2.06256311750738","5.64777396614158","3.11980192818836","4.92635623506641","1.98610251774944","5.16553510426493","-12.9250649740106","-2.77918980742107","-0.246473363444417","-3.77416822087134","-1.14579289533846","-0.462558619979203","6.91419892220159","-1.39497607120527","3.0656753380135","6.20525282048173","-4.7046244982245","0.261680409996524","0.920950612879352","-4.25198318629696","6.89645408476024","-2.08823530832819","0.112711181411468","2.4530365348257","1.22900961214747","0.450661105221117","-3.79428736356072","-0.459817849796796","-0.957826883550593","-3.95185548034652","-3.11786931381205","-4.10182914069827","-2.88769261096173","3.00478039351791","1.86231307398895","-4.25546460109623","-3.23886016925181","6.93349480087627","0.00220443244263232","3.3069598150885","1.38399082769065","-1.27167304158565","-3.6059905774338","0.16345012857565","0.966237735255098","5.1437031844538","3.28440025674578","-1.80338024761107","-0.590757100503238","3.63655085012033","-1.27600560166609","-0.674013348694721","-4.40100417712096","-3.46417324125116","-7.05274812384225","-2.046354059279","0.97834609336815","5.05288710501178","1.25062952049762","-3.22406221852411","5.90151032854821","-2.98403960225802","3.66737970704945","1.13021739536321","3.21423938885119","1.62242704492269","-5.8152231161533","-1.06561296063931","4.39721444925029","-0.0128917233186271","6.59111824047961","3.26076145559053","-1.14571002390095","-6.93201740838006","-4.45170774459219","-9.04970964402651","-3.98491230850768","-0.421431479900078","-5.11443030773107","2.31575821454998","0.134141649943439","-3.18085478685204","0.897522697935115","3.62932308968025","-6.73139845263326","-9.26781519642573","-0.778089289316294","3.55048062533263","-5.68384870351132","-1.21778112505935","5.426050805247","-5.00114446344607","-2.32992848384066","1.47039564796751","-8.41597316287613","1.80578783032335","-0.426442968032518","-2.24176786650846","3.36001592618752","-5.09730919294032","2.79422377127953","2.82913936516566","0.743821121742092","-0.718905895510934","-7.50647936704377","4.65772851629812","0.168878660448629","0.926158904480939","-2.66467938551443","-1.68403684275594","6.224356098954","-1.86490233983399","-9.73833885880273","0.771953497921263"
"Random_Index23_13_0375","-3.09903833133878","2.09385688271836","5.45144812443685","3.05321450911381","4.79800187183392","2.10532836990957","5.1552497134088","-12.8573903212609","-2.85939566651187","-0.24478821477498","-3.7061403733482","-1.12922775789968","-0.566833927724012","6.90170796155101","-1.38640978576456","3.088580672518","6.21738598922625","-4.60423895958591","0.290741427279759","0.908749678679183","-4.48620101939369","6.84007463456129","-2.04127859259953","-0.00851030899600034","2.26793722133835","1.32403815504461","0.466215868535839","-3.73145125747758","-0.536286425559185","-0.963164192946558","-3.86597861909619","-3.06286861223754","-4.01375572999994","-3.14699103634749","3.06310698220857","1.81313323081648","-4.31525564178969","-3.2644983104699","6.92971016550175","0.161964619250494","3.28551789035972","1.43124941661107","-1.15487960288953","-3.61202533015272","0.0344029682213436","0.963953492699792","4.98977747714058","3.25176581116591","-1.79476685054584","-0.644091851075297","3.42130490360792","-1.22853562726869","-0.675825315083997","-4.43304173743977","-3.55962354291592","-7.17618084677678","-2.12048830171315","1.0807612842071","5.00189819054255","1.0889915332238","-3.08485097123169","5.71884233437296","-2.78483277003562","3.59212058259722","1.08567389145206","3.32775130316171","1.71562431723658","-5.76110351810512","-1.06425020754156","4.3482338188371","-0.141344671404096","6.53764175492212","3.15742998019635","-0.953541714998809","-6.90263942119841","-4.5386217480477","-8.980161816911","-4.0902346687988","-0.400793856534307","-5.38566892152237","2.35521737582026","0.202017208589885","-3.02949085854903","0.829218268769152","3.55178709310979","-6.72057122757992","-9.03557007684022","-0.666039974007804","3.4096887285251","-5.61144972153164","-1.15657703245178","5.36015884521297","-5.00473727266788","-2.20347790663303","1.40574127414198","-8.37620501284215","1.66714773346283","-0.338123485023612","-2.24391779234964","3.43438379627724","-5.0189032675078","2.89443399803741","2.78108187112651","0.848853343881073","-0.613066338870852","-7.66775907802699","4.59748223174944","0.273857849337715","0.883623206747953","-2.65602129209931","-1.73201705799834","6.1979118145714","-1.99878708705066","-9.63300774652366","0.791901523277151"
"Random_Index23_13_0376","-3.08825214477502","2.15566307566137","5.67901962909528","3.2685822210661","4.89742680980301","1.91412562810802","5.11786937392522","-13.0296780163954","-2.89632094697765","-0.337712909247485","-3.82688449653565","-1.21430954716958","-0.705638596097618","6.88292639429415","-1.46686350092032","2.99564099350077","6.32325158500039","-4.69860665085138","0.12757994453283","0.786978387563558","-4.24108747823875","6.90062172264669","-2.04337541418251","0.0457473354342881","2.48759835259353","1.10686639763982","0.391907552087324","-3.80576778297083","-0.594082790143056","-1.07536564786633","-3.93134676257445","-3.19366028512974","-4.1022853646001","-2.98352968905927","3.09254194715569","1.66857471028268","-4.24432527808901","-3.00042207363691","7.04044351078472","-0.00830487889365129","3.36640881179573","1.36384809337839","-1.27341890417348","-3.54903586423028","0.103102481364367","0.951484783301949","5.17759317068078","3.32553974803161","-1.97519961311591","-0.500473775206406","3.58089070332381","-1.37559065147928","-0.758558527772891","-4.40320593512146","-3.56174608110714","-7.19720952224417","-2.06257697591132","1.07618173513465","5.137117563235","1.16507173273119","-3.1629270785547","5.97866845361516","-2.95870550307795","3.65950084181364","1.0357085543012","3.3288351082126","1.37588843768285","-5.87692490528666","-0.97824149310515","4.4296194652707","-0.26768103657203","6.56744658685536","3.21818022391608","-1.24973845638743","-6.77912269538185","-4.50539485731625","-9.05537461832572","-3.97047522373192","-0.400036293372937","-4.98523997404006","2.49607286452364","0.0991715458790216","-3.11335632325808","0.898392025878461","3.80929835171622","-6.7374831814266","-9.27459937075132","-0.753113073906018","3.58343523507461","-5.54986618851171","-1.06957158916146","5.24282697444363","-4.94506573372137","-2.22636604900321","1.39644054979856","-8.52623119428688","1.64558441669255","-0.405998245982901","-2.34582613828706","3.42032019687583","-5.17583983460326","2.96838624282051","2.98175326862878","0.631156551690771","-0.725158022665351","-7.51193497425376","4.7201612481601","0.171942838294345","0.91138232922833","-2.67282899663629","-1.60455544718989","6.35590872203483","-2.01667757049738","-9.65237599812418","0.816400813115053"
"Random_Index23_13_0377","-3.13619277336523","2.03294576080786","5.56494044299733","3.1924944035753","4.7474026685359","2.03362423255155","5.33513637792929","-13.0412439444598","-2.78513581838582","-0.371610196912913","-3.88178593194609","-1.3780753099707","-0.710020121649032","6.87637015031282","-1.57401430927572","3.07011447463465","6.35650732195096","-4.79807805356685","0.147595532000857","0.830460340191968","-4.41731570541944","6.90039854866295","-2.19129436986281","-0.0187034224007682","2.42788374814894","1.07527587884059","0.363790921599313","-3.85443010588541","-0.642621901716534","-1.15543273709263","-3.90255819086655","-3.24361904687379","-4.2437953465719","-3.13646434918734","3.10428689857675","1.7438722659662","-4.29068786094126","-3.07943577506725","7.02170979515994","0.113001235969064","3.39191308588097","1.24766153838644","-1.35997672041823","-3.60508633034236","0.154200460263301","1.1127116154082","5.04142216813537","3.40870807005574","-1.82301060841999","-0.507132134307813","3.47307873360308","-1.46601383651499","-0.866691767100732","-4.40433965080305","-3.68127293090864","-7.26398591135123","-2.06487586558126","1.10159394878692","5.12319692658291","1.23385517381631","-3.14305063229409","5.89223666700319","-2.88110902438745","3.68517616535","1.08024632110516","3.41681862924504","1.49444954683671","-5.94582737663808","-1.2638990023608","4.44006681682811","-0.17079653276849","6.6540363090615","3.20040129443138","-0.844111403926068","-6.77911107335221","-4.59249727710169","-8.81179394738343","-3.98886231701943","-0.397201799284162","-5.11587519793884","2.5227442355939","0.100188194604598","-3.08859212472841","0.984674780625815","3.72895000832892","-6.81449390376022","-9.23245487413493","-0.74946512781488","3.56287349333219","-5.54623252049212","-1.01605459857487","5.33347851673444","-5.07334932818068","-2.20618827648572","1.32255235696203","-8.44035283319135","1.48855628199019","-0.466988844818895","-2.37943409019691","3.40133958399859","-5.0614968972502","2.92062142114573","2.91475926027299","0.772595355488633","-0.733228058008261","-7.5326572827695","4.83370334272401","0.0698440631009024","0.805363541667542","-2.83896516693857","-1.67469733415859","6.37249891978317","-1.92493282985368","-9.64034804128196","0.890316520582358"
"Random_Index23_13_0378","-3.08248504965156","2.06144980312769","5.55297543740176","3.00979406935285","4.69224639608302","2.15028455706289","5.22033136875001","-12.9245038556369","-2.74079783064713","-0.294275056052812","-3.73633897947928","-1.18934508147212","-0.540365117036349","6.8148628489478","-1.36716131772874","3.00994348687646","6.25161221780392","-4.66283312402874","0.284218296274078","0.759845622578526","-4.34687666260869","6.70929554223106","-2.06095532938034","-0.0942571815197182","2.37377462501438","1.20323055332327","0.345349188863535","-3.84915954398187","-0.700690570216813","-1.01639186867659","-3.86899167361222","-3.10485302786708","-4.07958728859648","-3.00081953693093","3.03348768080512","1.79711196147592","-4.1645905480171","-3.10508444545128","6.84934821471124","0.113344406973166","3.2510163243454","1.42020115904095","-1.34101737524737","-3.54724659852786","-0.0159859825848402","1.00810543446185","5.01310856878226","3.22377124847596","-1.74585176670313","-0.679200779512083","3.3430552952112","-1.266656134271","-0.665194251184357","-4.5279581450157","-3.64017462134616","-7.09774369738096","-2.23004534141398","1.01273922429212","5.12041113477766","1.1862055591897","-3.07762683982785","5.85854447049355","-2.80086754264394","3.54652567158018","1.05485180288884","3.26789991401973","1.68433546772037","-5.8067550587447","-1.05385261108786","4.28086716685083","-0.165385354904535","6.49835181710573","3.20622093826497","-1.16307193465866","-6.71140707393481","-4.45540489898688","-9.05350626200421","-4.08666430430925","-0.331415892583385","-5.16463776803989","2.393454897258","0.192581507507352","-2.98592005005715","0.792173392768869","3.567028308646","-6.65214099016396","-9.17642085801611","-0.80864953987199","3.46875518677513","-5.66581994897162","-1.17972739878559","5.24854583968452","-5.07387746279805","-2.43275480225416","1.21738947055487","-8.43841887704762","1.51563855645001","-0.333939348412865","-2.39727573796984","3.31627572435605","-5.00036803805937","2.80398490070516","2.75593722095953","0.797349602438451","-0.670265594547218","-7.59769405301719","4.63240489608849","0.29485401791829","0.783957961807546","-2.82234494576545","-1.79613256251219","6.22488924424443","-1.82547787606763","-9.67555116505929","0.838707017512271"
"Random_Index23_13_0379","-3.00221447563273","1.99448992603588","5.53335950375413","3.05791203819898","4.77121893253263","2.1930844080001","5.1741755327635","-12.9789944752327","-2.76547774943697","-0.171516725232066","-3.61736359914986","-1.09479011188336","-0.509229749515973","6.84498237164133","-1.31908363866196","3.05816246286446","6.27512955137771","-4.65156776658286","0.384905870509712","0.781824190317083","-4.41860404903558","6.77600283745188","-1.92303384628338","-0.0631556958082753","2.20248170612825","1.13675922668952","0.296388496537317","-3.65636408728062","-0.658276639259487","-0.837981662987776","-3.75519919478491","-3.03924410499691","-3.99827081530608","-3.09665242512589","3.22410561973083","1.74601304978259","-4.22328309031837","-3.15175465063175","6.93245229640659","0.193442516145898","3.22904196138984","1.53277561034332","-1.18117117953625","-3.45525803640396","-0.0701212164627675","0.925461768426093","5.03864279384356","3.22333979840788","-1.79985778757431","-0.643565715336475","3.37994090602389","-1.26634423968921","-0.632633991967958","-4.51775419125637","-3.58434007440001","-7.1202032381107","-2.17278861116251","1.20469461632732","5.05648341033549","0.980227170457368","-3.05403725282801","5.75233408544733","-2.78867806230557","3.51800618353415","1.21747581149616","3.35720178998622","1.68050609520927","-5.78660267677154","-0.998653379421659","4.33834057035811","-0.170050913307062","6.52250893773729","3.13330369005565","-1.06836148244238","-6.75441388191734","-4.52824291599315","-9.10943295591822","-3.97527121719","-0.302159204808755","-5.25106626113617","2.40109494200428","0.291339755475437","-2.99931239067287","0.64841419255511","3.66663676704265","-6.62581796501517","-9.17007425906241","-0.574492434861251","3.37875109264315","-5.6972847406025","-1.20134035821417","5.3127114557293","-4.96615807164983","-2.40536094681716","1.29623442279994","-8.53870680118164","1.56232629338113","-0.257465876450468","-2.36087444034604","3.5527232690508","-4.9150256789382","2.97734086901092","2.78808299658451","0.831370537313726","-0.591384287812917","-7.64373018954233","4.57837082293783","0.354231464280983","0.700715011918858","-2.70969654407517","-1.76880928652115","6.20188241516978","-1.92768638614745","-9.58874640967617","0.954115402851391"
"Random_Index23_13_0380","-3.09353888997699","2.142116014087","5.66162727181871","3.39295836274441","4.89792951938805","2.03592851950166","5.10126251978056","-12.9528101734311","-2.96437961216873","-0.308039584725586","-3.83156082847286","-1.10940955729446","-0.725555028532217","6.87938709637548","-1.44142385391559","3.11738444133547","6.41901478516253","-4.62702058351703","0.171061290420924","0.856889216417278","-4.3744537088963","6.92697911794128","-2.15101117083961","0.0994854167843998","2.43699512853163","1.24470251986524","0.386411779451187","-3.86593285662826","-0.562293162595348","-1.01725637015649","-4.01186210585706","-3.23099997761229","-4.24091465737933","-3.08054739969729","2.88369718235981","1.7245395905461","-4.47405261207614","-3.12131293042084","7.10534575893496","0.0106483984639989","3.44240900206734","1.28310464745883","-1.33080717452772","-3.64324706222648","0.283983826002791","0.876172237126989","5.21433838307784","3.42242549865825","-1.94340461356851","-0.521439102540737","3.5487883695884","-1.3825147159809","-0.859542599161444","-4.44568569267054","-3.72522657109958","-7.21860316985161","-2.23752280755868","0.913273094309986","5.25570991215898","1.13028938119867","-3.2626494033687","5.8814483704692","-2.9181997029418","3.75262382228409","1.07518116271647","3.31319618075176","1.49401447538625","-5.73670772926585","-1.08238539994383","4.4899815657534","-0.296356537283742","6.75515131392701","3.27133482774849","-0.995230305361343","-6.94022405361091","-4.52572386634704","-8.92856866566576","-4.1035922380701","-0.520402602375262","-5.0456366787326","2.49546459567625","0.0993329628300999","-3.16953341132204","0.936633057642075","3.81874548083018","-6.67039593094753","-9.29165155071778","-0.905471049060185","3.48013303598786","-5.54967560162697","-1.05478254444233","5.27281421271063","-5.03466755918097","-2.13388833416563","1.46588861934691","-8.35284484298382","1.61998667729167","-0.441015454909359","-2.30698899120856","3.29727674158033","-5.17015072106009","2.81324398598069","2.95881794140304","0.771963964722242","-0.609590030520769","-7.5023215452764","4.85735201295034","0.210102354575203","0.832773914033103","-2.66275958549362","-1.68606070241106","6.32446921489169","-1.92970465767178","-9.68195193619109","0.742236344783699"
"Random_Index23_13_0381","-3.23408222179541","2.23657740428734","5.68914754841199","3.22535130756481","4.91172927865476","2.04006836836152","5.23974434817629","-13.019817918421","-2.7776264930656","-0.367538959963486","-3.77967817646666","-1.26468509210857","-0.694457400608583","6.8453499790883","-1.4628631282845","2.94101406522232","6.29852649598873","-4.78508494555928","0.197728663375082","0.815702660288801","-4.32607005066623","6.82824138984037","-2.15893460010797","0.0417839048647825","2.47301946070646","1.04881191454419","0.400837642457799","-3.90294420224686","-0.56809183300787","-1.11345156899466","-3.86079192605838","-3.18714674788883","-4.11231023634638","-3.01653484510062","3.12873692228585","1.54786433658738","-4.18426233704665","-3.02796748204775","6.94088378689701","-0.0642796586801185","3.38778250591154","1.26298157356382","-1.39466650272317","-3.6589726256875","0.127693539341663","1.00415559908692","5.1567730860553","3.39798042642286","-1.89852747721201","-0.495106657187729","3.49335418613862","-1.4205164660821","-0.830435054296092","-4.64288974471006","-3.65032671408721","-7.06018442964678","-2.12534185892319","1.11305700261842","5.2007549100018","1.05878158795608","-3.20348455933241","6.0153577894035","-2.85589701043195","3.76207512081465","0.964874512431829","3.3834899458197","1.49479229360562","-5.7549675708656","-1.15083288777443","4.40471658244242","-0.242911216026334","6.61511123993122","3.31341774215096","-1.09799865608005","-6.71733438298267","-4.50380602316565","-8.92443341447078","-3.90528663907171","-0.504160199234376","-5.13667831677641","2.50045547664725","0.0571320988380986","-3.05294646079221","0.864082752114922","3.69465752217942","-6.74275036681752","-9.28819374040694","-0.912041244801606","3.66338902765687","-5.57992534052068","-1.01943984515965","5.27803994832341","-4.93278666886705","-2.28482803170517","1.42971525717339","-8.3681450680097","1.6306499600321","-0.428587799061785","-2.24446716745786","3.43998173514585","-5.03864259274633","2.91883407807311","2.9031501707575","0.680447177443495","-0.760561745641795","-7.6130081313888","4.79170974362534","0.240696436015342","0.82936611927605","-2.78266799796224","-1.54513498168064","6.35350124699147","-1.93084140674308","-9.70924029812251","0.778715090314852"
"Random_Index23_13_0382","-3.03132442628589","2.04659836299172","5.57372668188927","3.09550355534527","4.7870123586801","2.22514629645148","5.17551804848717","-12.9949929429948","-2.87015670994779","-0.243213634860755","-3.58919434378786","-0.912492292533299","-0.528998155611196","6.8620020890849","-1.27090837674543","3.1387665110122","6.59152379503999","-4.59039045641473","0.366989956312805","0.877432993689988","-4.39190145131193","6.88775091221844","-1.81179523650181","-0.0234672581778322","2.21986720804218","1.2585900369858","0.355353347705361","-3.67116335380766","-0.60931971524056","-0.846151940378097","-3.80711357957526","-3.02508471363165","-4.01086859040639","-3.13239952353708","3.34089203682258","1.76193636339748","-4.38331906373314","-3.25115714425291","7.0328379673735","0.337109518198721","3.25882986491734","1.57384062064619","-1.04541336136249","-3.4393370520801","0.0326813215565707","0.986857887316774","5.06388398571555","3.23307144350758","-1.90444451555644","-0.667257720403295","3.44120971729364","-1.24238683340462","-0.590668634826675","-4.47701723662739","-3.65775975226078","-7.20094578242304","-2.15793873452363","1.31190516101825","5.10037713779769","1.14644905717694","-3.16035635547047","5.77545588825693","-2.76882453770057","3.6374337739825","1.34857614593151","3.65669259005888","1.62523138131957","-5.75649538477717","-0.97304446148609","4.42559324465674","-0.157880974521488","6.7097885536898","3.11593491597344","-1.03320995228546","-6.91814573555922","-4.51640181064993","-9.17067877259626","-4.16757502661506","-0.235811623193291","-5.31328106983645","2.41278229323588","0.443472963411751","-2.92724142415935","0.776143824323694","3.69986215329901","-6.75283369257247","-9.09136188517057","-0.593902264456513","3.46732175706643","-5.54511603390494","-1.21187433988314","5.3459452606494","-5.12120799513462","-2.23777932995397","1.43267979877264","-8.58277458587497","1.62289743758621","-0.202385278356533","-2.30430252193491","3.68729821241358","-5.02161436652028","3.13916482443162","2.81887124664163","1.0320068298582","-0.527215641363532","-7.70378550706794","4.62397206559153","0.511223347739428","0.688782186622884","-2.60277504910558","-1.82124111635628","6.2178166043282","-2.02442086390727","-9.66884561366073","1.0838945296809"
"Random_Index23_13_0383","-3.02848920906285","2.08864462243084","5.51872231215272","3.06025447075696","4.79958901900728","2.05337719540081","5.13727585610941","-12.7977828416325","-2.8557721886996","-0.181073468391445","-3.61433696472165","-1.06859991047664","-0.494229227412484","6.86446171687752","-1.267330918469","3.16846386240925","6.16820843082608","-4.7109009561","0.325778399129028","0.898236017183446","-4.34772671005495","6.75794422738387","-1.94710374102215","0.0697619563591723","2.22488890204901","1.20017160438323","0.413196142680678","-3.64596916509747","-0.4968733223837","-0.883346918910241","-3.87413784325281","-3.04882765439331","-3.96519086658861","-3.01256617170585","3.05796362599093","1.79135483266368","-4.31346239673961","-3.21307913339604","6.92280596486159","0.133300159405113","3.25827568252614","1.5101574557918","-1.16094737087595","-3.55275742574425","0.11440445190792","0.90519254109201","5.03406643946934","3.19142985560459","-1.83264320264366","-0.748293486098533","3.52797230029321","-1.20220039363979","-0.633450732531197","-4.43141595164565","-3.45646715043564","-7.11669550549396","-2.20485864633103","0.990963182763226","5.05294640990829","1.16946997604527","-3.23299312383824","5.74450666115518","-2.86894243430906","3.67589533827118","1.21384957197023","3.2737078336194","1.73367133338711","-5.69803834227275","-0.999390519866188","4.33430142359959","-0.0319342660247722","6.5580363018642","3.13343433245815","-1.14459911313314","-6.99555379125556","-4.44529476807497","-8.94562585340302","-4.13514403127756","-0.491973335639675","-5.16555216936737","2.31313233361088","0.294958019573978","-3.097357266132","0.791670170404976","3.67763767986782","-6.70769137416166","-9.06491670097216","-0.687948763277044","3.43298690259387","-5.67819711706153","-1.21865137882195","5.38153399774264","-4.92579693715267","-2.28791095568693","1.42920988833158","-8.5067151225343","1.73098233628776","-0.330226081684894","-2.21955210247377","3.45976620014579","-4.95091358886991","2.91907030703999","2.75227464601005","0.785791008723772","-0.733674381943521","-7.61696263515541","4.58839731492406","0.331407507447315","0.810367966480235","-2.65633040194064","-1.71312940064226","6.18258533970403","-2.07230940476628","-9.65189737199893","0.886459636694817"
"Random_Index23_13_0384","-3.06293505973212","2.17394267795925","5.55717067936223","3.16020421949833","4.90108480047691","2.25692094855322","5.46825819436256","-12.928258254843","-2.72760093794889","-0.114467969080649","-3.57985139266684","-1.0660987046567","-0.402965844669486","6.99611970390415","-1.33390928636279","3.18399530622043","6.23915144837555","-4.72546004149777","0.38444804718286","0.876349855671081","-4.42060061854764","6.89293029241438","-1.95084135893954","-0.0168897889372183","2.2515328056501","1.2665086979802","0.274313857004972","-3.68655478964062","-0.613297700054421","-0.902164890876984","-3.7860272996666","-2.95529994826469","-4.07134108236819","-2.96682924713088","3.10331008191009","1.83737854107298","-4.10239609485317","-3.20194518847848","7.00673176521951","0.317164364673324","3.35593709563674","1.54877994577051","-1.28387946292141","-3.51428530741137","0.0515947729807246","0.950337779322233","5.13033239627464","3.28101259816327","-1.84894301224077","-0.655550068400799","3.52789140235163","-1.24696909883052","-0.621596600308732","-4.51431545840097","-3.50714762581081","-7.19386094575952","-2.19706887532801","1.07183867994475","5.13699874033956","1.24364181840768","-3.10318612902695","5.90294284942863","-2.79423353141507","3.67356896564266","1.246820788357","3.31050941920443","1.74550039808976","-5.7471149203984","-1.01628115808069","4.42814227061253","-0.106630411532534","6.55484015579581","3.15966185384075","-0.935192783234642","-6.809348501787","-4.42240371165697","-8.96396795667082","-4.09333337033526","-0.322929090480875","-5.2337966796045","2.43856042592791","0.264708253419929","-2.96596824649386","0.761885073456801","3.71305596244587","-6.70317799914749","-9.12774612995622","-0.64580236432484","3.46635450954026","-5.71227608317546","-1.16141837987934","5.30128797920817","-4.9902324845803","-2.32718032341527","1.35267768006999","-8.50576483289324","1.661849557341","-0.224250541723509","-2.34340735262076","3.39090834774937","-5.01263901464782","2.8815558035899","2.86051544725991","0.921643211461925","-0.61460332077664","-7.74620200370755","4.69318904183067","0.393235645433325","0.929990756259105","-2.70239988798164","-1.78351286606077","6.3110345873929","-1.9358688066334","-9.62610733983711","0.946523511719815"
"Random_Index23_13_0385","-3.26507376009538","2.2702943973147","5.74582278611126","3.26439241379527","4.93383803751935","2.01295281645585","5.14847890854583","-12.9232229719965","-3.09883311900819","-0.304896020811096","-3.88767898093298","-1.27394313739648","-0.856469235291752","6.90776170951752","-1.52014279945406","3.11924211458982","6.28915246193587","-4.80409105683566","0.173188917364692","0.944786362668136","-4.28946352641113","6.86220083876667","-2.16426272731642","0.138870188601822","2.47653358097978","1.12529614250026","0.475329357473968","-3.8765981030476","-0.443889279112543","-1.07428341871827","-4.01808808854092","-3.18212359427733","-4.06196493689231","-2.92842216047477","2.98701857306437","1.70385218746767","-4.21451126613581","-3.23736992358289","7.00351672147766","-0.10941547163052","3.4076360834145","1.31229377857748","-1.31152442712083","-3.73984505392954","0.243710442670051","0.921174889607582","5.08899541270087","3.33342058527892","-2.11720754528093","-0.539349610192141","3.60893121459207","-1.53366536980244","-0.80150560226576","-4.68111470919947","-3.57554284055214","-7.10534124909833","-2.0614883359252","1.01747902071032","5.16277582109749","1.19836518557987","-3.34448621990069","5.98206844041482","-2.93697041839725","3.82564337303802","0.880431838300578","3.25030188199697","1.53516176530353","-5.91284189410379","-1.19713158384073","4.59998023451367","-0.160550113922391","6.58205966848839","3.33375600676389","-1.51562749217901","-6.89707073720309","-4.65259192924717","-9.02839925881132","-4.31439757693291","-0.421668565810979","-5.19808875598602","2.44279544685587","0.203103125295386","-3.13918737175586","0.87009378536953","3.75481586368138","-6.86388772351446","-9.18034234056439","-0.882161091532955","3.57168347290755","-5.61935598951847","-1.06993353592166","5.44562455119948","-4.95734625235984","-2.07169805478635","1.55127689301688","-8.52890997869393","1.70286676986102","-0.559374653234976","-2.29266588089862","3.38573517993796","-5.19125928451937","2.83305267377069","2.90387267539387","0.608368564330492","-0.844953207938539","-7.64868691758994","4.71934708562662","0.231657881272187","0.91382988966211","-3.00918519501154","-1.55065174688899","6.38925911970239","-2.12534603851086","-9.9208172168107","0.787920191968041"
"Random_Index23_13_0386","-3.15401491110963","2.12846036606632","5.62247172992298","3.22949373250126","4.90226947113474","2.09376149799292","5.33665074423532","-12.9813345217229","-2.85399918777616","-0.323902544205831","-3.83596856183182","-1.21774203398947","-0.653181848711863","6.96657805313713","-1.48119941728562","3.21027968145852","6.30048748562037","-4.7203315996291","0.211619123747715","0.862459226996133","-4.41983252514623","6.86918673839853","-2.09834727759525","0.0598091967937458","2.38376279364855","1.23804373148677","0.433718988192213","-3.86604892545446","-0.517091247980362","-1.0611644073889","-4.00484008770071","-3.23941617355527","-4.0760842645439","-3.11885042596013","3.08771733641554","1.73056220914636","-4.51301289716034","-3.10445681164467","6.96484954640471","0.0786499412205694","3.36125383231854","1.24956712841413","-1.27720873582309","-3.70111528311055","0.212419507741274","0.952280148897489","5.12112739821209","3.35983683502995","-1.85909541522683","-0.620535004070421","3.53358269902852","-1.41455345875924","-0.858565154322863","-4.45646955832465","-3.62701383760759","-7.18176383041227","-2.30095334752433","1.09148842567923","5.14473926243857","1.17270210546285","-3.23446281880252","5.92812742512275","-2.88907624641639","3.71862600708932","1.11679802416036","3.37767306880893","1.64582205992377","-5.84329303365955","-1.05861365359899","4.36760065344847","-0.115192735605883","6.62781952234262","3.20399765437293","-0.930467251821514","-6.87414996016321","-4.58408674688757","-8.93685020420429","-4.15060522438267","-0.492098810581806","-5.15156173302183","2.40994322421137","0.146916756877527","-3.10223364997127","0.962027731024954","3.80521884138592","-6.74146151894552","-9.3072657836867","-0.823658370965358","3.43175140625366","-5.59345660396879","-1.05948260699485","5.36054325747657","-5.04753784829045","-2.15111365712796","1.44845487302029","-8.3913466815309","1.68522938123781","-0.468182712171723","-2.2327322488404","3.47151530787699","-5.11278348549353","2.95833870956279","2.83156347221359","0.836345438082416","-0.66333318180076","-7.68135998955382","4.80029261441914","0.256203421136711","0.801797417371471","-2.66401907509799","-1.75323408094236","6.38048425815801","-2.02532270144511","-9.60676722724945","0.870816408133651"
"Random_Index23_13_0387","-3.19623911922199","2.13550311790658","5.56414822487764","3.16361645908732","4.86103090236668","2.08808758920164","5.21216778421295","-12.9104032811621","-2.71546491765387","-0.234848235951712","-3.81471336390497","-1.16440105908322","-0.669907999049614","6.93359348447664","-1.46518800664963","3.02851237553965","6.36627007179958","-4.47141037621686","0.197888313152977","0.88415787272629","-4.2719958430669","6.89187600888644","-2.08529710196854","0.120827579732833","2.32285052096439","1.14016166252495","0.430451743047229","-3.84540155515419","-0.57036826674242","-0.981619486424781","-3.78026414633495","-3.18174980610255","-3.98606156497121","-2.84524321873292","3.12734693379947","1.70967923998397","-4.16087466769468","-3.1705102987556","6.99924408789014","0.0690255408894262","3.27178294480521","1.32875187524126","-1.13789037290649","-3.57221902267076","0.0142923377136375","1.01662562250674","5.17964932058828","3.33933833029712","-1.8852445144894","-0.53037311042539","3.5180425757945","-1.31039080266678","-0.753326798891068","-4.49058005509637","-3.53876760062781","-7.14595663185991","-2.02764068394238","1.10887682554864","5.18055428514335","1.27933835317644","-3.06121677927961","5.82940093310476","-2.88361675805486","3.6445754375532","1.01598286091301","3.34407799689053","1.66075977074403","-5.81205873882052","-1.08550014964261","4.38122384739536","-0.162723500304767","6.70518521612637","3.19689668596518","-1.09061618222383","-6.76729730724825","-4.52630341132623","-9.05988652732571","-3.93047659311004","-0.354209080910048","-5.16424709328895","2.42988622396017","0.0974041033952561","-3.08963330266538","0.808589137077432","3.69161803851581","-6.71250741392083","-9.2174441593051","-0.73292843465489","3.55390843453853","-5.58235895357803","-1.20601677399711","5.37043359008978","-4.96249733178361","-2.35131252824256","1.31756867787559","-8.31808883770157","1.67201043268893","-0.368998387774847","-2.21488465272455","3.44368269374133","-5.05594167333072","2.8885695609876","2.88623962018401","0.74305514431088","-0.574302017570838","-7.46948736821331","4.79220101404315","0.20655225907598","0.921606681214964","-2.70189981674823","-1.60837336078659","6.32221250885344","-1.8888593318248","-9.66549520198653","0.738585937046547"
"Random_Index23_13_0388","-3.09049526308563","2.1211386699913","5.56827459968495","3.10010000045683","4.85864450324336","2.05271771049567","5.10267257955751","-13.1171133484931","-2.82532094991686","-0.344016859972472","-3.72886290475409","-1.16833172602939","-0.602015426977757","6.91623661515325","-1.436958931901","2.97016315980882","6.48074711813897","-4.7149674156974","0.183068417439939","0.855004510947445","-4.41939104461078","6.85394833317916","-2.07614814751466","0.0303650407920135","2.28258561571801","1.05371688605678","0.302318764546296","-3.82065913194764","-0.589173862947206","-0.975034564791797","-3.8311139768363","-3.15069758041708","-3.97819165634091","-3.14829294649003","3.2120259325248","1.53581442438503","-4.28702145942238","-3.21085950775312","7.00522779950077","-0.0279708883921033","3.31996072879042","1.34199333719733","-1.29848791609113","-3.62799247945073","0.0585385981548054","1.11055787997348","5.16409035891686","3.26769953152986","-2.11655926485524","-0.587742927717548","3.49914053970401","-1.36875601969669","-0.684235554343688","-4.71399756484983","-3.615599443406","-7.30242768143184","-2.14348058292826","1.25213582542769","5.08531299935989","1.1570813418502","-3.27752960051402","5.78354139215061","-2.83903548644144","3.76921704821757","1.11646061341958","3.53074458154778","1.54163347632375","-5.6474253021033","-1.03527662805904","4.43779042112322","-0.158053365755883","6.74363840565865","3.26242756224838","-1.09515701413382","-6.8746480278539","-4.8084168253469","-8.8847210331601","-4.01031201730324","-0.537707970419745","-5.32873625133421","2.42819077571558","0.14108791776245","-3.09188256755507","0.772971559386182","3.6830333644431","-6.82795911513924","-9.22275283540247","-0.813565121803992","3.48719291903474","-5.72230440362233","-1.16774421761168","5.35973260815394","-4.92840696369124","-2.26395936978268","1.34970492997685","-8.44362416777622","1.70514975572915","-0.377875089067668","-2.22261313787659","3.5422468004725","-4.99289889058916","2.99511888584679","2.816408372741","0.731823156366228","-0.76385230188434","-7.53139708543138","4.76049837451483","0.19558987931933","0.648308897992194","-2.79625328784647","-1.69255791561429","6.32812855885066","-2.0677806154469","-9.60598652726646","0.799590801960314"
"Random_Index23_13_0389","-3.0416057348081","2.19442153096552","5.52979534068435","3.2324693867129","4.80928845164148","2.01104807549138","5.02099229170161","-12.8492808321702","-2.99335929318766","-0.28195676931479","-3.7142612470574","-1.1762456337248","-0.726205909399996","6.99260352793254","-1.42388630352396","3.11916974975921","6.32505044026934","-4.62883849231374","0.300690715878101","0.894117815833231","-4.4279339212534","6.94309764694365","-2.04643945029152","0.122844664271164","2.33068441112409","1.08467955751313","0.393736084295521","-3.75271826713056","-0.549581441227649","-0.998983320198964","-3.9508340443517","-3.10267230852009","-4.131026698319","-2.98058253523402","3.09032708465117","1.67821705684071","-4.35051195062466","-3.13585280983471","7.07754271568743","0.111898373517784","3.38129885657271","1.385676543431","-1.2361615467499","-3.58410845329039","0.165749018058546","0.947191111945927","5.03735408705992","3.31804607561822","-1.90676865349289","-0.542268560761826","3.57882680087661","-1.34532578202629","-0.777466362075992","-4.47699699194709","-3.61096283207087","-7.29323995914765","-2.0964417165764","1.10622473944378","5.11743658412247","1.03891413857447","-3.16244707873828","5.86697923527796","-2.86639884644536","3.68893454766309","1.14301186380109","3.38030868249251","1.57437204185691","-5.9485416020025","-1.04810427845142","4.41444141439093","-0.241091042915238","6.69549763911429","3.17762202089518","-1.06899060110034","-6.8815253770917","-4.52794456518582","-8.85454456191952","-4.02365213351731","-0.528081753073645","-5.17308902220376","2.54437711461504","0.116984389737471","-3.10182929415529","0.911713073454366","3.88345307060561","-6.69435213337634","-9.25123476660324","-0.790009341238415","3.52915407706593","-5.60759083347523","-1.06269131575687","5.36290710466496","-5.05055363407316","-2.27857973995081","1.4571215258715","-8.51429500324313","1.63395841796642","-0.392449821091255","-2.35885865855973","3.44818640553539","-5.08019773935621","3.02531299937323","3.01851718801981","0.760917462151464","-0.817998257960167","-7.60188217504433","4.73335794325076","0.198234294404835","0.859865747788107","-2.76657582530766","-1.62056452384879","6.32069927061307","-2.12812445217925","-9.51472087016646","0.833295479768392"
"Random_Index23_13_0390","-3.20998528118311","2.16151277177116","5.59674994508296","3.19568429356328","4.88257263568518","2.05636832130566","5.18608242334352","-12.9155953778496","-2.85358347184663","-0.298004781473231","-3.85037307124742","-1.21331391505214","-0.668445225605355","6.94908763344778","-1.47479060996995","3.07822088421474","6.38528697650939","-4.70185394123246","0.202224846873","0.929743966873663","-4.33410366790618","6.88911531304689","-2.10400773623403","0.0732813834132348","2.34535365286202","1.1527266497854","0.41989337571334","-3.84608603959229","-0.534235779249924","-1.01601908250718","-3.96997422866161","-3.11351090600824","-4.00835179784534","-3.06683429785762","3.13416980595909","1.73472370296572","-4.2951572356868","-3.08424792510446","6.98069346968943","0.0290801813339404","3.31005072370361","1.36469062206471","-1.25307991239394","-3.584028512544","0.108322164570785","1.01401088751285","5.09163102084442","3.27830542338368","-1.81786103806284","-0.581981328548297","3.57700004520806","-1.33617402975587","-0.759406701194261","-4.37583609242294","-3.5144035239306","-7.19238841691707","-2.04542689334948","1.18373935384566","5.10119455500196","1.10111264294248","-3.17603994068914","5.9121367163067","-2.82265531266515","3.68301949895577","1.10406073676546","3.41638569116395","1.67852120977902","-5.81121972786937","-1.12742186825163","4.43296487670608","-0.103104497103929","6.60946431007157","3.22806838281866","-1.12413352349968","-6.93256233047783","-4.58444466342981","-9.07023169319906","-3.96567550561195","-0.391595133510417","-5.20901122577584","2.43398648087408","0.144857993764802","-3.04635242115481","0.864265938281578","3.71401051351905","-6.74135840953771","-9.23118452188952","-0.771149344183062","3.50338065463943","-5.66892493317687","-1.14414947023495","5.4086960801986","-4.99980642308669","-2.33617845944638","1.38318638533359","-8.55737118299238","1.65641926756921","-0.390911733851475","-2.25011476271182","3.48163531184029","-5.17250636090831","2.9521645473179","2.86883714805154","0.730846143452548","-0.737085123752281","-7.55387930289169","4.70883325959492","0.204349419407325","0.841012775350861","-2.65890963525902","-1.64918742859689","6.27651515728148","-2.01229019113477","-9.60635346042227","0.872663503358385"
"Random_Index23_13_0391","-2.98111730433101","2.13059230640982","5.56967624430039","3.06494529818057","4.92987171308331","2.00140583385365","5.1208685893113","-12.8340323159506","-2.91093251577323","-0.269629461856944","-3.72406259935872","-1.07246861792223","-0.587867534011235","6.90674407246961","-1.4006243015631","3.20172158054585","6.27762069274067","-4.75839067643227","0.30176449775546","1.06438402451947","-4.25073257261323","6.84498339643389","-2.0147261948139","0.139839288484376","2.23413742794093","1.18031165630394","0.57450839844551","-3.76391997438031","-0.431804545432156","-0.932616458237568","-4.00965399938402","-3.04094974707609","-3.94442183722867","-2.96983023020055","3.03279249968933","1.72725463981112","-4.38166474440092","-3.24164945907789","6.97108452307933","0.0633093984749245","3.24699180118109","1.46460694401964","-1.19393560901441","-3.60718576904386","0.0883995951550796","0.93797679410791","5.10148198818473","3.18466277159095","-1.87647249379739","-0.671730157018194","3.55019406244805","-1.2031980184316","-0.608182047928253","-4.44057034219206","-3.35474393858939","-7.21450736532861","-2.04241515741321","1.04780122236855","4.99920806218046","1.20999740959425","-3.31379095731962","5.83256756868478","-3.08670439763612","3.67903882331598","1.23585134631607","3.33464018023472","1.67687490083812","-5.66536537517694","-1.0851217929373","4.40914786608106","-0.0229230971619715","6.54920639625007","3.0924854857515","-1.16212231126044","-6.92364636485582","-4.34527355270237","-9.03370187330256","-4.06792579832695","-0.480754776223292","-5.21145106955712","2.28706203073496","0.238544906905734","-3.2414205353449","0.803592724112819","3.68018333268106","-6.87374595304475","-9.07822489584978","-0.683542566139509","3.49069373483193","-5.6571298259668","-1.29226657480486","5.44109525655713","-4.94325232961772","-2.2568078488591","1.55647508107493","-8.50017794697941","1.81343762429148","-0.354230800281882","-2.13906682826518","3.45045601360261","-5.1278142676466","2.94314692335131","2.75458683553508","0.739009643902893","-0.662064116092741","-7.53037162453778","4.59225736976375","0.24015780428514","0.843084337558261","-2.60540986189844","-1.66777533855695","6.16316269672127","-2.02088087626288","-9.75822415382569","0.810997456320339"
"Random_Index23_13_0392","-3.19833414603881","2.11992933078714","5.50757240095277","3.22378251519804","4.73421692548614","2.23765255600442","5.40357568117097","-13.1970557377831","-2.62828895324347","-0.270552310806073","-3.7398638389482","-1.22544416722375","-0.488718018162527","6.79702682352223","-1.45085105285729","2.97346884408721","6.28263021678258","-4.61181082266862","0.316878599825672","0.702598118173398","-4.39764092750504","6.80883211588056","-2.06503192101287","-0.0420956069243102","2.39132219111224","1.11496446213478","0.285422755003048","-3.79477414718017","-0.648142153827881","-0.97391437899031","-3.7850583958954","-3.15242989920101","-4.21228691266239","-3.02156013407678","3.06372696316507","1.68827412732377","-4.12954632853083","-2.9644861738983","6.9265336336838","0.202157699535569","3.28499134485811","1.36025772658606","-1.26354489058119","-3.47521709498316","0.140203036792604","1.03794736853162","5.0246922760099","3.31903192005903","-1.78476903981328","-0.573724643027067","3.44106204845629","-1.38667489941083","-0.728413073422749","-4.46618980708563","-3.63689140134192","-7.1750395284854","-2.16718028373309","1.05921982758316","5.08944166655372","1.18878701395575","-3.02680051620691","5.85813362581248","-2.76538808480126","3.65986632147007","1.03178483746397","3.33756879153541","1.61529451125125","-5.81829772342574","-1.07494407309916","4.32596243510743","-0.214808473195368","6.54109846576705","3.18694015134458","-0.933543420826577","-6.78383204542332","-4.45044420844584","-8.99361567681025","-4.00946960130411","-0.263200862866263","-5.15970793532138","2.46078863156224","0.19702682714692","-2.95166125939723","0.866458810598925","3.57028256929948","-6.62045636724866","-9.44090989703129","-0.656531157197374","3.45999561895062","-5.72457208031108","-1.17984181280929","5.3199272798671","-4.88469494778745","-2.29291576911387","1.29021029528857","-8.37918552753822","1.56428073706365","-0.278353812873018","-2.35525321735257","3.36240407146593","-4.97991483445615","2.91223988480413","2.84622367385165","0.857716939995468","-0.599569654739383","-7.59566577733888","4.74019732331629","0.354406022550688","0.823574156674512","-2.7504752403786","-1.62430037384086","6.26751828119052","-1.95986746961026","-9.57835049355965","0.858196221832414"
"Random_Index23_13_0393","-3.12317389060443","2.19704150629742","5.685060921029","3.20206582817052","4.84238199273039","2.24745196420432","5.39032986458289","-13.3305365288692","-2.71007287098208","-0.24257629637677","-3.81402893461112","-1.2678380472927","-0.655999423321184","6.8773199023528","-1.40434728313","3.07367372058249","6.35615054960279","-4.71639600551465","0.294053019167041","0.81904779800097","-4.3307900440407","6.83867486056471","-2.07382409817682","-0.0705522119526646","2.38971950093472","1.14279297698398","0.26044477475823","-3.91441509524665","-0.572888455992199","-1.11491030110392","-3.84342084340355","-3.18801675444913","-4.24863102436232","-2.96788064938768","3.18865135413749","1.66867529255639","-4.18690228832847","-3.08074301965138","7.04330567074753","0.162065917677444","3.35419596703393","1.41700407529738","-1.36865714088113","-3.55671328091125","0.0883027132554075","1.10226604437266","5.37971132952879","3.37121933759494","-1.71672718292609","-0.578192325063842","3.48044576169586","-1.41429436441725","-0.752479861375856","-4.60090157658336","-3.67513033077446","-7.21427570887734","-2.4024137603587","1.13939321348454","5.22416348825747","1.34363785313252","-3.21198941628971","5.9663495016402","-2.88457426351918","3.68982398607828","1.05804010373427","3.38385456728196","1.52912299075426","-5.79110483841261","-1.18131819341977","4.37984485255829","-0.249726739531227","6.65447007540094","3.23513697284066","-1.10382029003306","-6.71999819908552","-4.44501300615442","-9.02862574510504","-4.08088127245988","-0.339600868497067","-5.15878372949468","2.46294769951486","0.282754929771824","-3.10258123196885","0.769206824253219","3.71185768911949","-6.78076475405752","-9.42468806822292","-0.816430259979385","3.60594315386156","-5.50894697280755","-1.11654668860362","5.30126979368131","-4.90290722693228","-2.27697760307748","1.27952091192592","-8.41956294498234","1.6271119919849","-0.295095699433301","-2.47185719284705","3.4684435315537","-5.07033182364171","2.99200626603181","2.8863854666165","0.833551969217227","-0.543424746812431","-7.62630467472392","4.79184724096151","0.340674680798334","0.87094932197011","-2.92668743262318","-1.61115048392947","6.40496846724946","-1.98302615636249","-9.90559283109955","1.01108697693639"
"Random_Index23_13_0394","-3.15198364055364","2.24232944950615","5.60823273667883","3.17719477634717","4.90976321619783","1.97744449726096","5.07226195983563","-12.8132050485523","-2.77191917259222","-0.323456591926473","-3.72169994312155","-1.11495213825933","-0.583229217843773","6.92823342609021","-1.43865790659184","3.08877570184795","6.28549915350019","-4.72877998168647","0.268549596372574","0.937894692432314","-4.16226524887818","6.861427383821","-2.07643187251965","0.239849571247703","2.2780131507719","1.17962465504573","0.485766414420181","-3.77468894825828","-0.48732443227805","-1.02884200285288","-3.92715229635895","-3.09415826762375","-3.94735927228164","-2.96173796688581","3.05634898805631","1.70470523981438","-4.25323019156561","-3.18026630146743","6.97173993901947","-0.0336870105521364","3.37972739682938","1.35681000202818","-1.24373177854093","-3.67100206637407","0.0872520190097973","1.00516697971577","5.14403707411681","3.39979447595782","-1.90821213296567","-0.584865182988849","3.55440996454009","-1.28487226691889","-0.661933928323815","-4.41063148308628","-3.4908860409021","-7.07983958840839","-2.02228936183364","1.06581468800437","5.15828065568304","1.19214357232376","-3.22364342666076","5.88479391403268","-2.95106300104012","3.71063091182764","1.05806752632156","3.3364310380973","1.65406332198833","-5.77946799249357","-1.15870300616148","4.44973636842513","-0.0576226381493698","6.58687976631094","3.2993509098549","-1.12363343862653","-6.87783473373833","-4.57025453192001","-9.00692277547576","-3.92794320259201","-0.417740770223125","-5.27345071267211","2.41066728626678","0.123415408471425","-3.17019928729506","0.882807475043921","3.76388351783021","-6.7520227709614","-8.99916369811326","-0.7880307197157","3.58547912421544","-5.53718116509454","-1.13490051639233","5.4106829022561","-4.90567310011999","-2.2362621223704","1.56210365807701","-8.34523291720049","1.79380991201984","-0.450920289639734","-2.10228615353672","3.44452586428806","-5.12723424295772","2.84070828385054","2.91342236209768","0.681749364882134","-0.702840029608677","-7.48389285918231","4.7118374753351","0.171118064623645","0.838703360146679","-2.72361251953749","-1.56100325140228","6.28923373031222","-1.9829832496591","-9.67970410649291","0.682563678956113"
"Random_Index23_13_0395","-3.25129590548754","2.13105896973139","5.5099191514076","3.11685915708705","4.81252384120575","2.12281759055597","5.21589863846659","-13.06620216584","-2.87005732499984","-0.321808629316362","-3.76425846837354","-1.27797024893636","-0.634409783242672","6.88838418109802","-1.44130832362972","3.04887928893766","6.38704630883511","-4.66179222469331","0.126860948669532","0.881268467926909","-4.52645498578871","6.90186821277733","-2.06796176337978","-0.0384232912261337","2.24266021599605","1.13029365171888","0.388131187581057","-3.82673401260899","-0.690794092406031","-0.953723146654214","-3.87703822108179","-3.11877054484792","-4.16470660875172","-3.26165345663647","3.11705432239776","1.62935701574271","-4.29430325478282","-3.1604744190959","6.99389756602876","0.0866742254468054","3.34305664449429","1.31616478275523","-1.37118364102176","-3.63484521945036","0.195355268394539","1.15891906698638","4.98352527290635","3.28772590702644","-1.94040453988837","-0.600862084128755","3.42147197390518","-1.41184616588074","-0.799996554406562","-4.59225312144265","-3.68177340368033","-7.23774241986296","-2.1869204186825","1.1089553302746","5.0766466835403","1.11689648455935","-3.14603989781996","5.79162844351434","-2.76249622683148","3.70577748030087","1.06316129054764","3.49179493800461","1.65516767397178","-5.85757949121671","-1.16462601093246","4.38514907595507","-0.165696601198362","6.63798247458822","3.22608546963611","-0.883031624382242","-6.84805052748265","-4.61279504708538","-8.89943735482698","-4.01311356969618","-0.395040624269999","-5.38141159614726","2.45396073938253","0.199248876845446","-2.93460510303728","0.895257590409175","3.74530169893072","-6.74464501731445","-9.1210375343193","-0.782671239255753","3.43913354781729","-5.64348857827691","-1.11809193999622","5.31679257860743","-5.08147710618391","-2.26940919027938","1.3441651571127","-8.41443163093791","1.60563982368147","-0.430433073382329","-2.34469115473005","3.38694326370251","-5.08845868828955","2.92123375930684","2.86197920524131","0.788016581499415","-0.822468007957037","-7.68075888240703","4.77998629137337","0.284657656596354","0.726163768194045","-2.71153667876914","-1.72006945429979","6.33180205023198","-2.10412072260616","-9.6681123216302","0.900623324382911"
"Random_Index23_13_0396","-3.29961220257574","2.20427516511942","5.61311220898124","3.19747088841783","4.84031608838909","2.07659586754379","5.2218544051763","-12.9778199977851","-2.81227577045513","-0.350453473514076","-3.85070455186035","-1.31046916296889","-0.64979782304009","6.91218621188275","-1.53399745026069","2.97070562008892","6.30226094408486","-4.68156696368689","0.16569502391553","0.735747720143762","-4.3501091740424","6.92177927234077","-2.1943567908783","0.0139323427905764","2.40580060750882","1.00917878600921","0.262838464526365","-3.87559818877644","-0.68226074900732","-1.14328087960248","-3.85173169113534","-3.18993601503396","-4.14020060086974","-2.94912634172302","3.11461601132395","1.6532889845965","-4.17207139508867","-3.1017281930972","6.94701031524684","-0.00383133884364415","3.40124409802808","1.23297400441189","-1.33859495672841","-3.57353928404886","0.194027538331441","0.920343650537258","5.1384200590639","3.3681981282804","-1.84971199993191","-0.493079801436772","3.47601493679427","-1.49506574157269","-0.844855966164123","-4.49707929286535","-3.65231757954861","-7.07888886074401","-2.20495554955465","1.14874320290702","5.17541736769054","1.13767614762241","-3.09138799875489","5.93675523420725","-2.78971159907947","3.77172468264327","0.991413221990517","3.40638672856627","1.52637762319515","-5.81055988542357","-1.20586452836993","4.39079872258901","-0.183661069334754","6.62146052445899","3.27113966012974","-1.02834716532574","-6.73463861037958","-4.47395906008861","-8.93297557753332","-3.89615037805039","-0.463503370377422","-5.06677488782562","2.57075345543179","0.0742884760339799","-3.06197955082402","0.796968933644352","3.79360848551126","-6.73037480064329","-9.29152471901403","-0.870289232853198","3.58066660284065","-5.63002095673944","-1.02701641112706","5.3121165679678","-4.86641422125732","-2.21763228942234","1.31887657222343","-8.37390436569887","1.61182879825048","-0.397343819157215","-2.3170057442641","3.39818878840058","-4.96051369102578","2.92749305316083","2.99428895047247","0.704033488331827","-0.794698413931139","-7.49671067366635","4.79554037051105","0.195003573707455","0.908124060766693","-2.82947959183452","-1.51440833671442","6.36029271319106","-1.98993932134728","-9.55650721416109","0.82354968035696"
"Random_Index23_13_0397","-3.26740952458891","2.20433641442143","5.57261575790557","3.12573365243736","4.96035918651112","2.05117974812085","5.15560786134391","-12.8766194420799","-2.85119817317801","-0.267838566608143","-3.76209146633341","-1.08835985440285","-0.549758776998086","6.9118432240257","-1.4252668854718","3.01819244145942","6.311942489365","-4.85332255532599","0.325072255049155","0.869661469275841","-4.32882525085486","6.8815801403251","-2.0377714447559","0.130232507584887","2.30486297485168","1.14418491232975","0.351671974299432","-3.77299658707811","-0.527476871064268","-0.953227470712883","-3.95053182586485","-3.11422071442659","-4.02581919979783","-3.0744811395757","3.22923389331229","1.71053483918594","-4.22805471276642","-3.22758330772088","6.97986384969583","0.015535212423657","3.37311729224277","1.4454865494319","-1.24793863450928","-3.683045259591","0.113630892602834","0.798876072692332","5.1188160117411","3.24478336199096","-1.97929194761383","-0.551468517267022","3.62702240525911","-1.30510244812535","-0.656465970121802","-4.59798356202149","-3.69064461433682","-7.26361830071915","-2.20183149037888","1.1593960778178","5.07130882336747","1.29264373501869","-3.30058678672061","5.88256179335592","-2.96520936332963","3.85487938735857","1.08716585981323","3.63357908426163","1.65119507144341","-5.76634977401633","-1.00800313950214","4.42334132856183","-0.112493778662092","6.6317607883033","3.21470532795669","-1.24968418006709","-6.97290618103992","-4.45154886322786","-9.0484672470051","-4.02056676160803","-0.481444574558961","-5.10361636261434","2.50140507629204","0.199438272879524","-3.14275557620674","0.764081751923088","3.77427788951192","-6.83215178188896","-9.27388541755451","-0.736366622287098","3.50102913003865","-5.8173974782655","-1.15423075734478","5.29929288292755","-4.82692955129776","-2.40024357563241","1.52060946399629","-8.59674663299137","1.77697410420555","-0.410150319605398","-2.30802510415525","3.60507492128218","-5.10873754730736","3.19002087662129","2.90322473431926","0.785741279389424","-0.876310125996868","-7.55568443147401","4.69198841363699","0.253552017662376","0.790101681801975","-2.73382738597047","-1.58565412686092","6.29053225928794","-2.04460407753037","-9.74436490159695","0.804039462162507"
"Random_Index23_13_0398","-3.29182707959065","2.20079920899314","5.51856700674618","3.15351367948947","4.77422628195474","2.19399937773466","5.24125082359925","-12.8879322951565","-2.72968030302087","-0.306227516153653","-3.7275186819998","-1.21303799606867","-0.60911476824042","6.88132996889685","-1.41768634876621","2.99673306067116","6.30982364674649","-4.59994693403617","0.237527651414558","0.832921720618583","-4.41523395183201","6.88749001053131","-2.03171611286773","-0.0162967182621839","2.28830439336652","1.17314541924762","0.376519340600788","-3.80967086179487","-0.601266642774556","-1.05010812370779","-3.81341930289435","-3.13962070844244","-4.04868427419794","-2.97908494293345","3.10438051405448","1.56462253818334","-4.156230706854","-3.12798083111784","6.88466972368494","0.105020894360056","3.36008079654039","1.39764008641789","-1.30950055471869","-3.61384939009952","0.0628598396811073","1.14484534680679","5.00313374038857","3.36452637157572","-1.87142071906701","-0.583472403318147","3.45775844387971","-1.36302696039912","-0.771002977957444","-4.60486291111107","-3.60147734062926","-7.16681311799153","-2.23891194740695","1.16642693241327","5.16878197935103","1.19162163762224","-3.17715200437778","5.89519595839291","-2.77567719778427","3.7071273190382","1.0851869775346","3.38025093655484","1.58666812551499","-5.79178991959262","-1.14154537328136","4.33344404734743","-0.140347679644766","6.5957282269971","3.17292832634299","-1.07565919708849","-6.86709883164568","-4.55631934980016","-9.03846862812432","-3.98800468506894","-0.352233539912944","-5.24670492345342","2.39106322934279","0.280992407204363","-2.92953546991596","0.824151096588907","3.66008915946792","-6.72906522677002","-9.1816680559525","-0.853701570653142","3.52883161026557","-5.59444800036149","-1.15632469450506","5.37124583953128","-4.93691263838928","-2.30840539283601","1.32555507944892","-8.40721072871677","1.57523889687239","-0.294384374859025","-2.27522110529157","3.43997475481688","-4.99526349995079","2.89512839654956","2.89803876625726","0.827931350969313","-0.680514369451317","-7.58453170212152","4.74633977495026","0.336007916633811","0.801924995155887","-2.81115099041403","-1.67404097642103","6.27208670869486","-2.01979813389515","-9.63769177681501","0.94723072705878"
"Random_Index23_13_0399","-3.25545607524615","2.14376007090284","5.58158748635194","3.28552350455516","4.82618026578823","2.11431746969717","5.34612579763633","-12.9849972463235","-2.72975219154093","-0.371872774075637","-3.82200939933803","-1.34325723764826","-0.663750036417018","6.76466366715102","-1.51153083730763","3.00100273318561","6.31166047812201","-4.60584342494376","0.113723551461456","0.843310037284651","-4.4578915294528","6.83944000777585","-2.16930416629625","-0.0345259816361581","2.5373525778681","1.09980548075112","0.236677063379747","-3.86841690437284","-0.643193451589452","-1.10391031863418","-3.81905613820709","-3.24320532448532","-4.30620182341849","-3.02734066840918","3.08053598026836","1.61249220310663","-4.11361801471946","-3.00497647227953","6.98476758192714","0.127394340269216","3.41697636727317","1.26204221088899","-1.29659685867991","-3.5874382008101","0.198696276584987","1.14441410973788","5.07491015246632","3.51937875901162","-1.85707448642408","-0.442062047257128","3.44431494348691","-1.44133518173814","-0.909966591487913","-4.5201923352878","-3.68794217810607","-7.10605785779761","-2.1145955183173","1.07010136401344","5.20647645269079","1.27188487194161","-3.04202540472372","5.92877502222688","-2.74120675436793","3.6422554911692","0.955465101928385","3.36903455263804","1.54819327416398","-5.82966250337066","-1.21359018114516","4.30784385900209","-0.236425433913898","6.53852279387839","3.27739820820684","-0.819672327635436","-6.72302794772286","-4.4815996781632","-8.8961672133193","-3.92485714189416","-0.251247845427366","-5.07096441254271","2.53081506071929","0.072156681014881","-2.9243131552025","0.961157781104748","3.62017327901763","-6.61913091728694","-9.26368002749556","-0.846289392901111","3.58394753964404","-5.4694961850139","-0.98776302151402","5.30075780651852","-4.97250203661761","-2.16457679646159","1.31783521260875","-8.3894984377599","1.53935437487599","-0.385490086303293","-2.44912004325508","3.35155462869417","-5.01052858935972","2.91608281173881","2.9652245398948","0.835472221956363","-0.65601012184715","-7.63528773345489","4.81569295855665","0.257010754850879","0.842820525576522","-2.83549119816661","-1.60874404276374","6.39870650417046","-1.88886166066681","-9.54867659816971","0.828380111037473"
"Random_Index23_13_0400","-3.13390340252701","2.15495415446415","5.59800342152727","3.13846048642225","4.83428175813201","2.08768824184285","5.21499744702267","-13.0279352884504","-2.80225800392317","-0.280723827395904","-3.76073400278441","-1.23000525643488","-0.647442849408243","6.95450608128186","-1.41152324473119","3.18353167688522","6.44345175032925","-4.71627816158441","0.241915783836988","0.929747268125818","-4.33513405780197","6.96011080336933","-1.96399249925152","0.0722201115809135","2.27151437547055","1.12128907206127","0.468459206349515","-3.7893038928766","-0.636125557192756","-0.99828937789794","-3.88852848902394","-3.1225716207989","-4.02852711652184","-3.02155168814475","3.14113298585824","1.67359346141955","-4.29119426754709","-3.18781699539732","7.10786175602833","0.0813897513717701","3.38886561920655","1.3743694673777","-1.22522051475694","-3.56223266244187","0.10195453063095","1.04419587068769","5.13033880622326","3.27553146649154","-1.94028256764213","-0.677137909580907","3.45499977984308","-1.35856475950445","-0.805838586116655","-4.47522680886404","-3.70631823569028","-7.1992721077116","-2.17467324194558","1.13568818256787","5.11141118596288","1.23946485925368","-3.23103221736792","5.87011856475401","-2.86789988683607","3.67854836461594","1.13685165845523","3.52996935355603","1.57605500178516","-5.85109985299653","-1.09881796012532","4.48315472333243","-0.142711606863753","6.67969870831761","3.19768860312919","-1.02786210495093","-6.89285634981308","-4.54845016258019","-9.0225060146569","-3.99978029692796","-0.384476666084057","-5.3701821051497","2.44358152158448","0.226892156271378","-3.02401481066259","0.895038866445514","3.84364483744563","-6.8308247770382","-9.25200223286284","-0.815073401986733","3.54253272183532","-5.53818996325458","-1.17997911064413","5.43281968500043","-5.02341037327655","-2.3541764802574","1.41436994937786","-8.408817842237","1.64762760632432","-0.375297992050116","-2.29002132629967","3.48003347273642","-5.10998739129462","3.00770428672519","2.92840734211993","0.796180491774646","-0.749018635885738","-7.63897696104504","4.73726651851142","0.302773058544919","0.782494643626486","-2.69399605986044","-1.66116434621806","6.30560554138329","-2.07686537850312","-9.68278775396223","0.883518864536818"
"Random_Index23_13_0401","-3.09783495765499","2.09140722653059","5.62894879212862","3.22039676543104","4.85989462627715","2.09284846491876","5.15436028013539","-12.994268935344","-2.84651983530316","-0.27425218322706","-3.82783554427469","-1.24039199590616","-0.660471770326005","6.93756559028235","-1.45270921869845","3.13660035116863","6.29370337975907","-4.76035687032793","0.31657224666606","0.956645771962186","-4.44019021035034","6.86090130636517","-2.06632144402973","0.131441805249962","2.35936752279096","1.11784324153676","0.48490719646598","-3.7544345501713","-0.530834521680359","-1.14532166151731","-3.92552354679975","-3.24599101993581","-4.07631882312315","-3.19686522192919","3.08130827785164","1.69252185046954","-4.32816479149704","-3.1736665119271","7.01701702697797","0.192937486601708","3.34390604175145","1.3767584459886","-1.33925277576598","-3.58385911555606","0.128941857326312","1.01214223804613","5.05550752513078","3.29280202732359","-1.90090155642511","-0.550426700371594","3.45336115142112","-1.47005730909496","-0.844073443733233","-4.54210054792527","-3.63802281134524","-7.26904175471179","-2.12815892670966","1.09563743681376","5.11994839298755","1.0772004283114","-3.18598659128693","5.80688390308498","-2.83992359028208","3.68361113633597","1.01652138747659","3.40099386846149","1.51471638581487","-5.88490905172734","-1.03856937233653","4.37925522499415","-0.0886915137280029","6.58868267659239","3.27617946932166","-1.00113758156178","-6.77991563184088","-4.53682359801908","-8.94679792823047","-4.07814822813807","-0.465414736793812","-5.14600382555889","2.47819627216557","0.211094112644118","-2.98839965760503","1.05138046559367","3.82023505653158","-6.77243419911364","-9.2757921889401","-0.892576271109247","3.45829207539321","-5.544537708584","-1.07502349244259","5.41603384100225","-5.04000974552002","-2.03353534850424","1.43275969881644","-8.35952913813748","1.652845202489","-0.421856986203263","-2.25099890956688","3.42155319085219","-4.94579133158075","2.99109788205742","2.87262788835144","0.852034942446978","-0.644576945832945","-7.76892955887188","4.75286438931295","0.218591314626268","0.688393412111411","-2.81007217254918","-1.64011152513368","6.31768071708347","-2.07740107094657","-9.64116534500223","0.949518055740983"
"Random_Index23_13_0402","-3.119468622712","2.16836572722497","5.58059568258305","3.17395219560364","4.81498202059397","2.09291913838323","5.13201440895803","-12.9327392712963","-2.88051511603772","-0.273003033584814","-3.7510783666706","-1.18034180535302","-0.641963014671105","6.97033863628874","-1.43522359546988","3.12476518177782","6.3331801889493","-4.75525654544261","0.287716774081531","0.955292858810054","-4.4068678480347","6.87939497987816","-2.00725267752426","0.127359148355978","2.28361347870311","1.17408673387293","0.428078916170544","-3.78041216363422","-0.562661107861952","-1.03875724350288","-3.93045597074572","-3.08426535832056","-4.05199868749789","-3.0910867120963","3.1010062780445","1.72179687274874","-4.31493063774134","-3.14359330021561","7.02648107321597","0.166808102857425","3.34247836812211","1.44625667753959","-1.25976297818591","-3.56843882767753","0.0678169996815448","1.03370056210513","5.06406200915312","3.30785355523298","-1.87894481792182","-0.645969854738507","3.48557257372286","-1.34414454539074","-0.752593016204663","-4.51504350005412","-3.59870514277924","-7.25713562871827","-2.1395472340454","1.07933695235464","5.13486074655191","1.17825800481359","-3.214554446239","5.84616023653739","-2.89109635718549","3.66095011416348","1.13119679028568","3.33004315370891","1.64763561007687","-5.83310000546502","-1.09025566469214","4.39309156747946","-0.126594631348818","6.60672166434912","3.17864506317664","-1.04730465678202","-6.82803987267212","-4.50646797757827","-8.94926843078145","-4.13326056262816","-0.461453886243013","-5.25130577019233","2.41954041938999","0.236439319622985","-3.02907293692682","0.906881019756066","3.75918140008851","-6.75684050518684","-9.17839113759093","-0.794733673583633","3.48146165477224","-5.57017995088149","-1.14594416440529","5.43448266251849","-5.01938188257603","-2.21876186026928","1.43363636794309","-8.43067688559069","1.64522100042651","-0.369005895085511","-2.31118404143274","3.46389542484942","-5.04713168696417","2.96196826266577","2.86629383512725","0.837836271726108","-0.627495809597933","-7.68434940464721","4.64745792307568","0.298416169015936","0.723840488784755","-2.75718699562124","-1.68194464197282","6.24993426718651","-2.123924832124","-9.63799676455156","0.900024196574542"
"Random_Index23_13_0403","-3.02889134812789","1.93608653801686","5.36904000640126","2.86179284647061","4.66510431395387","2.23666480871572","5.1118248659409","-12.9279559081478","-2.78463647337018","-0.147941111645119","-3.5545022686645","-0.90310606309371","-0.431410507148866","6.87597203976253","-1.23699734299785","3.12308739491648","6.43776448512221","-4.55321033278971","0.556592915513249","0.786730301258058","-4.4047229655593","6.72634842412785","-1.78285378662181","-0.0303687848345367","2.07580156163898","1.36115645623065","0.345290840809437","-3.58871609910682","-0.566100034118558","-0.708328907488671","-3.73981148231499","-2.82656722706904","-3.82613764317236","-3.17240129474408","3.28145836260834","1.81789043631511","-4.42390717887516","-3.29121808935096","6.90109707079106","0.313933634125798","3.08137172413156","1.66058840236419","-0.900651558362409","-3.4431868121217","-0.130702459110544","0.919490068031215","4.93957865554558","3.04763636647756","-1.67963734459788","-0.877525052464126","3.35441012342472","-1.08041758814878","-0.435409840019004","-4.42902901918159","-3.37008184378258","-7.16075922039699","-2.16836009153975","1.25346646386441","4.88851052370531","1.11697636144887","-3.12763236354402","5.61137108951118","-2.9195420467343","3.44441912650637","1.35695620086192","3.55669965371783","1.75413991076208","-5.58712701845351","-0.900391505460362","4.2194772523007","-0.0878764156003025","6.50779240466624","3.00928006659568","-0.963626806928349","-6.85576969623499","-4.33148434760576","-9.11338610874841","-4.23125806006477","-0.19883501699723","-5.38967671033313","2.20919195230613","0.436338862334527","-3.09437313880565","0.623638059504564","3.5383613853736","-6.71967063397512","-8.98190607284106","-0.464565183471922","3.31203217656042","-5.62839814326218","-1.5154600006546","5.30925196292756","-5.19118757026322","-2.34354281627322","1.24906032565753","-8.53805971232143","1.60331589588185","-0.129638724236442","-2.13745562712854","3.70258193906397","-5.01440934636073","3.05323783058679","2.58822875493907","1.03332250094359","-0.488007599680071","-7.6654327713258","4.44627510439184","0.494885809459577","0.666929654143527","-2.41633243578558","-1.94547990854043","6.01198464225475","-1.96118988485714","-9.67225455181535","1.00473226108392"
"Random_Index23_13_0404","-3.2272774488679","2.19376569138427","5.61258106837167","3.22228600345893","4.85133156475406","2.23196607040064","5.22924750439835","-12.9822352122893","-2.63914944911081","-0.279027298452981","-3.71101018446565","-1.19760029713492","-0.531289728073326","6.8757066224398","-1.39375104313015","2.96872212509162","6.3468201582371","-4.65370818830083","0.231574367991583","0.810902180606571","-4.3629241319274","6.85001405454282","-1.99285861968182","0.0219568068679585","2.42107237227251","1.07262802232878","0.318252114945341","-3.82763910174757","-0.637372352539942","-1.00719831402538","-3.8075571401694","-3.16797422287709","-4.06196117235958","-2.9960365003507","3.17758025552788","1.67924156679302","-4.11593632581882","-3.05640383023399","6.92932426872504","0.0913023457011955","3.25155437450333","1.34305682987362","-1.26169186920118","-3.50908496071758","0.131353642143877","1.00251578520471","5.05070144272125","3.42937382651898","-1.83344401075983","-0.527224515606993","3.48182442443401","-1.34710228905469","-0.780818404865391","-4.60735689678348","-3.58946671460564","-7.07502747006755","-2.25954879197185","1.16009557861049","5.11780373088752","1.13108021873865","-3.17346633640419","5.94001854081491","-2.81052312541272","3.69093131894033","1.05008836196269","3.45847205468397","1.60430207337454","-5.713079462118","-1.12093889732801","4.32619904628121","-0.12891520027798","6.65899806277625","3.28343828358903","-1.08075370121446","-6.85143369270611","-4.45316638999469","-9.03902687372652","-3.88527003198733","-0.306623431571981","-5.22366845746742","2.45081360832893","0.22442779849741","-2.99173857986391","0.791584219670118","3.61086838069614","-6.60564522699417","-9.27088811459711","-0.89963623677892","3.58659406506939","-5.5851094831397","-1.12062466974222","5.38869021502331","-4.95299075460618","-2.38289894757574","1.44119038720503","-8.42231549110304","1.75598728968625","-0.324732885600756","-2.31292380270207","3.44314046922662","-5.03946186882994","2.90905116572554","2.87509562581981","0.819657134046727","-0.668171244833331","-7.57604354577223","4.82428624206938","0.349337650979939","0.863184947315067","-2.65930958413042","-1.62415496239857","6.40262011350258","-1.93803714947597","-9.6356131699469","0.844691132266429"
"Random_Index23_13_0405","-3.20658562148165","2.36193380092826","5.93454442833148","3.44171747675683","5.06084037117562","1.95387418264919","5.16648581534594","-13.0158939295024","-3.02307551419452","-0.50023167941795","-4.04646490435982","-1.44109691864137","-0.840217644463615","7.06535283413598","-1.71810676426603","3.14234516894014","6.53941746320127","-4.83919206624504","0.0324186452414364","1.07111974528129","-4.30974038506012","7.17590245265385","-2.18637601325182","0.206698157173687","2.58847731188397","0.837977212255868","0.503991448999613","-3.93182750345073","-0.587056812607236","-1.16157846254658","-4.05007796812856","-3.37768519465739","-4.36450153912307","-3.08053877182855","3.08388570821968","1.50988371690286","-4.30529873277485","-3.03622821014127","7.31011612112825","-0.0777060258455909","3.4695547020434","1.31393094552095","-1.51611448969318","-3.74929973068239","0.352178064150888","1.19954849189371","5.31977538607702","3.58810909085156","-1.96195028921237","-0.38399954638131","3.62392031404457","-1.54915259941034","-1.07545758574655","-4.70818728521767","-3.85080054551562","-7.40853234198821","-2.1010626022976","1.06186951169991","5.42364464493922","1.23192405404044","-3.31102466940704","6.16175134867316","-2.96279058364258","3.94520126369237","0.938808831383627","3.50028480218764","1.51082591323827","-6.03791574167574","-1.18283059998552","4.74344063660529","-0.177641015090033","6.87932949336091","3.38008410076509","-1.04926439723843","-6.79038539734375","-4.72903583920106","-8.82221838698691","-4.00959731824171","-0.766476712692618","-5.24821272398134","2.70633705165325","0.0914657567825369","-3.10220391576215","1.06944285416738","3.95744864845841","-6.97090834286164","-9.40106141936634","-1.01716487699032","3.80035782905963","-5.45779618924097","-1.01604074064643","5.61452775309395","-4.83756584361362","-2.09327857333933","1.50940912226083","-8.46847850850779","1.73721008142879","-0.512347852995977","-2.33999690131968","3.43187328415102","-5.30085226061855","2.95571997208179","3.16075140249944","0.665487131005857","-0.906448664500353","-7.65191100845044","4.92754923460952","0.256179820103338","0.859868364771204","-3.08362802344109","-1.39663780460442","6.45044992181514","-2.13676112676926","-9.80005681609905","0.882471535765484"
"Random_Index23_13_0406","-3.11225713338455","2.16810194550789","5.51740468935465","3.10733414304677","4.82187043218504","2.14228531421321","5.16016326995345","-12.9447893592503","-2.88422391303736","-0.229792412330678","-3.74578567697748","-1.16704083246366","-0.539023790219271","6.89289327186731","-1.42052170873549","3.0869139556229","6.25800764967967","-4.67594560282299","0.321423005142197","0.908987600392275","-4.40002420028505","6.91312329840078","-2.00571089963079","0.0884413849728273","2.26499556356639","1.15219698292582","0.254591886482189","-3.78565726870564","-0.536123201567092","-1.00202210417623","-3.9672345081603","-3.14754450540394","-4.13588662467853","-2.95284435624865","3.0674353942468","1.76724133637977","-4.2473034754087","-3.19535135877687","6.96466236928444","0.094031199090123","3.37474229327873","1.39623121991761","-1.25742167622992","-3.56545149004529","0.0575887700573442","0.924775683942108","5.26291330802338","3.26183046601212","-1.9187624268179","-0.593130946795053","3.47554822208806","-1.32912288373104","-0.731235964748739","-4.50638389544657","-3.64250953215835","-7.23209526281781","-2.18723946904679","1.10553462093567","5.13409862128991","1.17613347993065","-3.18298016472092","5.80513550987986","-2.88995645806897","3.73830141367029","1.02042053398194","3.28438755003889","1.61472625991599","-6.11499978051501","-1.00401137533304","4.43443765821388","-0.0773777252817128","6.60640311148819","3.22159808231079","-1.17273417542635","-6.98100251117765","-4.43471824536384","-9.05322866046414","-4.03673231046853","-0.37927848320679","-5.28578497661515","2.41643041656687","0.223232559430639","-2.98924836329444","0.794545836318345","3.70975975217633","-6.68352403697693","-9.24899763763742","-0.73875169772397","3.48278715985984","-5.68348650571348","-1.20369482676884","5.42999398411511","-5.01459414798786","-2.36291142196414","1.41670077295414","-8.49844180086137","1.73109239228461","-0.451264799599467","-2.31915590005432","3.44260847615313","-5.04462473905593","2.86234036627697","2.89642871118588","0.770630590950153","-0.700410328736332","-7.61447616969662","4.70463161890376","0.344230880921793","0.874980823943036","-2.82097003819482","-1.6131874412032","6.19928546673923","-1.94137070211172","-9.59112154597077","0.868796904316588"
"Random_Index23_13_0407","-3.05915513554797","2.11812003067152","5.62342776489729","3.19179834707465","4.82051049875681","2.05824034404492","5.27362745207363","-13.1386329619673","-2.84097486102047","-0.338744285395991","-3.73098573474858","-1.19283304381482","-0.612118683551399","6.91791674240886","-1.41707124894331","3.16772747069064","6.34100973880907","-4.81005502151261","0.305624708329525","0.988761848957789","-4.33940449960652","6.90767499821936","-2.04046159241087","0.0500991027958385","2.27981275085758","1.26399482231494","0.460452750929385","-3.8116499909876","-0.584476732701609","-1.05244391344769","-3.94481032242099","-3.04700488882513","-4.10278099502675","-3.06417009801995","3.07897209418873","1.75816524166547","-4.28595510912201","-3.14710434109445","7.08570973060045","0.169144999847285","3.33581541098516","1.46898017778586","-1.25990998947184","-3.59558350291267","0.146163588307829","0.970790357434585","5.10789468022324","3.30738857005296","-1.95299997176129","-0.730161822292917","3.50272103595409","-1.41488645388519","-0.759877678472191","-4.46966976471948","-3.59978386872495","-7.22028922491482","-2.16995314400487","1.03066906747895","5.13717941767119","1.23351103463265","-3.25821867789411","5.84055103237897","-2.9730490763933","3.69925231179944","1.14853069850895","3.36773345633579","1.63600234302304","-5.83661635326487","-1.1176287890457","4.46602905992345","-0.0376406333782594","6.61466057754358","3.1907807349216","-1.06543474917739","-6.94145921831078","-4.46752415918744","-8.98900037909977","-4.2416464965962","-0.437764854681833","-5.23485891857119","2.43772393372047","0.277199041440389","-3.12401174850006","0.843882046831584","3.73411257511004","-6.85960341469529","-9.26176717796932","-0.748600376612887","3.48955360379453","-5.53500551761501","-1.17828065317614","5.4382464825848","-5.04292418498157","-2.23488278914485","1.4013151283832","-8.40642283816899","1.69559273002897","-0.356518556106732","-2.3278631870776","3.44783592267295","-5.10793766578051","2.97021589450668","2.87376179543277","0.835175370922125","-0.63509812503081","-7.69166282409867","4.69422469980047","0.244566999329085","0.720753456210155","-2.76000922429241","-1.69900296855353","6.27250607866869","-2.06703448795092","-9.7404636790999","0.870796328046161"
"Random_Index23_13_0408","-3.12248697999084","2.17285081901857","5.74517270101577","3.13691804633872","4.96665265085558","1.97482331548593","5.01393727979153","-12.856745730075","-2.85391075457359","-0.321618364233589","-3.6665312799363","-1.17005906075875","-0.59136453402361","6.88755187378012","-1.30964538433555","3.05508004116554","6.26722157883214","-4.92249464495987","0.2696888472033","0.956156586940874","-4.1658912925883","6.80944497733302","-2.02788689575252","0.108012864582233","2.35556122512323","0.999709462727156","0.409304720558604","-3.78116828889639","-0.480504623948235","-1.0442101657676","-3.95843498056781","-3.12410502118673","-4.00304781560127","-3.20484533713769","3.09485975503485","1.64450392161341","-4.23926961626417","-3.17243734149382","6.89517116547172","-0.00776009821342491","3.29406266930788","1.38506202568646","-1.31231193807201","-3.61396032279465","0.0882517694860751","1.02897116049054","5.20160561533781","3.22839646129585","-1.87076405943357","-0.61049877997626","3.5742086803404","-1.32578460076928","-0.735800695129748","-4.43387450180279","-3.51836934926962","-7.05962579819548","-2.04601736842884","1.12842285785013","5.12988636765743","1.14455434250118","-3.39605184981311","5.92364170017765","-2.96129890384595","3.73760118029983","1.10534730239824","3.32947225146531","1.45005367424061","-5.87277874386948","-1.03792000775051","4.48636645637448","-0.183514373071834","6.70543479826181","3.2641073433047","-1.20012323683701","-6.85351030689986","-4.45690844540022","-9.02777219188271","-3.99339674131584","-0.539159745458151","-5.16802735077553","2.41584075768376","0.205346725581107","-3.1728235096907","0.816497509879162","3.6891463247031","-6.74350542213445","-9.18109335410221","-0.858018831477445","3.60258049279679","-5.69213131328488","-1.18835199614627","5.40732212280858","-4.83288537174794","-2.281148552127","1.45056480550456","-8.43391655755294","1.80578498130568","-0.410809223719071","-2.19731652613877","3.49279490157208","-5.04480961321562","2.9403017022944","2.86944854587179","0.71579974506061","-0.81962374707519","-7.52016089504183","4.67236072925505","0.273080881651222","0.72670726397897","-2.74514383372879","-1.57766960715288","6.22337685304548","-1.9652753932222","-9.71043568527347","0.797134650702729"
"Random_Index23_13_0409","-3.05971253655193","2.15333645593267","5.57623380351981","3.11213040375557","4.89542584936691","1.99922240375543","5.24911324248629","-12.8230312695181","-2.89029520852284","-0.260757896524498","-3.74481335455353","-1.14163538368781","-0.587763739156767","6.90059244958924","-1.3850376547357","3.07463724801516","6.20131622962338","-4.78114590733701","0.292833876946318","0.96210038833152","-4.27971683089948","6.77486955574104","-2.05697034484521","0.072418127412233","2.33787377632067","1.14374559504259","0.484500373961911","-3.77566742311518","-0.448018327584454","-1.05310423385826","-3.94908882024042","-3.08365669642505","-4.00016574247366","-2.97994686894811","3.04137957651767","1.75363159317624","-4.28380631222154","-3.14175315926944","6.93094505532825","0.0404788181483339","3.32728390742357","1.42554672647064","-1.31263551305236","-3.62282219399149","0.168310326340822","0.89102187148749","5.11393779385642","3.17395469312619","-1.85300578716586","-0.66197197068167","3.54963765125103","-1.28663529365814","-0.742492671087991","-4.42250832250892","-3.53188239008127","-7.16376151251414","-2.083175286672","1.0370820564838","5.06191018354985","1.32170044937006","-3.30664796920654","5.86864892843825","-2.97340164448498","3.74350941588437","1.0704197501423","3.33323660612195","1.67502755827711","-5.69995500931253","-1.07827349432564","4.38694306628506","-0.036057956050988","6.50799458439494","3.14182063162063","-1.19807677755318","-6.81635009360497","-4.34588162999518","-8.98582476479529","-4.04186087164633","-0.449202895882727","-5.11350793216146","2.39297962487261","0.230975004111873","-3.13651222081368","0.86189406875006","3.666272392221","-6.71630458582236","-9.10010316974585","-0.76149840944031","3.50228194912552","-5.67520206319206","-1.19318260142057","5.36759766320092","-4.91672880972074","-2.35886903447833","1.49666863036889","-8.4656429027295","1.77536569437134","-0.376738608353682","-2.11228724170657","3.43554934146384","-5.07478955971291","2.91848369594684","2.83128104123826","0.754007886940822","-0.756485885741273","-7.51472705683294","4.67742423995204","0.295973631282581","0.862874915273543","-2.6913456369606","-1.62653817491422","6.17995327840355","-2.04682613383887","-9.72641456956091","0.8409863487035"
"Random_Index23_13_0410","-3.06816450677528","2.23079662260525","5.70395485739177","3.14027373242306","4.92657579528869","2.08483697037259","5.08180748104165","-13.1122425589056","-2.88160658596491","-0.302149658032317","-3.70013300531696","-1.15258135789394","-0.685425193825366","6.90079563546675","-1.32636618525212","3.0697667812159","6.48190324762847","-4.68000258085103","0.364606625182995","0.979199360257234","-4.31202613139322","6.83558856135424","-1.95488017865737","0.0630022132438284","2.32004812329772","1.19787653876567","0.454901812958017","-3.78617551857595","-0.490859544671446","-1.00598843419138","-3.92706835176833","-3.17042109905056","-4.07165818548968","-3.18226287379569","3.32322217866311","1.68519134902857","-4.36369909185022","-2.97463798025426","6.94035955630374","0.0469415264913802","3.28444807031755","1.4305619046706","-1.22802293809817","-3.51681032524119","0.137604141303939","1.05503649867492","5.15660151853347","3.34790533002101","-1.92766616612379","-0.588909994934601","3.42671063098525","-1.34434409926237","-0.706039537089131","-4.36384162298606","-3.51021867348297","-7.08087550167765","-2.14386693944898","1.38487374029029","5.13332460610955","1.06141594840157","-3.2491981767915","5.86304032380067","-2.85984852321921","3.65175560950872","1.06597920811018","3.52611298125413","1.59598406004007","-5.81092528918182","-1.01002377719203","4.45740565743199","-0.102754680239446","6.6263610991547","3.20799972622428","-1.12536634854268","-6.78160566335635","-4.51182103637418","-9.12936529490177","-4.02069657049773","-0.371256614971092","-5.20069136390067","2.44387900546776","0.248669285033263","-3.1052571135653","0.781633340571608","3.64375239975297","-6.67226875652722","-9.18112052331898","-0.727315580452982","3.46454448994859","-5.45742593519827","-1.14552243425801","5.40533346533979","-5.02856620425069","-2.31534643289002","1.48442127198429","-8.39126312442408","1.70008982701886","-0.431389958152283","-2.32075084297077","3.71364102212676","-5.105232004474","3.06271867929529","2.8769719940323","0.744657791853376","-0.603146743825291","-7.58629846605713","4.66817254903252","0.361911368858459","0.824372315785726","-2.73988311249073","-1.69096524805912","6.26554458804626","-1.99253144070083","-9.60165414768705","0.849123289840455"
"Random_Index23_13_0411","-3.23805332925375","2.10992666143154","5.51382357041699","3.08931805123324","4.84061111157586","2.14223067842028","5.10300937132116","-12.9712156031828","-2.85649533682302","-0.221116811029471","-3.70768759728235","-1.10243497654248","-0.512292092238462","6.95110434301893","-1.3946877266407","3.00128102191792","6.24525547742823","-4.72800611001177","0.311756148822566","0.79793380945267","-4.41582641039611","6.80979436924837","-2.00401956967349","-0.00232350399280562","2.26915772105355","1.21145549993036","0.309142819343136","-3.74181495167365","-0.634889435047799","-0.952231722053076","-3.86695030299597","-3.05731033077685","-4.04007484865381","-3.08249233115077","3.19239218280882","1.78512805727482","-4.29049104856453","-3.17550920848206","6.90518739572823","0.100288078059801","3.26387761382218","1.41647093102747","-1.13956808593544","-3.56846363572189","0.127744209264825","1.00616201032916","5.05062405822106","3.29590299067936","-1.86142471391546","-0.619319692685955","3.45753137636628","-1.28631752083873","-0.65903125794182","-4.55643059844807","-3.62408655778706","-7.08787316318261","-2.16626498382729","1.20304873066255","5.02220308430215","1.08555488402909","-3.17815369916888","5.83535964703671","-2.7944297199852","3.70985301964208","1.12044378627867","3.4172621015671","1.66601651693024","-5.72688383137122","-1.08120388487761","4.34507837394597","-0.154350033644694","6.58999047511996","3.20379318549842","-1.03335888740136","-6.86564597204819","-4.46609835843078","-9.00556841327729","-4.00969289005704","-0.415377261101698","-5.25737270116492","2.43515970853709","0.224870681530217","-3.03699896019086","0.743389301869802","3.68442355114148","-6.65019761629867","-9.23846303205012","-0.68564702834159","3.47156762527316","-5.72569706151706","-1.13464087327851","5.3202693536218","-5.03428162125228","-2.33133952898958","1.31817835049228","-8.48081875231846","1.66875167816035","-0.301829056673762","-2.26981516732216","3.55302376798646","-4.98590926332857","2.87730893830382","2.83512529662811","0.857302813847508","-0.757946647895564","-7.55859934591823","4.66348266094948","0.34072132246729","0.730068944479794","-2.69509672674797","-1.66783042700457","6.27625512803946","-2.04471081343059","-9.60403790830397","0.831576462131992"
"Random_Index23_13_0412","-3.07197689430177","2.04943982458396","5.53354811331663","3.11195427861164","4.8939336282333","1.95381738112453","5.07219954320377","-12.9334629703441","-2.90311538989536","-0.32750503021833","-3.77975633240082","-1.17172988701715","-0.666096495145176","6.91156972040701","-1.42724235028188","3.11460742151819","6.3407060272805","-4.6654771195498","0.271907490624111","0.980924914877907","-4.30938393843661","6.86128535793991","-2.09664986055843","0.148867096154825","2.35100215203154","1.19101393722937","0.532827228452422","-3.81259628107192","-0.415510008398439","-0.966994937280355","-3.90510036264484","-3.14174183889384","-3.93505850919407","-3.05982909785262","3.04599694484205","1.69927038115975","-4.43743280882469","-3.16396994503706","7.02954721349932","0.134202241575669","3.23923866671443","1.38384362739493","-1.1718032275385","-3.64474288657633","0.126207326007525","1.0936654713284","5.04259767063546","3.30512991957566","-1.92771338248403","-0.595243868651986","3.52791238450325","-1.24009469118736","-0.66637686085465","-4.31089515333069","-3.49592937043928","-7.33748933323358","-1.94464938553404","1.0508426044002","5.01250799372284","1.11952373057552","-3.2887524882183","5.79039628651547","-2.95692585620741","3.58154025210911","1.11280029107101","3.3194725641692","1.70775245446565","-5.81589909468937","-1.11030108953818","4.39461956841016","-0.0676480624291115","6.64854406186298","3.07621980206046","-1.07362187519383","-6.93112490405501","-4.51570512628167","-8.97398383254829","-4.040011184481","-0.578276504416559","-5.28574015649185","2.27482083264201","0.080221537006574","-3.18660146784236","0.910056836256735","3.6461936925643","-6.84793825501234","-9.11437641758681","-0.717945787582731","3.4908071380197","-5.65104170289535","-1.15338790667514","5.45514690338594","-4.98716217296786","-2.14728269020932","1.50181784696241","-8.39119551523617","1.72940120614852","-0.4458102375905","-2.10882986663743","3.48523981056171","-5.08657964237408","2.92064994898803","2.7803551698817","0.721441762613015","-0.814646828239233","-7.52351129015419","4.66799457416941","0.160138262085202","0.726506262097087","-2.64544247109276","-1.73647419321026","6.23184882406117","-2.15027133491347","-9.60201003704528","0.75761665276787"
"Random_Index23_13_0413","-3.17057580988622","2.11094886222126","5.67539414318122","3.12619698620428","4.94715575281653","2.00639704863896","5.12657527983897","-12.9412208480829","-2.92094342675996","-0.198974530119381","-3.70789960721218","-1.14999433688859","-0.498214860617533","7.00783067572628","-1.33481177611356","3.17782513589991","6.23715115669226","-4.87000967513877","0.284168172715215","0.963578081534566","-4.26619750485362","6.91251443083361","-2.02945636295602","0.23793950229297","2.26372382330795","1.23527713804432","0.533349603971926","-3.7742276854859","-0.517484956324824","-0.969640739206881","-3.91154223551245","-3.14479413273567","-3.96121515982318","-3.02197919227993","2.93971735516904","1.79687703312091","-4.20265445969669","-3.22698881779465","7.02458630536226","0.137500294070888","3.29125586516084","1.42930405589541","-1.30568021701524","-3.61728081019265","0.092332792207821","0.984218357419479","5.09225613013291","3.22228688639621","-1.99203947149647","-0.666278319915858","3.63119272243635","-1.30672474985924","-0.688160929022848","-4.45440474235849","-3.50798515507206","-7.11906841627378","-2.11166103126266","0.94401701185441","5.06500161991307","1.16121959619123","-3.30581821287522","5.82398511607464","-3.03438714147652","3.68248498106552","1.17385082510727","3.28123948845836","1.62425230528235","-5.8720913104321","-1.13568664397638","4.52674166071989","-0.0856702700453826","6.65822082333481","3.14020931851399","-1.14766227992406","-6.98336627236868","-4.55314153127681","-9.10012470960106","-4.12616443556454","-0.378478281719056","-5.21818042918853","2.30786657861826","0.235294547925166","-3.14163313736391","0.773096343952376","3.73424068289288","-6.78253389535731","-9.11056434987053","-0.711942161785823","3.44956823196365","-5.67583754845568","-1.30329677173616","5.49245857129025","-4.99604744632711","-2.191333542375","1.48205328365831","-8.44012312038799","1.81361141792301","-0.379351136208945","-2.18300401004519","3.31643501887665","-5.09044631925724","2.77109464787071","2.84190123997223","0.748993981655838","-0.707540066358378","-7.62275689429021","4.6656472595495","0.214458400586963","0.712215192540241","-2.6845554082324","-1.60087650507911","6.20397267888502","-1.99750873440185","-9.63148473901993","0.855399703887303"
"Random_Index23_13_0414","-3.11094255215417","2.09111077580105","5.48740258828989","3.14673693959635","4.77678837832188","1.9916014626475","5.10673269311772","-12.7862455432541","-2.80897599086467","-0.281429037932301","-3.67914110860618","-1.16291204014024","-0.615542105366741","6.80127621741692","-1.44413830638271","3.0844374407661","6.16771674780792","-4.56299048631087","0.211858142271786","0.944821347782601","-4.34469468524089","6.73046181516557","-2.0543115494316","0.103012520958711","2.29886525263599","1.13860577546227","0.324576451318169","-3.72268470621555","-0.564990090257586","-1.04330048433107","-3.89583056440214","-3.05939261388649","-4.14411449279617","-2.95327107670982","2.97817363685877","1.72892672805056","-4.23911680133446","-3.09628114144537","6.84730733297909","0.102529406476295","3.20184934390581","1.33056061695542","-1.18157817363504","-3.53909823834426","-0.0336941620098125","0.866619901024373","5.04205120378616","3.24470870412213","-1.89453472329369","-0.596209671004171","3.48824923586301","-1.26059834891908","-0.724601021114667","-4.31575491022497","-3.53656301819186","-7.03091547136194","-2.19937961585132","1.07112059239282","5.00339446968603","1.06202698500829","-3.02583842735446","5.76301660936352","-2.84887879856089","3.56632237717974","1.09639568373981","3.2269901862573","1.55828235896693","-5.84527109419907","-1.02118701081775","4.35293837129335","-0.250421962272961","6.50303794069566","3.08939301235232","-0.96619720740627","-6.77434188329139","-4.34012718303658","-8.854602931161","-4.05598249552127","-0.310444386273621","-5.12062532840423","2.35812782252824","0.05783473552339","-3.08896567180943","0.805802250382868","3.63048545895193","-6.6147752326083","-9.10963082628491","-0.724544110821049","3.39311065058725","-5.5743593390025","-1.08147174970058","5.2858381528107","-4.92631681359096","-2.23554425528722","1.39350001698943","-8.24895561496019","1.67040619380221","-0.448795272389559","-2.3889996765679","3.32904665781798","-5.03337371325578","2.83096555218536","2.81135826495668","0.751540892072942","-0.643789293970166","-7.55676942551107","4.5750726791421","0.176720583840764","0.738662039606268","-2.63231594817516","-1.6471579012994","6.15759076385529","-1.96930066970958","-9.43142353105803","0.748246145494183"
"Random_Index23_13_0415","-3.15385717580839","2.28843510918019","5.70517738023473","3.19751028466473","4.92712273264186","2.08787527687325","5.20500349005354","-13.0331764732996","-2.8369380079664","-0.315588784024244","-3.89259069686932","-1.3022096865914","-0.769308810217296","6.9624071970028","-1.4944070628895","3.08459624249516","6.40323221751689","-4.67807441243909","0.156187066087943","0.917991093580967","-4.2647139981846","6.9814903311658","-2.11974264195841","0.210117887636098","2.45775225600195","1.24371628506481","0.556943137302326","-3.94625519745837","-0.383672457062839","-1.07594622733835","-3.96197312688971","-3.29225982068021","-4.08328982597502","-3.00544619459115","2.99922738119426","1.56646221398953","-4.24103294406567","-3.14616399729137","7.03372017368987","0.0101263911155413","3.35534056003447","1.34433132085424","-1.27649066239217","-3.75039548749176","0.0878793728077283","1.09218438439869","5.28107790331707","3.4915151852634","-1.83489549054213","-0.527751506295983","3.55584601419852","-1.40642023392855","-0.865909247393933","-4.4996397889951","-3.51596712253567","-7.09572174967982","-2.09386382609969","0.996627878134103","5.1996663054648","1.26918908706665","-3.19406542027985","6.00199408063937","-3.02613279461824","3.72000870547635","1.05127969832812","3.40389123433253","1.51386817691153","-5.8113724951912","-1.1372072298763","4.42772739961477","-0.148614781323523","6.76746381609083","3.27149294848132","-1.17417563650969","-6.80330206220984","-4.64898565211231","-9.1949794325904","-3.92568086324314","-0.355943883954372","-5.36133475796211","2.42455911132833","0.170376923114153","-3.11658622104476","0.989100387491122","3.7464722622518","-6.78542428265613","-9.19890416467489","-0.870206770986104","3.6390397686394","-5.55829930007999","-1.11834461138093","5.5602576419289","-5.0102992199112","-2.18551478400256","1.56014909803131","-8.45549776364789","1.72768602931534","-0.44854305931736","-2.1118006964254","3.34631307050262","-5.23717892611104","2.87685057220797","2.87368431207297","0.732440804632531","-0.642702662064162","-7.57520373086985","4.90107125146196","0.191245234584823","0.778035229586423","-2.76469615832149","-1.63908582401496","6.45979527834771","-1.89561536424989","-9.84440495513226","0.744253588426048"
"Random_Index23_13_0416","-3.20615712017743","2.23925091839854","5.6869677195099","3.23548371449274","4.92584157501718","2.02901757949414","5.17428117350941","-13.0496075823993","-2.79901010276693","-0.351588157185667","-3.82052388144453","-1.23904731936518","-0.689477436642281","7.02820634129987","-1.45693161253881","3.09858915888232","6.49647569385004","-4.6737253975538","0.172983201031354","1.02049691676282","-4.4384560602458","6.97580205397963","-2.07069834997933","0.158752123851414","2.35029530626887","1.15501683014965","0.489480610670949","-3.80440898790465","-0.473500624624595","-1.05086944076253","-3.82323688932324","-3.14783011191165","-4.03232453864742","-2.98040789717474","3.13162884367639","1.64416070929887","-4.22225056732162","-3.18628757269994","7.14926741987211","0.000974126795689448","3.39263130596941","1.34540165627845","-1.14608689877187","-3.64753392531066","0.125198386227003","1.07736673560049","5.22713604647426","3.4282568121027","-1.89193871938804","-0.57492436243141","3.45981300292759","-1.41408816128364","-0.784547027807944","-4.60471852696265","-3.59025937532855","-7.21901551359848","-2.15806611721771","1.16166796722315","5.17581010405602","1.18841782320486","-3.18098570525131","5.92428339743651","-2.95639049339476","3.70373596086623","0.969596901633475","3.47492420427874","1.59628885501875","-5.87108384941746","-1.11800395325858","4.50101226195939","-0.110401078599173","6.82805949452054","3.31135478541473","-1.16193773096571","-6.81020528190847","-4.62916676579498","-9.0414575285551","-4.04524283889117","-0.387128272536591","-5.34486237362574","2.47740609610203","0.15373624956698","-3.16415493721697","0.929800606953984","3.72500049337252","-6.77423798832071","-9.21311955762493","-0.790978546430381","3.61071129360097","-5.52521053845445","-1.25651189091543","5.53289717348003","-4.92164547558895","-2.11088068162563","1.49986484713098","-8.39602349767939","1.74597853105024","-0.40266147258679","-2.32463174092744","3.50335581213209","-5.16477942682298","3.0340054908692","2.89029952071192","0.755789975850117","-0.60210791145691","-7.65029854554676","4.841093925654","0.192401744359129","0.939461149366419","-2.76409388788967","-1.58572437470282","6.35459548824812","-1.94117240738273","-9.73508743071958","0.698725036664846"
"Random_Index23_13_0417","-3.40442613021721","2.16136797850691","5.63519891670006","3.18660582987569","4.79174162140122","2.10511473912364","5.32170342085103","-13.0547744424964","-2.83664032649404","-0.294497764612891","-3.83296686896916","-1.2463392685075","-0.661851554142222","6.99081273127586","-1.53659126047861","3.01622339422424","6.30591355930629","-4.74790962456384","0.150420135421936","0.818152970537453","-4.33483732852178","6.92273090010281","-2.09998979296256","0.0117407629471299","2.42633970502999","1.04660258591713","0.330620471098949","-3.8032359887328","-0.663938559868151","-1.09371849312192","-3.88352005221211","-3.27851955573146","-4.27694766806862","-2.97548544004423","3.2341073661897","1.63657955720773","-4.19297610144337","-3.02779028607848","7.01061800052534","-0.00110233945736527","3.30105972964753","1.28302566004629","-1.22846423427832","-3.50510719656017","0.263731461602352","1.02966043977923","5.15113334001123","3.43209161122609","-1.85788938409445","-0.531811887930687","3.57148996413453","-1.53979631328023","-0.99096618710086","-4.52166899591881","-3.6266755028567","-7.11716927755671","-2.19897138434271","1.24928769721264","5.10080539893224","1.16996464562267","-3.20526141056789","5.89082090562287","-2.81628895860862","3.76028796834958","0.994642433626821","3.45017940440214","1.53783603046529","-5.85783138594118","-1.04451425790358","4.35863348645998","-0.164520583004464","6.71530343073659","3.37466774737352","-1.02437961766874","-6.76358827275582","-4.50992952743293","-8.9799656078491","-3.93951995732784","-0.497444103586733","-5.11050031859547","2.50046149720185","0.0670475174106777","-3.05405110767431","0.907859393352324","3.70344889099879","-6.76690819669693","-9.46738613053288","-0.923041668860151","3.5645734293105","-5.69119402125763","-1.06973559558736","5.27411049436189","-4.85981215538391","-2.12472486757015","1.4388068560265","-8.39573769342162","1.60792150643011","-0.465568316633463","-2.35417761108372","3.56503526684516","-5.02967076452917","3.01060878058824","2.91208698729083","0.745659691592827","-0.78979708667551","-7.63397249729963","4.83499454906162","0.303944980817917","0.919098833107331","-2.76866419997147","-1.53506101924463","6.44700293710857","-2.09983506270692","-9.68265132866215","0.825607784590797"
"Random_Index23_13_0418","-3.05868534860306","2.08919753801631","5.54346442540502","3.12889234667137","4.7571609591277","2.12067302728609","5.10165484809784","-12.9554195921551","-2.83428450680299","-0.366959157800719","-3.64671466965017","-1.18463295937718","-0.649471004665833","6.87487075858094","-1.41813002585212","3.0388459428552","6.45078936352057","-4.62544213755033","0.309017291561577","0.872064116214747","-4.39339715691217","6.83926146167013","-1.99418095340411","0.0381248653171582","2.2715309302973","1.15941407241439","0.348186682398794","-3.67323056026382","-0.580249230711927","-0.961037421301781","-3.80533322214312","-3.105265801225","-4.03242989022502","-3.11732382667527","3.14889689034251","1.71988575418445","-4.36408954271443","-3.22693181076519","7.0228266967862","0.186790040711573","3.29833815391911","1.42943974325259","-1.15332965143115","-3.43075506339193","-0.00249169943663615","1.07203125192117","5.05555416469363","3.28979767315995","-1.94637034794197","-0.611029526610145","3.42815764048145","-1.3174238040525","-0.672309640590253","-4.64996212130903","-3.55227849221956","-7.26468737691111","-2.21438506755955","1.17569195864305","5.11072035693884","1.12813280988208","-3.1284487661864","5.72136224488006","-2.81426019804602","3.61945229681932","1.11801379620399","3.41876314601726","1.67687193762721","-5.88016094240554","-1.11645250518457","4.42488697623725","-0.223167593710441","6.60111686555136","3.19931382355835","-1.09591744443459","-6.76361707884234","-4.6032414845267","-9.02836477431551","-4.09297622528488","-0.392350720650996","-5.26276217994636","2.44464115011318","0.183911532674604","-3.024265290684","0.765520729575265","3.62374696349458","-6.69687372160345","-9.13775276180006","-0.692160371209908","3.41969698682173","-5.43784216059722","-1.21068060850742","5.35859760766899","-5.06613711086301","-2.3617029585382","1.34217125474179","-8.46277733941729","1.59383435506317","-0.292366069666117","-2.43395438789996","3.50122565819537","-5.09070874180222","2.96941973570906","2.86243402612221","0.845108971328233","-0.600951277438097","-7.55121983318906","4.68376304639281","0.297210427722356","0.729672412327261","-2.68503905009579","-1.70020995917418","6.21548027974889","-1.91693232095933","-9.60865170474206","0.789268957876254"
"Random_Index23_13_0419","-3.11164939907357","2.14380680387905","5.50558419434014","3.07201609930207","4.73543571988797","2.11197889242056","5.23083858174244","-12.854405854565","-2.70635622602685","-0.239982118875685","-3.61558108275393","-1.1156029029843","-0.522979508665485","6.88365473241141","-1.34173034036737","2.96807607534794","6.27817048829755","-4.63744711146331","0.29339140100158","0.911444740956391","-4.36380061432407","6.78969834186814","-2.05529832010478","-0.0740673433931228","2.26816861023535","1.03368550841193","0.272349057799715","-3.73079913675205","-0.687627010372085","-0.885737486740806","-3.78870755355328","-2.9873606427301","-4.09105765035098","-2.89921618528962","3.05155867849334","1.68004712801587","-4.18762142945753","-3.16470743988591","6.84867612694085","0.0534650417391975","3.29231259943782","1.45229183587868","-1.22321851704221","-3.52629508965771","-0.0338013761321902","0.931749774791349","5.10510096601648","3.21080733699823","-1.88155019878404","-0.695444985506837","3.52411041044345","-1.25219660697288","-0.639351398283038","-4.62896972975034","-3.55632159260046","-7.12309946835748","-2.16261359384384","1.05172517474685","5.06229402062219","1.13186541913576","-3.16353379426637","5.81883495707836","-2.84155685971178","3.6827270007211","1.13639934788826","3.35276296194565","1.6459064923863","-5.79274815469144","-1.01082904208153","4.33009385021217","-0.148501558956458","6.5399499371785","3.24635305625824","-1.14067693643855","-6.80337042461379","-4.42496447954434","-8.93121654677932","-3.88301422493661","-0.507221408514287","-5.17227390661586","2.4197563055751","0.215324265096345","-3.03240295518863","0.685452201195362","3.67707377574844","-6.60604977512686","-9.18764421080568","-0.6811354726847","3.4720779252426","-5.71868374160339","-1.26161375080127","5.29295171583345","-4.91043864177066","-2.32875763235241","1.33409159422793","-8.41376341824051","1.66866029408869","-0.264767519576834","-2.41841627080224","3.37117184997139","-4.98358899747737","2.89254394300125","2.85306154683793","0.754266096215034","-0.80257508466353","-7.52698178895694","4.61317753193899","0.23685618401464","0.835280888298291","-2.68348009087434","-1.62499030163295","6.23252847941716","-1.93070403713347","-9.49668928528261","0.805733831403327"
"Random_Index23_13_0420","-3.17742460343893","2.16371030615984","5.67418716765095","3.23847321031899","4.87658498867463","1.98827784990065","5.15624337741143","-12.8893488493674","-2.84370692516891","-0.29709982739064","-3.75997685687069","-1.22166468570723","-0.637303103857115","6.90460160367404","-1.45380181019352","3.15872720336138","6.34149420901824","-4.71041183410284","0.256429852329984","0.939993971186812","-4.20771754077146","6.94210845606253","-2.07478900736914","0.11772451031997","2.38080406123837","1.16360894182152","0.47287103720281","-3.82948072094309","-0.51300816032579","-0.98602055809859","-3.90777264641546","-3.10941706130233","-4.03265970555884","-2.99618459215402","3.05900165306299","1.70208307782694","-4.29480910138569","-3.08200956543596","7.01634948595172","0.0263305170120201","3.31797459978199","1.35060362552324","-1.10091906975616","-3.58846505426166","0.192296451738435","1.01362228737929","5.1188569426947","3.41718345038255","-2.0712753761941","-0.522213204061559","3.54743426807476","-1.31482382560123","-0.721432424259601","-4.43587882902853","-3.58565982573496","-7.11745642788911","-2.0392143903932","1.07816552943217","5.13845626969791","1.22112358919705","-3.2037538546076","5.88507059535419","-2.97584510913444","3.66235793872736","1.09497780521896","3.28489026984065","1.65163731020579","-5.8070675606432","-1.12516922110661","4.44120532607789","-0.226628466530562","6.61184053810627","3.15048943557249","-1.04169248403713","-6.85093951115404","-4.50828724203664","-8.99894989311527","-3.90683190210805","-0.394757584852613","-5.15059257684934","2.48283656531159","0.0860181533559051","-3.18086947860055","0.979644399621667","3.72032798259445","-6.76938175215046","-9.16685633558082","-0.766954408537339","3.59226805519211","-5.46772489262148","-1.12906640817371","5.49713965479452","-4.95883099040847","-2.21845383546719","1.49775739551548","-8.41872755368445","1.72258875240275","-0.431340466551238","-2.1877315853494","3.39166201496744","-5.12604780112911","2.86897787374774","2.92899754234108","0.7061756776008","-0.619400586586495","-7.53235028328156","4.79395326854952","0.161935914744559","0.822902267231861","-2.65020331162532","-1.68145302307346","6.33909293739775","-2.03039405090695","-9.62971606322785","0.77018624631367"
"Random_Index23_13_0421","-3.12491803825796","2.19778156873683","5.60160209199161","3.18121487033559","4.88496065456593","2.17329024425127","5.24911051083541","-12.8656319013883","-2.81080822604352","-0.286887562836902","-3.64752303473047","-1.08615466217329","-0.530873994581599","6.92389547469706","-1.28328165801986","3.04599103257149","6.39540703763328","-4.53448280033802","0.260113674734596","0.874920335206506","-4.31296632028204","6.89026780176049","-2.02131195600842","0.0752446192435338","2.18617589653891","1.11905195377587","0.241818284546784","-3.77378442143732","-0.79880164205538","-0.880150304831125","-3.82547958276761","-3.1089914179261","-4.0239070176135","-3.16344708377704","3.13383490915489","1.47119970017224","-4.36456070775099","-3.18116626630432","7.04671173481925","0.0962537491835295","3.3491834812942","1.41538258041275","-1.16864970766252","-3.56230981797901","-0.144871719694595","0.842600510244638","5.2222217558401","3.28636747208781","-1.85806732656614","-0.662069272324738","3.44427106562384","-1.22608497241328","-0.652596072953353","-4.55314321547147","-3.62710844028826","-7.08286106842892","-2.1806167321243","1.12699815044718","5.14771046753221","1.07011564366574","-3.17565987388907","5.82191991691272","-2.81200661421266","3.71790888545307","1.16291013344049","3.37054855314955","1.74581014762761","-5.95417706882786","-1.14442241634927","4.39896804089407","-0.244091516837987","6.80141401662837","3.18571853054199","-1.18336357279034","-6.82576796156177","-4.38164790772064","-9.25670053649877","-4.00720808212784","-0.34037048791801","-5.38187860839465","2.51934756068575","0.245857342168616","-3.00999081496551","0.682453389993803","3.73328313998729","-6.74897293385393","-9.26018832849479","-0.726973375236448","3.44100548659575","-5.65623182802248","-1.24650608213301","5.40920772242167","-5.08761445504421","-2.54381884966802","1.4031634053211","-8.44401417434619","1.67560347317917","-0.245149185512919","-2.36644719595652","3.43073076011049","-5.009451635877","2.94947738603725","2.89401882391055","0.843978309784594","-0.733068123069474","-7.60978572166312","4.67565328020841","0.334469504528951","0.925466622007791","-2.77726359645995","-1.68785448443898","6.33343047492811","-2.01315601588598","-9.64892259567919","0.84861911564456"
"Random_Index23_13_0422","-3.13988686483501","2.2389095103092","5.61633314930784","3.19637207705731","4.94956051918336","2.08523090237516","5.13777390924561","-13.0158492576492","-2.87203010453176","-0.287511479347716","-3.73853411047649","-1.17483000912928","-0.593565813052548","7.03061479760022","-1.41228779805318","3.12570009612633","6.30500527527935","-4.71676529184683","0.28266838084296","0.924925470497571","-4.35298080297999","6.87703410295","-2.0317609304542","0.0916893809269177","2.28134145741916","1.13627340669869","0.363550342834727","-3.73627860354747","-0.568755812472903","-1.0250754985392","-3.98898543823779","-3.13337812663853","-4.11229461880222","-3.06769586902099","3.06570897424653","1.77594789281652","-4.32922592906847","-3.07183393905116","6.97074935702063","0.0588541023319725","3.32955665012123","1.40790626989281","-1.24642509698984","-3.62110673783809","0.0856107610699962","0.952681318324936","5.15004014323279","3.30128851952197","-1.84724016737687","-0.628336143043358","3.59788496498647","-1.33408957076507","-0.679255962077442","-4.50136267030772","-3.55515822622134","-7.14513142716001","-1.93107385542873","1.09425432420897","5.14882921907645","1.16685580841083","-3.20041955612496","5.83996422159291","-2.91379849212948","3.73760136991687","1.18394709002591","3.32649070681941","1.61402233213654","-5.82107332221634","-1.13761022281589","4.38441688897226","-0.107020516740397","6.56954285629172","3.18456810698979","-1.12890618201354","-6.92163166323278","-4.38434118594824","-9.04427288789026","-4.06516570593152","-0.439544482196238","-5.15474446949363","2.4401762596037","0.219197998064513","-3.07248739979758","0.784116768726766","3.76752530131234","-6.75574087735344","-9.28344805088651","-0.752516899365914","3.45525331462253","-5.67346216890564","-1.152308109608","5.35922171798626","-4.93622469311712","-2.32426448925542","1.45893494914877","-8.58498536414683","1.71298672897681","-0.391790006784214","-2.29613464933112","3.44437962087648","-5.09389559879409","2.93221532564272","2.88740223742396","0.785031597537095","-0.731716429709501","-7.5840729543908","4.66296273822026","0.299806610339064","0.846629080263504","-2.68404257202152","-1.63967027067344","6.27099613764394","-2.0106880285227","-9.70803943299132","0.882597501200096"
"Random_Index23_13_0423","-3.06082920406676","2.11602748970019","5.52837891272638","3.08249013457358","4.88705253583983","2.11605424268387","5.07921805177154","-12.9031464098736","-2.77743779887508","-0.0962163890114451","-3.65351669005257","-1.01681125342541","-0.48416276004704","6.99830315194955","-1.409805987673","3.16471918921394","6.28996135278614","-4.80021951532929","0.309189491412749","0.848353397153829","-5.02041024340329","6.91849760653239","-1.97107083936352","-0.0336125802278286","2.43216591878185","1.41810399721726","0.34556531695965","-3.68385037314921","-0.615469848587907","-0.940209530404326","-3.9240614366873","-2.98927828944827","-4.04373215923495","-3.10091713547733","3.04616239800039","2.01863568613167","-4.29783635893609","-3.25376351296008","7.05495093834832","0.136824838296355","3.28467990506729","1.43852265977468","-1.08229665937811","-3.52509002371595","0.0253746505848015","0.975205796817006","5.16710706848177","3.18903199571437","-1.99585771645706","-0.68829942979596","3.46804485773712","-1.13083877613117","-0.685073117406026","-4.43452726099665","-3.50264517861268","-7.01529380642565","-2.16715271572973","0.998344689089644","5.02183037242619","1.05402861383501","-3.09967350087178","5.76943626607137","-2.85466757689759","3.66769521908214","1.23990600095822","3.224885992625","1.55512810117576","-5.76813862660966","-0.997015118020972","4.43157736381669","-0.116730652652666","6.63398321794412","3.13960651241415","-0.960988690619228","-7.04532821482676","-4.37807123791274","-9.13750760028147","-4.0888889285639","-0.313478856974488","-5.29904199139382","2.37913386088781","0.125435403187633","-3.1389941555269","0.634731672679201","3.65072787762811","-6.71337475760047","-9.25856670571328","-0.56585563946117","3.45779812811289","-5.76880683144016","-1.22122945856916","5.40615604060423","-5.19871199697284","-2.48119098636984","1.41656356455748","-8.29929490307167","1.67098555660916","-0.387739545137515","-2.35881539520724","3.40867466862528","-5.03102492695694","2.91668351318467","2.85324973005667","0.914298444192953","-0.526925817999348","-7.59112279971314","4.55794484778542","0.274929985545099","0.659302189659335","-2.50492381887692","-1.75454017337331","6.2256524716843","-1.90206306766078","-9.59380637123223","0.730270213334713"
"Random_Index23_13_0424","-3.07682138918271","2.06580598949498","5.58101532068773","3.14393870041104","4.78727404926978","2.09353168070411","5.0954713386464","-13.090167630767","-2.81784408949833","-0.215580061362961","-3.72875557520475","-1.11088555284784","-0.570770231175388","6.97013802958128","-1.32316943696506","3.16579364410948","6.33553890482473","-4.68997272798155","0.304795295398225","0.977416866897433","-4.29247052693098","6.83736371089111","-2.00445264828572","0.119830094517806","2.30605963050317","1.25849052420148","0.442357227740927","-3.74388936646956","-0.473091596998579","-0.943613938567388","-3.90905680709991","-3.07366036667073","-4.06465498976628","-3.08746130856573","3.0281341144818","1.76619304741275","-4.38803342097469","-3.30605729336054","6.99743192506223","0.184614496781523","3.24629972895809","1.49129159572234","-1.26072376382785","-3.53626758960216","-0.0103334784392939","0.992152415484035","5.09936689140072","3.23147162908791","-1.87104320943199","-0.689559436230609","3.43080965696878","-1.22552540659438","-0.693191401921148","-4.39990721112362","-3.47508823835468","-7.15837936503849","-2.15487957347775","1.01111551250463","5.07683758099733","1.21020815032202","-3.24866470988731","5.76926533026026","-2.9817517361361","3.55900458834794","1.18858838979424","3.28684451759985","1.68462590636183","-5.74441468180545","-1.20189911998079","4.40576462248314","-0.188910694916587","6.62510286323908","3.07669448669389","-1.09579284615243","-7.02294334784966","-4.36737701621416","-9.02514695650283","-4.11401856948831","-0.345908791814862","-5.31443699702681","2.27751300628753","0.17318005227649","-3.16483951428518","0.868824358606436","3.55158220680037","-6.74681708342286","-9.19630363325969","-0.681499862610375","3.42358906290294","-5.58177802467537","-1.30078766430683","5.44410103405252","-5.16651267845196","-2.21607457347203","1.4979084210133","-8.44018688721332","1.66091971322677","-0.330900136984277","-2.29352457211181","3.39088837988415","-5.06685998872922","2.88803116431897","2.76857846833864","0.883522940702694","-0.481277494841465","-7.62002615719454","4.59619714334975","0.252916776825649","0.664731536243951","-2.65333341679833","-1.81741594694821","6.19098535019","-1.96847180367974","-9.75849113271222","0.751899930992262"
"Random_Index23_13_0425","-3.17963550118609","2.26786978110962","5.70155695004036","3.28605142947236","4.90401479645688","1.99885422188489","5.11486537661202","-12.9482460186758","-2.8806353090057","-0.376696695790383","-3.83002516340093","-1.26818640371684","-0.651900715436547","7.00150995429358","-1.62700482363766","3.13150418773144","6.37641364960365","-4.76210220770586","0.148310894088364","0.957967234477663","-4.24904746618488","7.00443634139549","-2.10787144645113","0.129891541292732","2.37779348206023","1.12007051492428","0.481824812112937","-3.83044915166584","-0.481895663372365","-1.08159063140011","-3.95231028354882","-3.16979115444193","-4.10426977329973","-3.02867602278797","3.0564294930679","1.67466784029253","-4.29298288920969","-3.20909648249573","7.10563855254274","0.000656307108175772","3.52739577322762","1.32401461992143","-1.32313638013261","-3.6185188782794","0.108634358672732","1.06900453117571","5.20738572554028","3.49838930737264","-1.88985023673809","-0.51918121084968","3.62548372233545","-1.40456617876173","-0.809234822933537","-4.53670776195404","-3.67325401183656","-7.27479788125713","-2.05377200982997","1.06452689434842","5.24079056750225","1.20898400807955","-3.23333005227724","6.00727754152937","-2.9727685003344","3.78517389685028","1.04884757090271","3.32159018395239","1.53628941963892","-5.94375939806312","-1.25114854502597","4.50602908019511","-0.107843299007213","6.69496933087271","3.25711294093139","-1.12525852626336","-6.77075088216554","-4.56546870477879","-9.03562307619783","-3.97934691992924","-0.532450693043084","-5.21214280230413","2.4984048623559","0.16684705071121","-3.1313891447477","0.923318477433028","3.83658170523972","-6.85068439441782","-9.21171692058994","-0.804397552827582","3.7398195971244","-5.48897283009231","-1.10527753524872","5.46985067082332","-4.93233781271577","-2.21461118372948","1.48005438882604","-8.52374444792502","1.70595451036445","-0.41117972122314","-2.29402305522843","3.43106311753414","-5.16869123094725","2.95194627824879","2.98176593085702","0.731881666539412","-0.717953347072404","-7.60506577537113","4.80878509751031","0.169344929373825","0.839699188466223","-2.81257003883977","-1.57492943458187","6.34718432540856","-2.03983132258855","-9.76764283804703","0.799184600402784"
"Random_Index23_13_0426","-3.06831171141441","2.15535819638658","5.5814196629605","3.23055664241502","4.8052206202318","2.01451239296278","5.08971239621245","-12.8541365807549","-2.83531978993516","-0.30057093241261","-3.72162582229581","-1.17912730559174","-0.707899254538399","6.84041590824409","-1.44774605638823","3.0415714543552","6.20479822797754","-4.61800440649251","0.211738441207778","0.856501985511116","-4.36151620694159","6.81202620807536","-2.13394263574022","-0.0217397429960754","2.3990174445167","1.12819509802541","0.261253362439572","-3.78638944735911","-0.586852309191417","-1.05742257182046","-3.89162167472963","-3.12488645531282","-4.13817188591754","-2.97260513939535","3.01039814754693","1.64217074142406","-4.15194737126251","-3.01001725211124","6.93321750081904","-0.0146019334200014","3.37565159964005","1.3436466139596","-1.34251655177063","-3.5363902367038","0.178788530122667","0.921412297632824","5.04642248665562","3.30874607939517","-1.95170219755643","-0.475030387393392","3.55328199593061","-1.34416791306483","-0.782277653987306","-4.45092914436273","-3.6203361369096","-7.13468784848767","-2.11161319258804","1.07765746095193","5.11031372910286","1.14994303334504","-3.05118588822487","5.82333644056705","-2.74299902122073","3.72688118973923","1.06570181612251","3.25732219753691","1.51852112528553","-5.72483107611304","-1.01266163711369","4.36272077379748","-0.174345385949023","6.5482442688072","3.18835595116429","-1.19794783665631","-6.71660481275907","-4.45024355024054","-8.85282509726597","-3.95009107764228","-0.424554844625575","-5.04867955668922","2.52844906101613","0.103531356894973","-3.02150391639366","0.865945865486861","3.78908097252386","-6.59098132726782","-9.15752859189947","-0.772163080649785","3.48584583670487","-5.58198775822967","-0.950212762017735","5.25683655821261","-4.90195976079685","-2.23844237234029","1.37219072125974","-8.40616425352559","1.611081612891","-0.406224005058947","-2.34448776001509","3.37844532093213","-4.99147622003917","2.91336898797859","2.97600179250268","0.697339942732916","-0.773107237637691","-7.4995441493775","4.76394935312385","0.211752913500375","0.854534621964824","-2.80652203774683","-1.56626716596816","6.33635869975204","-2.02428181644337","-9.56420906916078","0.880641750248338"
"Random_Index23_13_0427","-3.04292532004315","2.13404307532031","5.60209979753898","3.08678135151278","4.87685433876664","2.15516054197296","5.24122374157048","-12.9905840735484","-2.6791498059248","-0.275156861379674","-3.72991098107562","-1.23358682682911","-0.521713391390653","6.76108540658595","-1.42191614433092","2.94637786979884","6.24829086617372","-4.69664723646529","0.2385766519539","0.709545970619138","-4.39745947450852","6.71988994599941","-2.09918016249248","-0.0990814142043063","2.39175381987152","1.07145201740259","0.154910921123762","-3.80547969437145","-0.586161550637888","-0.9812754581336","-3.81779357182697","-3.20800437685719","-4.20059724953961","-3.00907542280207","3.10992337378326","1.68256500276389","-4.12939812024066","-3.10335931144397","6.8552730188442","0.0423168761092507","3.27729099674093","1.39502841974491","-1.33572570007023","-3.5343295002872","0.0942739969115719","0.949335272849755","5.08817947799321","3.28186447874135","-1.78545025613813","-0.590071512295592","3.49988886118832","-1.31173904739292","-0.751860791530367","-4.56864650583774","-3.60098798277459","-7.07998866041315","-2.16147595117069","1.12243484953582","5.02859316323556","1.13686577219206","-3.10666432042014","5.8678371564682","-2.81990090500751","3.65469530826297","0.975992216390902","3.36623057761329","1.64785947058027","-5.78131074478123","-1.08956686988182","4.27859055961123","-0.184035082370154","6.52151722731571","3.2067115602675","-1.11020530664209","-6.74966217051806","-4.42623329050104","-9.02024033286248","-3.90459682302703","-0.311655501057286","-5.13515439188196","2.40864441210227","0.156164592500777","-3.00590714429563","0.783285673015251","3.63957750922426","-6.68144698579376","-9.14758004426056","-0.7758206159936","3.46572992746272","-5.68244540112031","-1.145569688558","5.27625215972277","-4.96716871928978","-2.2815918110435","1.25654059313435","-8.54297346495035","1.5894376125823","-0.322164199774335","-2.42197271897767","3.414962989199","-5.02303766836673","2.93977160379475","2.77381057906753","0.774497982892097","-0.681465952228696","-7.53032919525188","4.70895101995023","0.294607292061298","0.886739179062359","-2.79844604792317","-1.6812324049429","6.30408463635145","-1.90385325382976","-9.67244652208991","0.8885228700895"
"Random_Index23_13_0428","-3.18846876075041","2.2003584294789","5.5940576225799","3.142898215099","4.81679656985647","2.10168456303034","5.22939900953499","-12.8774261159706","-2.79013956301361","-0.325055830428536","-3.77697743468884","-1.31830090852935","-0.642273631595253","6.88221422652907","-1.45496926672654","3.03579480797645","6.28617163767913","-4.84423643660616","0.201832853783744","0.831146170455657","-4.34619412587501","6.91005611566919","-2.11582177924945","0.0129689298549024","2.36562042527181","1.12425385497782","0.381297368030516","-3.87876057100765","-0.635183427644697","-1.01446490924654","-3.9137297421259","-3.18058438763699","-4.14058562010074","-2.9634030478295","3.14611379366798","1.61341199798432","-4.16680093342167","-3.09096012217967","6.91664602848009","0.0584276921508101","3.33533281865384","1.34724589467472","-1.34661174996132","-3.60766324660545","0.0905940240976026","0.915963062484851","5.06425987831741","3.31585440818543","-1.90362530112356","-0.566462818829263","3.51666169628046","-1.34879950548973","-0.798049650880593","-4.57606857126811","-3.62617701071189","-7.15477363535061","-2.21585330393375","1.14657229112979","5.16218969009832","1.07885084532418","-3.10149278589499","5.90010613504923","-2.8905721279306","3.71105000575345","0.984093373150468","3.36916499128912","1.60647413335871","-5.79604542657335","-1.10438405771827","4.38782265979178","-0.236688693904087","6.6315014566592","3.22446321448495","-1.06147284073825","-6.86066000292098","-4.48796895765863","-9.00710555346494","-3.94957896971311","-0.405368579235351","-5.13706136794705","2.42211614655607","0.0951441379698045","-3.06233256416554","0.842342264653094","3.7601105270973","-6.66302087772048","-9.20544207371733","-0.811211969636655","3.52095911261947","-5.58708319203835","-1.08899421782307","5.31357488381474","-4.95620356176451","-2.35915013147615","1.353013971491","-8.39571008334175","1.66512026772267","-0.334536674577653","-2.35517638555158","3.47156335136138","-5.06476192773326","2.94357264283301","2.91005646512067","0.741597945691362","-0.754347521750639","-7.59179810685886","4.75747011554604","0.210583739325128","0.854635033140057","-2.83298185001959","-1.59941651284123","6.2797857398512","-1.92368932527841","-9.64113122764527","0.840155737233805"
"Random_Index23_13_0429","-3.09324739105951","2.08972201837398","5.51245380639227","3.07574945246277","4.76531175393049","2.12332890036976","5.13892094397462","-13.0581668024691","-2.94103355246908","-0.244025190272854","-3.80128669113693","-1.13789813985906","-0.674559618069553","6.93345412932666","-1.39547978736388","3.14024226835538","6.26160543286481","-4.59643300096809","0.279557317232885","0.846303235272736","-4.43907664374438","6.87987823643839","-2.03749307871792","-0.0438231577537281","2.19682748906102","1.18273599322435","0.330046368893616","-3.8305487441085","-0.561915934808111","-1.01019168847882","-3.94762678376944","-3.05477183570757","-4.13268741328788","-3.13185959417079","3.01829126530449","1.83453738792611","-4.40345060733041","-3.24001667461793","6.99166506210681","0.133234487627067","3.24665441519376","1.44412934454951","-1.195951452355","-3.53133621049177","0.0625574287139698","0.806372690359445","5.02573181391854","3.2396658813229","-1.91511408540504","-0.702838105577188","3.47825675519194","-1.35866777397957","-0.743010045576013","-4.52511535518315","-3.61454198555082","-7.3194231903139","-2.16160765650475","0.953679819501989","5.12877280713351","1.02137529698638","-3.14810972441216","5.72573699868551","-2.88754552547663","3.63118221404369","1.19069337929269","3.26169074587564","1.57276316269423","-5.86957141291172","-1.00708106251225","4.3817521893787","-0.168612632656293","6.59254669860398","3.10317177120173","-1.02924258471324","-6.88828900657719","-4.53091941353664","-9.08864624454545","-4.13095614563405","-0.426600676614955","-5.32540200276827","2.39678936073615","0.240228414560527","-3.10817813678563","0.805283459979169","3.73041609263962","-6.70570045137088","-9.2146393653724","-0.709965700302425","3.40333836927359","-5.58473809330138","-1.2049880150562","5.30292496269689","-5.12049314746967","-2.33335931019805","1.32422283656725","-8.4698204911748","1.57616525607512","-0.393639477797664","-2.40488874138504","3.35423744869405","-5.07854038615363","2.89278707733144","2.79913030255155","0.785047086292357","-0.673216105646011","-7.71445960566762","4.65860838412605","0.294805416649408","0.730187953896313","-2.71943235741338","-1.74613994182771","6.22867356901062","-2.04413172839927","-9.60013260496543","0.940320105837828"
"Random_Index23_13_0430","-3.21230502085109","2.14532659953846","5.58744241153001","3.10173675656213","4.81689881723884","2.09342683037993","5.13947180874584","-12.8480914271437","-2.83033215443395","-0.221415459215441","-3.75839021776866","-1.08619542162086","-0.591937914422706","6.90131465118823","-1.40346007740463","3.02671673749569","6.19669136229208","-4.68619669706858","0.310296516840027","0.881763644308009","-4.23084137079486","6.85567353854349","-2.05415925728215","0.15571855598051","2.22729079020822","1.15719531677354","0.39438698125171","-3.74029563173323","-0.601978958009717","-0.97767791595215","-3.855999951273","-3.04959122170202","-4.06186488469122","-2.90969109663528","3.0827728780906","1.73744819192444","-4.28091600055785","-3.17853920402404","6.94272082925487","0.121927749816222","3.23667225055883","1.41538657938523","-1.2246766556741","-3.62598896909116","0.0262095157672968","0.955310571045816","5.07296703318775","3.20145346326207","-1.91890683097926","-0.665401877959348","3.55805621496164","-1.31066091508063","-0.664407266206899","-4.47973112670373","-3.53095283014639","-7.24031997829705","-2.13928434687555","1.08438354524371","5.16869012078962","1.22452291138548","-3.10735869718114","5.82447352854258","-2.89945418565017","3.64962932367149","1.10680061804957","3.30834726663336","1.70352394445786","-5.77752370577875","-1.05626699157024","4.38126676047535","-0.125771735015205","6.56118568029909","3.17852362729782","-1.08948260964714","-6.90104537674223","-4.41838985708072","-9.02158999798429","-4.01705536900848","-0.467006641927037","-5.20279185647128","2.29628311533943","0.171103054989832","-3.10141578540776","0.796335698832914","3.65851142520287","-6.7117148127109","-9.19245293963193","-0.638442808094229","3.4973600779482","-5.61553234031108","-1.27630183432331","5.39755994292898","-4.88125403427088","-2.44060445337007","1.35175909608563","-8.42668587398045","1.65724423435639","-0.366195811708102","-2.29849655225157","3.43054472850725","-5.02218412136652","2.85571109547444","2.79145597716555","0.807625597425933","-0.684625558948783","-7.51888717254989","4.67979603407463","0.246258259784871","0.80804122718127","-2.78983390194332","-1.55467879497313","6.1914458510906","-1.99428963265555","-9.64323036349244","0.731477790763242"
"Random_Index23_13_0431","-3.06106463513683","2.16513322392163","5.58922554189658","3.1472063184281","4.80858992399895","2.03972084827422","5.1894366884478","-12.9149122460339","-2.85655744574832","-0.302038415436234","-3.70861340624328","-1.18787252323167","-0.62736019655463","6.87414748773637","-1.41889340908423","3.10812294388695","6.27571314929593","-4.69642094711526","0.341705916433502","0.940881849086453","-4.36589423711396","6.87064694893971","-2.01750835116384","0.0825335003264966","2.35607129480163","1.08661125937163","0.446014656551987","-3.75062508539064","-0.575881238765484","-1.04777823480484","-3.9367841109429","-3.12995530240733","-4.10238781172421","-2.99018778755649","3.06664462058716","1.71385896213723","-4.23787595336329","-3.1221047532433","6.99243703984055","0.137974777600153","3.32776640691178","1.40450228226325","-1.1896997340464","-3.57950666195074","0.156438517671308","1.0278961948021","5.03907726388893","3.30527171113753","-1.8692609478399","-0.605740965261917","3.48843662905316","-1.34069757530466","-0.834117166827057","-4.40759133240431","-3.55670915242719","-7.15808190734017","-2.17568805711695","1.07635692195006","5.07988536986539","0.954345810022373","-3.26539573923736","5.82394256749185","-2.90272947462627","3.70208343552876","1.07060853278204","3.34707640735695","1.60131404521392","-5.79861909617539","-1.0864038803448","4.40699002579587","-0.0804765288845091","6.55102778928712","3.18476706567533","-1.07937224824547","-6.80539695071168","-4.46446162657445","-8.94069763584304","-4.07493272875121","-0.414238659536128","-5.17863918573992","2.41532520512549","0.212879674363846","-3.04045244722492","0.930491620369081","3.75213757668449","-6.72301643858887","-9.12657496097136","-0.771088081077899","3.48784160013661","-5.54378312285352","-1.10419145084711","5.34389259143172","-4.92380178527331","-2.21205497803049","1.45037551427727","-8.38900610361711","1.69540179032588","-0.431358701180479","-2.28726920241755","3.40745682422639","-5.11169710424428","2.94137672221513","2.89893360898679","0.77561602517209","-0.670568723084926","-7.59127299078068","4.71144180668375","0.281966316154923","0.776582873064923","-2.76004142158114","-1.6176755407739","6.24879498308447","-2.05210747351236","-9.59999338180229","0.846812545771544"
"Random_Index23_13_0432","-3.3082433068905","2.20883334228993","5.65065003119824","3.2822301821703","4.78468260650845","2.05799705233669","5.11672379278522","-12.9661108278648","-2.82701446592171","-0.34282096284724","-3.74672306612643","-1.27664705986637","-0.635105942917986","6.90347520280092","-1.39350028090979","2.88545894869976","6.4029990368118","-4.65920648992726","0.175189577447562","0.717089732603165","-4.41333507437492","6.86314907169815","-2.11464745433467","-0.0320458367448918","2.42462326284613","0.851370670173274","0.187903350437433","-3.88274195862297","-0.700487779876141","-1.09595498445214","-3.84253520151003","-3.2771534574081","-4.2626519101389","-3.11992680470144","3.18348685049907","1.48808666510023","-4.14177628034589","-3.01721411335051","6.96797551963526","-0.0954611304749479","3.42431352887631","1.2945041597066","-1.4918974364894","-3.58556080679782","0.222403402980291","1.06160440522171","5.14769147757355","3.47866791882145","-2.00453396879307","-0.393920783563357","3.50828511163532","-1.40089827951563","-0.848336061946681","-4.572911474553","-3.8505081485799","-7.1064914667167","-2.09550171742181","1.23511224766897","5.27071376752299","1.02342947997245","-3.17023194353972","5.96869110262587","-2.78053814400468","3.76497586808148","0.893148448600909","3.44167673073601","1.43840604490119","-5.95677915519339","-1.13434161083846","4.3925739696375","-0.33241850858626","6.68285564659456","3.37514280195245","-1.10186859342878","-6.6747966420786","-4.57892925725472","-8.94986752836122","-3.84634129673658","-0.480740285032804","-5.2030140190737","2.67184406627649","0.161301639705005","-2.97057511856193","0.904296533755187","3.79846459060293","-6.62290622842747","-9.24161604211611","-0.968331135839899","3.65172689837914","-5.73413348788348","-0.871149759845363","5.23190658444075","-4.88375801049161","-2.28488701673821","1.29011125789321","-8.52560053516822","1.52100708771851","-0.431670422606883","-2.37837911695416","3.49216497274832","-4.93889445415549","2.98014997256404","3.00512721421907","0.661605464145528","-0.966362111388854","-7.51136335672365","4.91945894964217","0.211911481838318","0.836455273548054","-2.97017010150793","-1.52931582407737","6.51731395175733","-2.07025501333625","-9.62521558273131","0.927797696617558"
"Random_Index23_13_0433","-3.22397449552257","2.23531172592532","5.6596363136437","3.22842797236104","4.89771129014985","2.02982272001316","5.19706901922751","-12.7987169334311","-2.9246592907633","-0.463954943552213","-3.78728475452062","-1.30865968603428","-0.756382394754326","7.08712450120114","-1.53914447526252","3.14902851987382","6.47511140312873","-4.7463787868278","0.118295602144266","0.963526313645911","-4.39266160892228","7.01389531293466","-2.05744525330526","0.184365692602024","2.33090420862718","1.06710068685128","0.421041810329142","-3.79405078944132","-0.532746832356914","-1.07310586859368","-3.88665972590372","-3.13432985236661","-4.09205213760302","-2.97507054390649","3.31187792792436","1.60031119288008","-4.25850156090525","-3.16666589008593","7.15010607061268","-0.0318710148739087","3.38777449708818","1.37738359331908","-1.23129838710231","-3.64908677913566","0.139129798533676","1.08083207578268","5.26828848103225","3.45090048497001","-1.90974601419208","-0.525152174763024","3.61482204389729","-1.40825406052276","-0.763544664596647","-4.48440793906033","-3.52258428136369","-7.30855127807441","-2.03202465109457","1.29621245132832","5.18345004540487","1.22701661721223","-3.26064583299038","5.93356917029841","-2.87360541988398","3.71203060774559","1.01660343887513","3.48751018080732","1.5259363685355","-5.88559560726024","-1.1476387902772","4.50085075711566","-0.133348375735304","6.74996332146208","3.28265476546053","-1.17860437408651","-6.97977403868347","-4.66492756136393","-8.9582889296326","-4.0108846433602","-0.478714517202983","-5.13983354570501","2.54189540491514","0.185698016218462","-3.03226205022467","0.917305224203203","3.81176721835019","-6.86618172307506","-9.40676221657214","-0.880011698230585","3.59955759362335","-5.45501231829649","-1.17984149728998","5.51265887588912","-4.94592644780062","-2.26612280967477","1.47230035088977","-8.51755842557168","1.76102499562527","-0.465255982020152","-2.32514146185927","3.6907284305438","-5.16838970770146","3.09752595551903","2.97545016820035","0.670928742805243","-0.759291263093957","-7.63014728719157","4.7772548311541","0.277281393130025","0.766941905154057","-2.75990114053081","-1.50203365132051","6.32600184241451","-2.03744551494535","-9.74017457213477","0.846491714753288"
"Random_Index23_13_0434","-3.05473007032922","2.05955696061758","5.50906607772692","3.06901161779336","4.73029292635137","2.2023344482551","5.07237918687394","-12.9818273755238","-2.75046427881804","-0.184559068771985","-3.61984511371705","-1.05617174199689","-0.528378525482095","6.80159202183441","-1.25410968006987","3.05904235325687","6.31587693407702","-4.70381525936887","0.355866945139927","0.788086241724674","-4.3571599000162","6.6997462439342","-1.94684239978463","-0.0766688566453529","2.32909087758654","1.19575209046392","0.280751721562259","-3.68030798048379","-0.655093604374395","-0.870624800534554","-3.75581873465852","-2.97737407976317","-4.06060280395126","-3.10121752626304","3.31504578465766","1.73203507074126","-4.22085729299045","-3.13051287434399","6.81990797056845","0.117565871751486","3.25256726137163","1.53822132888831","-1.40131792743495","-3.50773611157666","0.000628510421856784","0.954422417922147","5.03238887523181","3.18465465551561","-1.85754914200124","-0.641511689702419","3.4204324808409","-1.21359021529835","-0.570973607774498","-4.5143419173037","-3.57342022986426","-7.03321307713978","-2.14507921772096","1.31430975182378","4.99314813093937","1.06692976208559","-3.0478635998621","5.7843607043848","-2.69073273196074","3.60278656886222","1.242905305234","3.4493933051165","1.65940143636107","-5.76483686091329","-0.991943850953324","4.30636201059175","-0.148432220460646","6.4693485127942","3.18235340113408","-1.16641085726669","-6.76934026211993","-4.36354948783415","-9.03551401718295","-4.05811353463996","-0.291512293813432","-5.14045268541621","2.38792735577266","0.179486599907725","-2.95189821641048","0.66786778060922","3.6281454505561","-6.55935286892363","-9.09601856975558","-0.660407495662112","3.34079214359698","-5.64470300496417","-1.16239557565637","5.25077327077776","-4.96662704354142","-2.32408667397955","1.29397026467999","-8.46141780225555","1.62440850351622","-0.205811009982875","-2.45166078729719","3.64080984742397","-4.91402410978539","3.03099868029831","2.79547271216254","0.922153289446498","-0.76147104829878","-7.55556426638473","4.55333051750737","0.369157975083771","0.63278533448062","-2.65272230657491","-1.70346583611409","6.18983491071771","-1.95282823326449","-9.54417272915753","0.920322661389931"
"Random_Index23_13_0435","-3.10491489044721","2.12568021999953","5.46603140288403","3.09361907937577","4.87792906813104","2.02513922918486","5.14286755248147","-12.8461604452261","-2.93023403694612","-0.295179370008843","-3.68606054646459","-1.09216748965888","-0.538142009594593","6.85185625899322","-1.44838123910576","3.1942820734776","6.26482169595","-4.63732801069774","0.300285368015717","0.989427621191516","-4.37313913399978","6.84865495653797","-1.97868975381655","0.192953550032418","2.23661883763364","1.21052939762966","0.38834672105162","-3.74835992406508","-0.481030665816668","-0.913798558659123","-3.94228263810173","-3.03472306434555","-3.95036779359873","-3.00519475154124","3.04405348564832","1.78258792229365","-4.30379584460167","-3.28558231066022","6.95860626869238","0.0605558919016625","3.28526340553697","1.41092268503583","-1.22792676150091","-3.59789060660362","-0.00259286926994203","0.836322296261916","5.09653896464921","3.27262953131529","-2.01992398963301","-0.640238146342847","3.51716958980845","-1.2455600363292","-0.707309904289274","-4.33451618271518","-3.47347614747539","-7.13993304283667","-2.06013044395315","1.02248728635194","5.07307849166563","1.11433731530093","-3.15859273054844","5.79459311412596","-2.85966554818723","3.68834846884652","1.13753412244562","3.29116095676591","1.70812310938432","-5.76912641545743","-1.00884114747503","4.39295377993682","0.0203322401104915","6.53370587185555","3.28071426080701","-1.08030252421972","-6.9964191526256","-4.65265811251049","-8.96772664310062","-3.95049500277203","-0.418350009398738","-5.29117695371943","2.31373495888609","0.17898570290289","-3.0447431686707","0.806616349526731","3.68338035378674","-6.70042736940056","-9.10431226083994","-0.692729922393076","3.45236531756172","-5.69356215904028","-1.21040398693641","5.42979992633877","-5.02623070989552","-2.33581425252951","1.54324592002244","-8.53792234963366","1.81552509511417","-0.430055653092006","-2.15449794340869","3.44814960712998","-5.09337148954412","2.8096272585227","2.83841540092793","0.728630313089219","-0.764583008165387","-7.63684460986594","4.60271059201814","0.235382419066371","0.800467907057965","-2.60603904438901","-1.700097217646","6.18676340777023","-1.99441822299652","-9.62227395075862","0.777396491981708"
"Random_Index23_13_0436","-3.24854997253049","2.21986037042791","5.65824267220944","3.11749338742263","5.03614129250725","1.94174853815546","5.13587140177907","-12.84004590641","-2.89646801058869","-0.316143480563002","-3.70991827542209","-1.08349975994925","-0.497837213543513","7.08656875318807","-1.43197814361763","3.15246447141586","6.4053120518617","-4.92197322444263","0.305693205237676","0.880031231081074","-4.26412869892938","7.05973942083934","-2.0617628670024","0.118707447903317","2.20677994498178","1.28482833915802","0.347368529321594","-3.87421968844307","-0.491431125107183","-1.06613657305013","-4.01517118211808","-3.05386273922282","-3.97537269662073","-3.03714307458295","3.13499073286","1.68878602710184","-4.27704797489196","-3.27012299256074","7.00615654888226","-0.10228245287154","3.47481547299657","1.33383373892482","-1.42652250023317","-3.62046854098911","0.0537084488878751","0.838347656349648","5.20621809323089","3.18914090055404","-2.10886337270434","-0.567232354703411","3.68505092190116","-1.28444035254398","-0.626224943415643","-4.6455157899114","-3.60044286296187","-7.190802874363","-2.27725258596559","1.10997028368712","5.22616536186792","1.12644912001128","-3.32631614052568","5.97568852512318","-2.96736072182805","3.90493169478877","1.10603484864606","3.42991266005561","1.68061917648062","-5.86369639718193","-1.14082906522441","4.38749025098789","-0.131573404161826","6.66992249396599","3.19991651148811","-1.31613331392708","-6.87608366106941","-4.47998016153319","-9.14813811070848","-3.96418271449947","-0.601636674163075","-5.17910671851687","2.49802083060442","0.27390616426568","-3.19480806705929","0.64415002310203","3.89993507995152","-6.82373257213306","-9.16544062332765","-0.837414172503982","3.56134456732386","-5.86198884946619","-1.10036739800864","5.38167891877626","-4.99644976796633","-2.3363490490015","1.44226230034988","-8.75106035947471","1.75018822546627","-0.48671234634703","-2.27946992060843","3.49361042837994","-5.11589444444459","2.90186668118971","2.97495104483779","0.671322833277594","-0.920769568103431","-7.55343740409286","4.6800629943455","0.105643439001181","0.815485496772913","-2.93576020709496","-1.71732114604185","6.39803992281019","-1.95090255715978","-9.72939595396001","0.756079901640855"
"Random_Index23_13_0437","-3.00529295785818","2.16580542236037","5.63828428211287","3.17572454642827","4.79430164270814","2.07610377682821","5.19097693252445","-12.9989020153896","-2.72536461394158","-0.523984143747658","-3.81405227723543","-1.28281689701527","-0.712595630015042","6.87272980859578","-1.5010158068126","2.94466748482055","6.23846899482932","-4.50574611308445","0.213391695182235","0.763352000323064","-4.27389685163873","6.88766081849599","-2.11556816058711","-0.0104102907544693","2.48703209589962","1.0677095914338","0.229287155928886","-3.84175734324252","-0.644219030444973","-1.08707771234196","-3.87555137848839","-3.27992282103824","-4.1684029315087","-2.99791100656334","2.92735924437829","1.79110689239624","-4.18680298682782","-3.05638972368289","7.002700547606","0.0744885613576565","3.27111316810766","1.28408883149559","-1.23773428212891","-3.4282037157678","0.0725264048553445","0.921933416832829","5.03598804574533","3.30687557664849","-1.81458993641911","-0.496312595612829","3.48114304726148","-1.41583643152858","-0.828855123990714","-4.50316296077518","-3.65943873293458","-7.10664537345158","-2.21523891199637","0.961527444037168","5.15530757101305","1.09947618361325","-3.05496414711202","5.83270233894158","-2.76027897603699","3.70612572747135","0.942716779909336","3.21350984291272","1.44753063893729","-5.73930400836542","-0.967724238201788","4.39814933444308","-0.456568892119719","6.59440967758423","3.18162362509154","-1.03286469196433","-6.81606123454948","-4.50587501093362","-8.99685069379593","-3.97432482982479","-0.411389963738714","-5.15531296650724","2.41155599017901","0.0885937833060314","-3.06549000052216","0.849431461989345","3.59262216253053","-6.60311161129802","-9.31410728938449","-0.8227503539807","3.48954774675737","-5.671341295536","-1.12567460514074","5.28597209157281","-5.06114010245251","-2.22802518075881","1.14311662246881","-8.44524226401862","1.49400772605692","-0.396087047883803","-2.40582843768108","3.304955767251","-5.1264091605336","2.74650495313228","2.86055367801546","0.697375801718383","-0.685032963584834","-7.45027931589315","4.67529019080173","0.236860078625745","0.80815668287968","-2.74397194035819","-1.5926131773275","6.24989909985207","-1.8220187667315","-9.57205911239633","0.723566202252292"
"Random_Index23_13_0438","-3.19634612157837","2.25539446231649","5.77641586124485","3.30260220871297","4.97026941945491","2.09808981149539","5.20477487880576","-13.1165776118257","-2.88031193549026","-0.384921775436035","-3.80182046713567","-1.27847470541492","-0.682927067090319","7.042281754919","-1.55846078728797","3.1187090308143","6.42396987214791","-4.70351966156955","0.16916941775515","0.935659275900784","-4.41749162203385","7.02247940708953","-2.11102870703854","0.129646194332572","2.3379764507105","1.08189964076915","0.439835890589417","-3.83764311637847","-0.521562636221533","-1.04806031427527","-3.88335307809626","-3.19701724725824","-4.03695756798769","-2.9396340888801","3.07001135476751","1.66656784639812","-4.30305833416229","-3.17723090886747","7.09433746606203","0.118614131777688","3.49756811097902","1.348418172227","-1.27828107372378","-3.60653236879389","0.225285562791322","1.13432141233242","5.21872575109176","3.4186562161806","-1.91131640627876","-0.491783483812082","3.53728274468879","-1.46358947463942","-0.821472688127722","-4.65102356429902","-3.67216848057691","-7.36902271814317","-2.1534385863651","1.106331159816","5.25901098739336","1.15334331240046","-3.16716831319517","5.9900036831268","-2.85952687940467","3.82422210384726","1.08947525960417","3.37904062221498","1.51466868903739","-5.91700138585465","-0.994422030445986","4.56318903974994","-0.173927280575984","6.71114594324376","3.36687590208691","-0.999777178621985","-6.82865580205941","-4.66536959133217","-9.00797298459259","-3.93590509180858","-0.495058082738849","-5.33860455892645","2.54307442935797","0.208161263293597","-3.07543502356506","0.911238610262369","3.8045579481114","-6.78865248323344","-9.31730774140981","-0.806300704295955","3.61151399571101","-5.51136252768536","-1.07337814554484","5.48962245496095","-4.94823789586806","-2.20606784745384","1.40529127170017","-8.59902837770988","1.71418671383324","-0.400699594643828","-2.31978603610905","3.45866024978237","-5.08791969303452","2.93149543963127","2.97702147645172","0.755238015758397","-0.716440289326639","-7.67610424024675","4.85316769086776","0.237298143529172","0.870443919286557","-2.80817355810481","-1.5521372768742","6.3550534206091","-2.05818890924505","-9.63897847975542","0.817868968820337"
"Random_Index23_13_0439","-3.2727687365235","2.21104182049842","5.57337017061019","3.19700579032692","4.85202847716833","2.02136504250442","5.14626776846182","-13.0871799212884","-2.90210248686716","-0.402846625739443","-3.85038078164887","-1.31766036022793","-0.691232033649012","6.86394982213596","-1.54396820974978","2.99979111659159","6.32374143468187","-4.71742150656435","0.193597278846804","0.874948369282568","-4.33397746694212","6.85929786478368","-2.11103875821898","0.0931393248190885","2.42598368342918","1.14413891767992","0.475610510758678","-3.86838865209604","-0.551065850312885","-1.14098763050012","-3.85795076107474","-3.17237280483487","-4.08755260267567","-2.95506851756986","3.11966297248561","1.65998630821364","-4.15152594431284","-3.03730245983769","6.97896557654626","0.0123544826176635","3.36370936177553","1.21056552926565","-1.39752332900818","-3.67189355136503","0.292634212523528","1.05992605158074","5.06468865944533","3.38899851387488","-1.88920465557247","-0.507384657635712","3.52904150104843","-1.52867402334091","-0.805610355851712","-4.52495331445367","-3.60408197453076","-7.13188154792766","-2.15469424669899","1.18753131882718","5.16825124031804","1.18194250637926","-3.13712347403952","5.94017602263508","-2.83316576753607","3.75178089439543","0.989504199807525","3.41870445665454","1.48406271652458","-5.80630057511086","-1.17523764149412","4.4408029359243","-0.157085836127467","6.6297902401569","3.28023673250879","-1.12459545255887","-6.6202719404736","-4.46486573989562","-8.89869873438677","-3.93332705850654","-0.519435423170742","-5.11940958572492","2.49263184325697","0.173879519418435","-2.99133719965796","0.794322353200059","3.77722589321252","-6.74615016325467","-9.18204999894702","-0.854641977208782","3.6360660609939","-5.64368644253005","-1.01323498547435","5.36460862343299","-4.88691447716746","-2.24326814170774","1.33230244219323","-8.36305771845677","1.70980054699473","-0.481716170347025","-2.17942165206846","3.44687843606306","-5.11979233986411","2.94435083594009","2.94288807779063","0.643223524904131","-0.808126302616211","-7.72872928003063","4.80852231415857","0.221373996390587","0.836035539203266","-2.87210875950279","-1.58313436481649","6.35499500606035","-2.06888416800009","-9.62285412717111","0.80627279012441"
"Random_Index23_13_0440","-3.16805329654094","2.09242979336433","5.50489875285216","3.05842479888081","4.73818587291914","2.15296716405958","5.17672281052841","-12.9558770029158","-2.64048914618311","-0.26078014365778","-3.70942937616576","-1.11986220023924","-0.580792773779696","6.77194704265447","-1.4012748005995","2.94990604309261","6.35477664524067","-4.63599381947473","0.289972878643661","0.699938956038924","-4.34524226028382","6.7447003715718","-2.03701381789127","-0.0252196738602225","2.37060535690166","1.32362195249083","0.277524413038124","-3.83050032526456","-0.675425250406641","-0.9678030350683","-3.75221434206833","-3.09934828157079","-4.04476300009712","-3.05050861439704","3.16782334696444","1.61845607947497","-4.09508224683139","-3.03343205906734","6.86238552508586","0.0711526163813743","3.22280777224821","1.36621835559218","-1.28641228454063","-3.51799842544105","0.00959661778355846","0.962496779815344","5.04675668600454","3.34747420004396","-1.88495753913639","-0.533791134361291","3.4343577101847","-1.32665872387188","-0.712587928908517","-4.69590645768726","-3.54236059151699","-7.21354415702992","-2.21778179441806","1.19233283280112","5.08895580005764","1.18043008338568","-3.06125848154532","5.81327816666297","-2.78690874963978","3.61665314513738","1.05910734224455","3.43572473724421","1.64586759482998","-5.71801632867692","-1.0991726548939","4.27956303421429","-0.223076228040111","6.54329432649165","3.19110405631593","-1.08665162642396","-6.83993725811326","-4.44806320423219","-9.05559381502201","-3.91575927587561","-0.271667101650834","-5.19881017857024","2.39759627343559","0.239198900408273","-2.97872752187166","0.702512796095269","3.60289222464773","-6.61535427081712","-9.15681728234433","-0.751965803103639","3.48835571284625","-5.58684993823963","-1.1912808872868","5.25285126692124","-4.93589851011551","-2.2888352336727","1.25273919794231","-8.34248473662021","1.56551139676483","-0.261061753781982","-2.28110333051396","3.45732039207559","-4.98520849309325","2.92585987128514","2.80020175531156","0.772310796944142","-0.690227770917619","-7.55532806632866","4.70803116777864","0.293449000236474","0.80262977156535","-2.77499890870017","-1.67819150464768","6.27796670635309","-1.97392785698982","-9.68276799843524","0.853343083949062"
"Random_Index23_13_0441","-3.26588636469153","2.14484792246371","5.53680040981515","3.10994087031273","4.76044567554761","2.10239226348677","5.19402002107868","-12.9169390580183","-2.84506055237201","-0.303929918555681","-3.77010270645832","-1.19148670951959","-0.626465644287649","6.84608639118877","-1.44711883473971","2.99192534145362","6.31923828567874","-4.67238888315162","0.223117383489264","0.794992681494652","-4.38896972938864","6.85865525462258","-2.04896746183171","0.0185918157428046","2.30171137096301","1.10902452043454","0.30330172460797","-3.82883287595616","-0.584409315004797","-1.01117534551239","-3.80911452391278","-3.11020093383614","-4.11686710751451","-3.03017507461273","3.26594833156569","1.52981660370862","-4.18477950530103","-3.0629742870166","6.96046046880894","0.0634556440170655","3.28670025622457","1.34422293184466","-1.30456219492907","-3.61006780186561","0.0419391290049502","1.06519847447475","5.1079098613293","3.2469093925289","-1.94656522590364","-0.546136358186373","3.42278636968536","-1.37188434537905","-0.745972932756456","-4.63771765110452","-3.56202931025478","-7.187495333108","-2.14182227682484","1.27832137773709","5.08374421823768","1.17930635526211","-3.13556501907717","5.83808549658059","-2.82150072217401","3.69913984011423","1.04210487762055","3.48392112834994","1.54489212477153","-5.81693911380485","-1.03919219034454","4.39891980580351","-0.177322839105269","6.64287031462282","3.24401910985612","-1.12923492698633","-6.90140658944653","-4.56350612918831","-8.9782846655685","-3.96244568624203","-0.372292608572069","-5.23510156600792","2.41700345955197","0.213988139489767","-3.02038342579669","0.791031946967038","3.71307529881029","-6.69617435518616","-9.22499914525064","-0.772788065480218","3.46470635940791","-5.64379176219337","-1.10745493827366","5.277043464125","-5.00263095826322","-2.36880788668133","1.36232237475277","-8.38318726696029","1.62002834570619","-0.385447594939756","-2.33055285849906","3.64249254668465","-5.05345603798261","2.9781356509031","2.87655360345731","0.777056345380273","-0.674835345383585","-7.59120206045138","4.75181283382366","0.267356847044472","0.783897896404312","-2.71079763018817","-1.56988051820164","6.27062383341208","-2.04056251776665","-9.64515124103499","0.857261115291808"
"Random_Index23_13_0442","-2.99939306474077","2.15145074260509","5.50962181180791","3.19539845388757","4.75501193544233","2.20557267711267","5.29201466043404","-12.907031685273","-2.82771399733567","-0.260794567908581","-3.6749849066754","-1.22176635158635","-0.548118247253059","6.80101125147717","-1.34307967497739","3.131825818936","6.2988271421181","-4.6308771744358","0.264492504983767","0.854172819377736","-4.46581975774716","6.7951231731747","-1.95283332490262","-0.013321857457497","2.28056722380354","1.07536844626328","0.283070967002693","-3.71850397140974","-0.574809927664844","-1.00069974997945","-3.82060347284893","-3.10144319290773","-4.16685181805725","-3.09493952873619","3.08971368998443","1.72771297778354","-4.24714227065618","-3.07508395373336","6.97425960569424","0.183408781102271","3.340956901506","1.43133482031385","-1.2438535280359","-3.46933627348845","0.0668393563879807","1.09691739721509","5.05077317594515","3.3194713033024","-1.86063258970746","-0.632987992322269","3.37929284695039","-1.34534499073873","-0.75789785710114","-4.46437820799008","-3.59379090545337","-7.22266057064057","-2.15291513298221","1.0844976836392","5.13608573317816","1.16757748428152","-3.13902236708512","5.81779036754374","-2.81913525878539","3.57668335579078","1.13619096029613","3.36343011390769","1.60056385355862","-5.89194113634726","-1.19925757539182","4.34331034879436","-0.138738171008956","6.54890330881258","3.24365407974312","-0.945206235800255","-6.72104978194054","-4.44429807083652","-8.97208765828754","-4.08485193194898","-0.335322679569258","-5.10906258960357","2.40110135475305","0.254777429763691","-2.91992310413198","0.866437996625488","3.64679546417069","-6.67395080798395","-9.21817394474705","-0.721802339002497","3.41217478506763","-5.62986117575097","-1.09703741174676","5.32670729169871","-5.00231804156568","-2.32689373959369","1.38166428884809","-8.37069105543088","1.59562734695507","-0.306469799585","-2.35488961108521","3.39792124524981","-4.979253920026","2.93289078848885","2.87180668243992","0.893453731324576","-0.67885787940257","-7.66410092963117","4.68735179965937","0.344735541488477","0.771718264107551","-2.73392820911725","-1.73883229406257","6.2652808543412","-2.01526984183026","-9.51330572254118","0.918359576533783"
"Random_Index23_13_0443","-3.35295207747593","2.23418381860088","5.67068509318292","3.29597615092991","4.91255654318195","2.04699540791227","5.11319837851927","-13.0879656532982","-2.97083110565183","-0.381417118117448","-3.90970121036393","-1.32607281991732","-0.703483335761325","7.00489151375863","-1.59489904572444","3.11265679493907","6.51300837227571","-4.84751033994976","0.137648330123341","0.894787127725415","-4.54945447631751","6.99603950306925","-2.0478105028928","-0.0055093920256835","2.35725613914025","1.16446330181756","0.298313949095456","-3.87722967566426","-0.504466719326039","-1.16021692390742","-3.97765645245636","-3.15153843530892","-4.11405914067058","-3.22867393264683","3.21996728351157","1.62221273774238","-4.26194547000396","-2.96809779657082","7.25670913055543","0.0210625557943757","3.36441275851805","1.30260451857834","-1.22034590268068","-3.62674941732815","0.22141545465879","1.36664315209278","5.15851958326614","3.57232511235861","-2.01896117306921","-0.557941651400969","3.61024141683152","-1.3656186477467","-0.779244038687014","-4.46737196953509","-3.77406991864918","-7.26577949211103","-2.02835469425692","1.24549230929025","5.19384075869198","1.09398845869136","-3.14459492801072","6.02474230531079","-2.92292531618299","3.76978742010562","1.04478337827191","3.57436102998884","1.44154070485223","-5.85018982590111","-1.0024636887188","4.4671677930652","0.0453150378427396","6.72026835650919","3.34478355491181","-1.04619618040698","-6.82349963155868","-4.73942202788468","-8.93836731055646","-4.12742407544117","-0.528843052195625","-5.20439575936715","2.55173837419846","0.1920864938909","-3.06712720431064","0.911237314644432","3.74417241217391","-6.86623460847334","-9.48813606329088","-0.879435516363508","3.53829126520131","-5.63291396839431","-1.08638358112114","5.37172319138893","-5.07246570218688","-2.18181606399591","1.40794355335633","-8.54717993168551","1.60210103597907","-0.533295831910154","-2.25572203799631","3.56168005447566","-5.11148546100157","3.03903987214892","2.95328409484616","0.800622019080407","-0.675837853577385","-7.82868885453042","4.80898988177887","0.257430627335332","0.721260210063434","-2.78914329833557","-1.67888915557949","6.50274556579379","-2.20409879593282","-9.6848680090438","0.829693780296511"
"Random_Index23_13_0444","-3.21083544988492","2.25492300156201","5.55569763535338","3.23427947353506","4.82000551263953","2.08025321661199","5.26762325876746","-12.9513658438179","-2.92585467852369","-0.33650096150637","-3.83943589530488","-1.28149045858994","-0.707960880334841","7.01532267174413","-1.50503199080198","3.08546760992057","6.42366097386936","-4.67631632703452","0.19023605632382","0.901226625142223","-4.32456476971576","6.88543555329287","-2.08147324425793","0.0347231311591108","2.34288248194813","1.05941901584626","0.352429498249814","-3.83564242472678","-0.578000823072204","-1.06129182046574","-3.91051522360634","-3.18406622186234","-4.14231467979063","-2.97177238625453","3.15887590555717","1.59266456065343","-4.22241750500434","-2.96217312852604","7.09907362824572","0.0867157112661824","3.36309249258592","1.39038648291354","-1.28441677466389","-3.70637412224166","0.174150943904734","1.09774415256025","5.04620235654679","3.39129985960643","-1.85858806229469","-0.602074362740995","3.55850845258242","-1.43744253920352","-0.800364764194165","-4.41618373530458","-3.59043754834722","-7.30759119617915","-2.12184386786973","1.12186834889824","5.15154594375204","1.21829354289221","-3.27371319466107","5.95373888363509","-2.945139228043","3.69381020453732","1.04914802153201","3.46916019070342","1.54540929382351","-5.9085334394647","-1.07829390615801","4.39474566959219","-0.176793749377587","6.662177424711","3.21470222480473","-1.12629541324867","-6.82244307177961","-4.57868054639712","-9.11747166874237","-4.09740244485616","-0.552662574662816","-5.18203217504072","2.48780970718636","0.192866027235761","-3.09180007539882","0.862500427590171","3.86464185644928","-6.77567702575086","-9.31059263362549","-0.847980341618473","3.50895485428218","-5.55176023874737","-1.1586037519245","5.46987529301675","-4.86525018685317","-2.20728548310653","1.43816843779523","-8.48643034195612","1.65625226137664","-0.423282301011577","-2.23498076985602","3.48015876334843","-5.02808731334474","3.01707137568577","2.95710359136322","0.757447121058456","-0.743353905363375","-7.68220252398525","4.76656164046694","0.243474149472618","0.802546005101626","-2.8398521357147","-1.61659825763229","6.36391647502875","-2.19229738969973","-9.64630466709186","0.885802144561226"
"Random_Index23_13_0445","-3.15140577383139","2.1467980275262","5.69285447013949","3.27628151075435","4.82288565322386","1.92870078563304","5.08594700951803","-12.9217037761998","-2.9206458965764","-0.413309624739869","-3.89849764747502","-1.25254718493467","-0.755890810961767","6.95977965807236","-1.46973192725075","3.11375082836198","6.36582633059086","-4.71248571533058","0.0957746040833863","0.934347382272183","-4.33389326078276","6.91024738704973","-2.18561775072064","0.0959969500161118","2.35291976569463","1.07618864090218","0.502855002423568","-3.80776760551379","-0.470565288112792","-1.1363398403014","-3.98686710969744","-3.15152065761562","-4.07966973492668","-2.97726777413741","3.1112124877643","1.61620571312607","-4.25740977308566","-3.1012410647816","7.06773888199981","0.0279919281867088","3.30770710800042","1.3124060799719","-1.19400877002225","-3.63064811798871","0.176966597214079","0.960966782323071","5.14377249959254","3.32936259852915","-2.01995301921723","-0.546803707985895","3.52102943349464","-1.38927291041342","-0.878233716929534","-4.4575300770464","-3.55200977300874","-7.26372483019639","-1.92923823839948","1.11563880638748","5.11485368534561","1.13190306661873","-3.19118756399704","5.83788495499739","-2.94297454966211","3.73703764167133","1.00054728623108","3.3837503106151","1.52800777672746","-5.75718871982472","-1.09674346222284","4.52458247175188","-0.235410391497837","6.67043961617197","3.1753681919355","-1.09977399170802","-6.85053778734952","-4.58454268864282","-9.03303174853281","-4.14067178543462","-0.449002862665052","-5.19138882583953","2.42463079419576","0.111751170410129","-3.21743626066771","0.92205510678155","3.73895929978123","-6.86025409485918","-9.23497332992856","-0.768946499040597","3.55435637799685","-5.43322476249049","-1.13130056090519","5.3645453901813","-4.94470662618002","-2.08919974638564","1.5113762211201","-8.45673845450919","1.68913161748763","-0.4788269073122","-2.28575854412581","3.47089904489658","-5.17239722861563","2.98454112713217","2.89953395390056","0.708446526187142","-0.533576490075528","-7.53724439578625","4.72243922832755","0.146212826257553","0.783919735630765","-2.6648939783707","-1.60178987261802","6.30552356857132","-2.08899487876514","-9.64095763464323","0.768529784848759"
"Random_Index23_13_0446","-3.11859121570413","2.22622317244469","5.59014489452307","3.18313549046947","4.83928663105368","2.10526563006409","5.1852406055803","-12.9788560638995","-2.80637928952718","-0.305232077838709","-3.84934983955537","-1.21421301281432","-0.648869258640606","6.91333556553925","-1.53238537847355","2.95109149690333","6.29010796717015","-4.72451102328372","0.290880027374046","0.925195574018444","-4.36465036480052","6.85512575536041","-2.1724738433928","0.135929944406786","2.32102120262063","1.27563799595678","0.409047806687996","-3.80804511801932","-0.605392884136249","-1.02544273013986","-3.93307849692324","-3.14597502732831","-4.10897367472508","-3.00912487792507","3.12002167849832","1.76041735579967","-4.25461682154916","-3.01464547195782","7.06289086789938","0.0631869369353068","3.33072600710092","1.38463054318001","-1.28887148153035","-3.49204950493355","0.193853934375041","1.00542149749994","5.07437469213928","3.3196917678846","-1.7335048071861","-0.577034932884117","3.53155328716829","-1.37788827146134","-0.798523693825182","-4.40390608134274","-3.49788123074191","-7.20706427407284","-2.18223396553543","1.20530253723591","5.18410060332769","1.17745667090362","-3.16092156513674","5.88390784783131","-2.88490309721694","3.64031245063236","1.08157010450833","3.34880444600891","1.57022444474418","-5.81614437603066","-0.905379548307131","4.42619546564969","-0.21031691135798","6.61178676885469","3.23924228071048","-1.06141456020376","-6.76772135344766","-4.62443192526881","-9.26060112379514","-4.08333583716926","-0.466715210561608","-5.36855006145051","2.45104725208091","0.190161878704529","-3.07610048732779","0.826867050335548","3.70559493045468","-6.61430836154317","-9.18522704237711","-0.809363984805336","3.58520495984259","-5.53004935333494","-1.12918793006302","5.42822973514352","-4.97200908191105","-2.33822879805618","1.37447319974264","-8.48941160632841","1.68363334546476","-0.432526997130751","-2.25393354963251","3.51664425063502","-5.11575090805725","2.9293513590553","2.87900316493769","0.729090760738793","-0.736168484893664","-7.59159115654032","4.6976915434948","0.304263274992131","0.814209261842829","-2.78575735984008","-1.65367893915104","6.33353838235482","-2.04903931044621","-9.60038041273593","0.838633426713857"
"Random_Index23_13_0447","-3.42873799257306","2.2195676760201","5.62401126958298","3.25087939911287","4.86068948115147","2.07073713185154","5.08747771136104","-13.0856816071458","-2.92122372435526","-0.448614717828436","-3.85015624040684","-1.30399025631922","-0.778872779008273","6.90285340921247","-1.50772624602398","3.07093812684103","6.30581066025753","-4.67269680564578","0.04518787833258","0.862890427545782","-4.34862318911553","7.00446706278136","-2.13168494368593","0.071878557740865","2.40404144230985","0.936434788962599","0.223114798431592","-3.82936513699639","-0.689418428127943","-1.09274220565078","-3.88692982702976","-3.28237213424497","-4.19031190217028","-3.06961207900578","3.11207110121618","1.62431086154632","-4.33632173029224","-3.13337460884656","7.07918576537526","-0.0307843849378041","3.3768331273379","1.30418194645623","-1.24499513598384","-3.59649512177911","0.249758210475526","1.03397771381317","5.13020546983663","3.34047989154611","-1.96582955724301","-0.528945135396884","3.56336084307838","-1.40003560094304","-0.881028047494596","-4.46162886620562","-3.82441458261586","-7.25688025953737","-2.09996744736726","1.15941866428792","5.14594303065378","0.966555139196498","-3.07224025081196","5.88188767067733","-2.73493435628339","3.82919323681865","1.03901414404478","3.38019836158031","1.46483673392462","-5.80034602112189","-1.14720912581114","4.50746292102801","-0.22667045413109","6.57235865055257","3.31765018599635","-0.985774130136839","-6.87198431250154","-4.68567483638482","-8.89218079746557","-3.9692591251316","-0.440975385730069","-5.21708764113882","2.52045883340471","0.0991307536754936","-2.92085216240372","0.931470774861433","3.76758458144759","-6.69422635590101","-9.40568476853455","-0.785115649205158","3.51102083591417","-5.65112458953722","-0.986512057522522","5.33441459686512","-5.03656346261923","-2.19200612486946","1.3798483466607","-8.3949527059521","1.63855027755354","-0.522884782263221","-2.3912018741339","3.42346140885267","-4.96484765484441","2.91091893278838","2.98255550911002","0.773313906422351","-0.841933371820046","-7.52615390283401","4.79192295626335","0.252092020377853","0.814253989920357","-2.73772065786072","-1.59444882803799","6.33228779742583","-2.18101218679384","-9.46596746676787","0.833003607830946"
"Random_Index23_13_0448","-3.10175935091345","2.14060576340244","5.60703613493052","3.16106018217688","4.84870636528626","2.06960209112521","5.06054055396611","-12.9507615394436","-2.85864381896691","-0.34831469802479","-3.74158303740272","-1.11405723563049","-0.635451032932473","6.90443503710525","-1.41067157133223","3.11130597418597","6.3279786825848","-4.7344034578965","0.274173927335814","0.874637192031747","-4.40103958079975","6.87547848671712","-1.97830683842919","0.131023712047762","2.26178517473636","1.24514832949434","0.460052045462443","-3.69640777916642","-0.575656781677231","-0.993383953536393","-3.90537839465709","-3.06183578499935","-4.00750080313886","-3.06698748701254","3.08192455014919","1.69555641232135","-4.30100313288864","-3.22542831322986","7.0371302180719","0.102103583874465","3.32367502447799","1.45351483288708","-1.11191895166063","-3.50218880484037","0.0216043821913611","1.01319596746549","5.10660208052138","3.28546420684853","-1.82291328373073","-0.703253405255637","3.43499698205824","-1.27631726712084","-0.732994231106452","-4.43503887041188","-3.53688348500949","-7.2364507263785","-2.07753653654524","1.09219205872966","5.08469699388919","1.13690229246985","-3.25332512071674","5.79369144126501","-2.88119922730296","3.62250544905831","1.15768684636481","3.29810003558246","1.54013687060433","-5.7553118546798","-1.11639565846553","4.4681843147355","-0.108278485380733","6.59291644750494","3.15940711773839","-1.06914530891083","-6.91535657421389","-4.51469504204513","-9.06602907638003","-4.03856388130129","-0.388191299798276","-5.32049478676547","2.38096524945065","0.193066076559821","-3.05811576278055","0.848492880141482","3.66570918714155","-6.75906881455162","-9.20249023809957","-0.700373955202471","3.43844281858033","-5.52555582347113","-1.23618972634903","5.40838931358754","-5.0946071077943","-2.34934673463189","1.45798427482029","-8.48383726160447","1.63819308289759","-0.332116163394155","-2.27854726494591","3.47906825661073","-5.08290894329019","2.84738732414101","2.83472395102583","0.939363277617988","-0.556466730130294","-7.64586109491019","4.62879601612845","0.254541645147597","0.700085465181864","-2.6335594971274","-1.73207574209921","6.1925648031239","-2.04085798960424","-9.63957569798351","0.813177271391453"
"Random_Index23_13_0449","-3.35809914705203","2.28820309850195","5.70033503652176","3.25248292362836","4.85512591410716","2.1834187000828","5.27956788486252","-13.1199602758911","-2.92174537469715","-0.424824065076109","-3.88315978411365","-1.32488458348992","-0.718960065244902","6.92273602175683","-1.54451248958072","3.03947590613086","6.42813910852392","-4.84350590506677","0.111048563225432","0.786175020686224","-4.38452914922224","6.90718405092504","-2.11841620522689","0.0186959557397513","2.43742612642178","0.916518249980057","0.251122752970797","-3.81069130352686","-0.684142734925849","-1.10067556278491","-3.89560553253032","-3.36661624880373","-4.37819150005681","-3.16805533385185","3.27911451903597","1.47744104434916","-4.18173692354388","-3.10051254711667","7.04172780608363","0.0362551200920949","3.40242728524974","1.33753439387695","-1.45658687014583","-3.64605865439668","0.194858558354921","1.12552772054801","5.11265737862809","3.407790309748","-1.93842099944625","-0.488624534713255","3.47565148479724","-1.47771723972883","-0.942051375155585","-4.63472518683983","-3.82355119068708","-7.30098156320834","-2.17159060449524","1.30909567580154","5.23021245629721","1.19519455806866","-3.2079737403837","5.9522940218693","-2.82790602559774","3.8051398394692","0.981592468157783","3.48198945988507","1.48203532459256","-5.90683743316462","-1.15601477614178","4.43592816114054","-0.257265027431808","6.72895528251679","3.37166751085939","-1.03195536571603","-6.80661179019756","-4.59793927881002","-8.97438058920574","-4.04416529863076","-0.438174183692106","-5.22363035536403","2.56053606805765","0.248865938914111","-2.85646730791753","0.960248243854203","3.73829505369247","-6.69488169887112","-9.40979325536129","-0.923706134166741","3.5844446097381","-5.6369798105319","-1.0628174700873","5.43134008798942","-4.91006961630317","-2.14428376835829","1.38312144566717","-8.49775546129045","1.66969605492124","-0.428556299727968","-2.3740591314156","3.61555549863384","-5.02447570900724","3.0351008521799","2.99832995098883","0.836750280392525","-0.821068022140092","-7.71673788482861","4.78580088164509","0.236989897779634","0.8469302016698","-2.94563160725332","-1.57734564852173","6.43332952756625","-2.1349956341915","-9.78639558244021","0.919124686422154"
"Random_Index23_13_0450","-3.22394603586603","2.3727692398808","5.70348004630361","3.32500280416232","5.00113250652049","1.98182301351287","5.22054363928515","-12.8604199632556","-2.91921536594979","-0.52880243088709","-3.94646763535067","-1.31781905275435","-0.832231114898363","6.93835842100776","-1.6096621101585","3.05550587514157","6.25478263819381","-4.64973541501615","0.0266003780105637","0.885611462087212","-4.2732321200599","6.98539765141065","-2.27593618823421","0.177375970730183","2.4878774200768","1.0593515970391","0.379225318884891","-4.02499191628359","-0.440703645896593","-1.20037681759757","-4.03372501379077","-3.38966394119289","-4.14751264744924","-2.84862917249512","2.94415437502929","1.58445991216194","-4.08364199077705","-3.15591640994002","7.00003313979575","-0.0874165522663681","3.49285369254088","1.16903244134953","-1.35040092102298","-3.7783683936445","0.235378050684552","1.00649739354045","5.27455847930721","3.43452496061465","-1.99239487439978","-0.442239295063103","3.7458243862968","-1.51109885092189","-0.973500263440297","-4.54852802862153","-3.64072403539046","-7.11421384440524","-2.00118262199686","1.02296601074179","5.29414245425671","1.32432803112986","-3.14063230014119","5.99657958713776","-2.85650640763534","3.89852782993238","0.92735195327745","3.3319129604841","1.45604052003662","-5.80922574249487","-1.10445681591735","4.48600982505888","-0.116301367275211","6.6708845875168","3.44231587721542","-1.0474939154574","-6.8195000515623","-4.54116510899984","-8.86871130782154","-3.90969527681002","-0.554342594797036","-5.12207461576686","2.58666186368751","0.00202086891925297","-3.04725144976855","0.980142386996054","3.84871025258552","-6.72317011375126","-9.24417562965615","-0.92984316564113","3.6574570965075","-5.68364428931067","-0.88990142655349","5.35868402459143","-4.80098847733204","-2.17676352110436","1.42729576688223","-8.34910805347077","1.790432392344","-0.57411700614882","-2.22334423796231","3.2987905053922","-5.19698839749713","2.85694489768328","3.04677626592551","0.620804632729228","-0.813927121860235","-7.47467198854288","4.93639914347327","0.111709722366251","0.961783186240272","-2.86570441393868","-1.37125969080656","6.44504120274701","-2.01504590962111","-9.66901737345502","0.678889137515457"
"Random_Index23_13_0451","-3.34355933887571","2.31202975257147","5.620796094417","3.29190501768578","5.19623961788694","1.80670417296115","5.1301177696177","-12.9641212997722","-3.05569311917185","-0.521489123525246","-4.06776720031116","-1.44453355285572","-0.785139819087775","7.01620558998832","-1.57028563102501","3.23848318595186","6.35669591517022","-4.85195854891216","0.104173663547197","0.943169410172834","-4.34026411961177","6.98944875834295","-2.37323064187389","0.196753142482948","2.46178956323031","1.10233791022547","0.37070883182157","-4.18821430405055","-0.272460242953023","-1.27808174194552","-4.180168888321","-3.33624501274835","-4.20530582524543","-3.04187476789773","2.98807808953701","1.60111352632633","-4.14958579582027","-3.2166249583354","7.05179823499642","-0.186215625920898","3.5293569613124","1.04710920136461","-1.35092328270038","-3.8961292249014","0.32903720858231","0.960951366375536","5.46246967444754","3.4353023007218","-2.17944765622167","-0.462953873089992","3.71416080769591","-1.53996064649039","-0.923525766438282","-4.53042220163085","-3.54301145832996","-7.23102990415547","-1.88232586147481","1.037947345793","5.2324035766009","1.29792347481201","-3.26116719825734","6.02332305507066","-3.07227529783412","3.97550953110905","0.927343161280106","3.31180243956821","1.6452203722353","-5.90715499418632","-1.11602198175833","4.63258534382891","-0.0365067025122348","6.6924500902329","3.39523854831215","-1.07154562304345","-6.83333667700249","-4.61174320961727","-8.97501691561041","-3.94700084840145","-0.589052564638383","-5.16520109789628","2.63348366764762","0.0214979846986052","-3.20671096997647","0.98361058845596","3.77958007789571","-6.96431638646311","-9.20337480693432","-0.885890569994909","3.63213412805903","-5.66446921477448","-1.03497638143657","5.45088694973882","-4.83467735884174","-2.11157959802427","1.52722812294789","-8.50560315410251","1.89486702941306","-0.640042933775357","-2.22756033404807","3.36761163093202","-5.42182097727992","2.91936644905443","2.94498834948907","0.525043956877401","-0.857975633720207","-7.58180455481521","4.83295842221088","0.0293216010879243","0.907710645200221","-2.8367672990876","-1.53339192589213","6.47310281285859","-2.05725314540534","-9.77197988392817","0.62726639898198"
"Random_Index23_13_0452","-3.01854753639943","2.05015751789296","5.60319173491534","3.15144296088469","4.95495082632094","2.07024675986848","5.07942164957675","-12.9888162435703","-2.93960678308722","-0.195811692688639","-3.73317555257031","-1.12498375189561","-0.585664723871457","6.96991156520778","-1.34755761187654","3.15274971684059","6.26799135441012","-4.63443120999173","0.320106083850945","0.901245648662375","-4.33398345200676","6.9399154726723","-1.94794382710678","0.10075214126958","2.31139240047606","1.23375579735971","0.38000176719612","-3.74032976931222","-0.518963726872699","-0.986139850349248","-3.97056214846339","-3.08028133947653","-4.0423060231896","-3.09728350553889","3.03574836349132","1.83715188525892","-4.37007327961083","-3.2478790282424","6.99235657719224","0.149543450452177","3.26776342152674","1.43724142513916","-1.13184238062347","-3.51741216649945","0.0679687812083287","0.956614963418302","5.34886728900459","3.21041829118461","-1.92823132658862","-0.7303545479016","3.5498918506393","-1.27172031554535","-0.655080180891421","-4.38050405767982","-3.53892303511537","-7.15171792737374","-2.0835322401968","1.04686788939802","5.08186872874364","1.05717478259038","-3.18953525630909","5.80733487426382","-2.95562045585015","3.68406155418039","1.17998889919099","3.29359096951464","1.60586036860003","-5.71782108393499","-0.946134178802968","4.44769921504501","-0.0548699598098263","6.60953800158159","3.13634932905391","-1.11965847637063","-6.81656053300661","-4.44837999025588","-9.23121107637617","-4.14230883930756","-0.343337079063537","-5.2946472950858","2.41404226384161","0.22891403856253","-3.06780818035501","0.796106598689392","3.64737410296471","-6.75713909782154","-9.13989388653956","-0.65479649152989","3.41786244659773","-5.63338356212635","-1.2060707188625","5.36910127926568","-5.1328847236746","-2.33896838960734","1.42282504815519","-8.43735289369481","1.6990618427508","-0.392145968319661","-2.33203693983375","3.457833471007","-5.19624675523664","2.87964068641051","2.79804908179581","0.765574902218422","-0.614569248762255","-7.58205545376952","4.64439557484126","0.309369241036528","0.824265289745458","-2.57994228908825","-1.79097303189749","6.2251346706937","-1.98731863583541","-9.64376186937782","0.858013745502889"
"Random_Index23_13_0453","-3.1583569609624","2.20856037745335","5.65404106914781","3.24364647839229","4.98271327119601","1.98184151548059","5.13934978198235","-12.9482735062299","-2.89051176420598","-0.369668434638988","-3.77866288122925","-1.24252329883279","-0.68723184823697","6.9773799329769","-1.4708089129833","3.1219334959733","6.41494489778709","-4.73175096709449","0.157464026436742","0.92816572002423","-4.27046857136843","6.9107970792519","-2.0688531290594","0.199954616306235","2.32539123056267","1.04982536387521","0.384574551955041","-3.78536233811719","-0.538965969422137","-1.06854470478409","-3.9799555233826","-3.20172880117889","-4.08450401654641","-2.93654435622837","3.15740847539698","1.61237089742837","-4.32457789362717","-3.17898555106784","7.08227692799957","0.00331749075613878","3.35659954835809","1.3490439988281","-1.2415509435698","-3.60002426417444","0.13335584565371","0.979167948688423","5.21339404873442","3.26860026166388","-1.86563921687604","-0.611296596663291","3.54046680372287","-1.38447387863539","-0.811621645400517","-4.59991607941373","-3.56412478871223","-7.22289542756395","-2.16128361553521","1.20674231891323","5.1620267941081","1.16645301686786","-3.26459861015771","5.83968244291276","-2.97754782458092","3.75589237712967","1.05291425376148","3.41308404419504","1.58384704687481","-5.80169033444921","-1.06512048543262","4.51020273037123","-0.16960312754002","6.72530624509922","3.17681217360779","-1.14595086199886","-6.91685588996369","-4.46015805351788","-9.02295322293879","-4.05552724356993","-0.50631972791018","-5.19692297560454","2.44761123880462","0.109793160177566","-3.1610679495723","0.80773636814609","3.73475727129636","-6.71679539918474","-9.33822613733195","-0.85032226071728","3.55463079270608","-5.56269583025137","-1.23780699245676","5.49594099444135","-4.87985969758231","-2.25753351280012","1.43938566316466","-8.46556477726802","1.73198693898443","-0.460819596718387","-2.32184242320031","3.55558143587755","-5.05826099458163","3.05609761988022","2.89893330635032","0.720114396952849","-0.732505223531717","-7.53267017977715","4.70696768691721","0.185509924706925","0.773693746798109","-2.81705693688836","-1.55134878682819","6.25514188444955","-2.04011704375411","-9.68847930490158","0.734300002485247"
"Random_Index23_13_0454","-3.23908686092013","2.33403567365183","5.75829380855209","3.37295991606272","4.86543719285775","2.1278991229594","5.37156255743201","-12.9796938669708","-2.68039874299671","-0.390763875557312","-3.817358188448","-1.26269706526215","-0.640884066106025","6.89332884040564","-1.49504643358391","2.97781461084953","6.35104507810991","-4.60900489020355","0.135225988065387","0.877002569453515","-4.21377501867446","6.85817530141032","-2.1489334851491","0.118292923369161","2.52613368838216","0.96579907581556","0.263560293578268","-3.82642347884674","-0.63738966347852","-1.07289181222798","-3.84087231752584","-3.22772904751737","-4.22008052771306","-2.85231054686291","3.1026881401285","1.63779467204345","-4.09607531184767","-3.0766845607075","6.94256818938157","-0.0440863456695128","3.50687330042356","1.32269244066843","-1.27121796306547","-3.50842490530354","0.164870221536407","0.896354259252501","5.25567271712284","3.44555968565706","-1.76190958129426","-0.430119856435036","3.52295360378169","-1.40715771868672","-0.857451261086031","-4.63343586804312","-3.64506998742527","-7.03672402504749","-2.19204300834771","1.10435561672924","5.26568412568917","1.31970948395782","-3.05037997065168","5.99720446387578","-2.82195548993002","3.72957354927793","0.963695530835791","3.30827384858461","1.49195833033353","-5.78513851782738","-1.02533483325006","4.43291400419517","-0.228946331800018","6.60235451925146","3.47137790504293","-1.07491241029566","-6.76231890810037","-4.38062952792962","-9.00680234901009","-3.87575294050423","-0.308401992568715","-5.0831684557625","2.53318128544487","0.0948401792480365","-3.04475229389051","0.836780510060582","3.62492727855192","-6.56644910486389","-9.39942225268025","-0.854042467559227","3.64491615535053","-5.54766073751254","-1.11400564725408","5.34935551102957","-4.80955801415617","-2.21962764434951","1.35301603827565","-8.36316790182079","1.7343932974576","-0.336174275086801","-2.46038204496924","3.40800157297519","-5.00100797091665","2.92398246232286","3.02947981357952","0.76582294880285","-0.620141195658226","-7.43223441676777","4.67945690293538","0.230543538511904","0.96512312995699","-2.85648406278593","-1.43157699068744","6.24912945906154","-1.77561861276489","-9.55741601243324","0.735733150512817"
"Random_Index23_13_0455","-3.24271737866672","2.38528304904762","5.95079228393824","3.38842474870832","5.16834583097469","1.88751599117208","5.26466394376505","-12.9322151230502","-2.93807449104464","-0.503481083715752","-4.0282857703338","-1.36108416459189","-0.627616043304805","7.07838960180615","-1.60598955696794","3.03465192113022","6.42461126455453","-4.93000881777129","0.186141170554555","1.01220941619918","-4.2655818701166","7.08197050002717","-2.36430301947768","0.234256558233883","2.55711150317225","1.00213546906366","0.572186699241947","-4.05292661745805","-0.384417303970502","-1.2044906849769","-4.10331526406625","-3.29783209971115","-4.23722242390479","-2.91128131774219","3.15369510335792","1.66897376655466","-4.19627860278058","-3.14898299654879","7.17034040634544","-0.0988411077974038","3.46167588576994","1.25998306372244","-1.51324622907497","-3.84280684065194","0.365428633479522","1.05742577122628","5.40884971927236","3.5350784893384","-2.03165962357699","-0.44346340037855","3.76053942711989","-1.55648839137295","-0.920782769746584","-4.51182228988436","-3.70170889671252","-7.24181589516649","-2.03406718665765","1.11923919572275","5.42890161264928","1.41492553543701","-3.40235577393024","6.22737316654275","-3.13548627650657","4.01872291918079","0.930223450021066","3.39626488350698","1.61322088659145","-6.01554410832758","-1.123252142129","4.68066840101536","-0.0159143080106458","6.8565947435371","3.44127691741388","-1.1183366327555","-6.88634445270144","-4.62428428031464","-9.0065549708087","-4.01043041910494","-0.704446285613404","-5.19058927691801","2.58704346280242","0.0584730285720885","-3.25322314252027","1.01199554990547","3.90708976435397","-6.88353536520869","-9.26804139720205","-1.01193159358937","3.82930436358111","-5.52812987983574","-0.965218803771993","5.59172767711415","-4.82549652689741","-2.15222666084926","1.65245105113261","-8.42157175022389","1.82591353407355","-0.560911086218674","-2.14737967945974","3.50067474672402","-5.26429023435446","2.93233672521449","3.0890650910637","0.603047813958522","-0.888351932575778","-7.59189206616372","4.93018727074921","0.0839860919914906","0.937595854517643","-3.14414779081072","-1.42777311244252","6.47498784773198","-2.04188328483306","-9.88586092697462","0.727948100430633"
"Random_Index23_13_0456","-3.07493128616066","2.02527770851944","5.33597737787429","2.99401114746097","4.71194330377531","2.16672431811399","5.16809908071031","-12.944829513881","-2.82454112482249","-0.166874356597315","-3.62904265200933","-1.09871590075912","-0.44884941451424","6.83689260265723","-1.34610269703204","3.13565216410764","6.34309807403366","-4.56499678940846","0.387925149185369","0.863861044324772","-4.59807296644017","6.76268129193873","-1.91816712121025","-0.157291660618025","2.08100716115335","1.29393404790911","0.410916658564656","-3.69744187469731","-0.612968734078978","-0.838407193897695","-3.84076682660062","-3.07091326922876","-4.04500410012443","-3.16051593476009","3.12973869441726","1.75097819675278","-4.40756433813312","-3.38783675695378","6.88921899826206","0.258598003219184","3.27062677455111","1.52580600837819","-1.17337852856178","-3.52458926131436","0.0252170404945025","0.951444502488203","4.93926886414152","3.18140705454842","-1.7086848078799","-0.780932782856972","3.31268266522721","-1.24276965222521","-0.659822982375866","-4.52052289929562","-3.59138257073254","-7.15720963682767","-2.19776888595864","1.11430338442938","5.0015332826884","0.99714295185263","-3.14043279055472","5.71749604074071","-2.81155422103321","3.53052663600853","1.26100461107368","3.33614462094966","1.81049416470915","-5.71147889776075","-1.18125041767342","4.19554437090424","-0.181258682432623","6.59937072677389","3.10346376924725","-0.915888518571176","-6.87113696033525","-4.53449198364789","-9.07695381443094","-4.1751069596857","-0.299422653115818","-5.44951886955067","2.34299792674105","0.323669584638699","-3.00512124455131","0.725043106274365","3.61069438829624","-6.62945790181965","-9.06456213329431","-0.651081813932081","3.30997379788917","-5.72562478471376","-1.32266387345505","5.23632865937556","-5.36189002956059","-2.24354077801727","1.38382024286329","-8.48263531991631","1.54756978412524","-0.266431528244169","-2.27919308787746","3.49156404948761","-4.99787230815052","2.92688750852069","2.6810262214883","0.885639723513905","-0.566096864979299","-7.69837413643451","4.57756632260868","0.399402358990247","0.648902388679805","-2.67290172544214","-1.96744237467375","6.07995830938643","-2.0326614404704","-9.59460697064347","0.98496478661832"
"Random_Index23_13_0457","-3.28312671879115","2.15157284166243","5.5401915380908","3.18365049225584","4.84662917878761","2.01716663382199","5.24082768116682","-12.8774662605757","-2.95314590876681","-0.292225474098583","-3.7552558137132","-1.26008171652053","-0.634137199332082","6.89771713276362","-1.4062302366266","2.95274906353115","6.34900006275799","-4.77886001889856","0.172347644196697","0.820950615559331","-4.30364287835301","6.82202707768968","-2.07052034648841","0.0688510520079536","2.35189434483762","1.04479200331278","0.322822424356038","-3.88153445442772","-0.59346421637103","-1.06356034351074","-3.92795222085975","-3.22707469683448","-4.08980321232207","-2.95246116347249","3.1931870425817","1.58314603816859","-4.13631656583428","-3.04438103616257","7.02316933969502","-0.0272015886293757","3.34963067781345","1.30936720406522","-1.4387185111532","-3.64610647570269","0.148247247414346","1.04788983482944","5.2020303765424","3.38056708970356","-1.91792304984664","-0.476827391307483","3.59199536867199","-1.42606463246768","-0.838508358625022","-4.55570254392095","-3.54247742094602","-7.10169141829634","-2.08484614854506","1.1658121282116","5.12645689820175","1.19896945995792","-3.22656942144768","5.86017610975431","-2.72849130392849","3.80544847621497","1.00695587320449","3.47683658261499","1.58186929958045","-5.91371069647478","-1.18975846195134","4.37386085189101","-0.0492907113002147","6.76849965457573","3.40120891340673","-1.20268832336623","-6.79182732017776","-4.59504055447377","-8.91038273575624","-3.91508950924687","-0.44092198087987","-5.14918095867555","2.65754309210749","0.303299286703242","-2.90072528545361","0.871754495755472","3.95219446555075","-6.66551807502809","-9.21530497139879","-0.879932735873704","3.56178367400908","-5.58497042640501","-0.975964600823957","5.2753131780806","-4.8707903274872","-2.23331787313362","1.31969540625738","-8.54642425408992","1.63558586871337","-0.419064648940406","-2.27482740560789","3.51426269105376","-5.03078666957257","3.04505149565188","3.01056015671515","0.656361314382314","-0.807074689675564","-7.57013515036689","4.84399216974336","0.315365956657","0.891649410187422","-2.87080042441129","-1.49507007032226","6.34116947583651","-2.12469851697924","-9.61291010979327","0.959424728889721"
"Random_Index23_13_0458","-3.26306014238843","2.15591487081621","5.52726555901189","3.21014873374019","4.80171859475674","2.02987761988709","5.08725848793805","-13.027303371772","-2.74504501478777","-0.31122716400204","-3.78023543778665","-1.22796127921656","-0.659206806792913","6.89901009022154","-1.46224239994478","2.92317598256698","6.38602058083929","-4.62841733931916","0.105795030978218","0.817674720489168","-4.37221863347672","6.93570178442126","-2.09646189685265","0.00246297772480627","2.41650241084878","1.0493923626356","0.3233603387798","-3.82635051229328","-0.647379623371572","-1.0441000057248","-3.82643600877815","-3.18244579183707","-4.04616630712516","-2.98137492647035","3.09921200946424","1.52034433610254","-4.18553308941451","-3.06636814619925","6.97870387623488","-0.0128645806521682","3.26968243856961","1.29353955098504","-1.19495543166796","-3.49007831918972","0.163809015584678","1.08141445010611","5.10425092577976","3.50453517709205","-1.9318647301302","-0.404234189643805","3.4348212658614","-1.42680744026261","-0.801751837487811","-4.57190664477007","-3.62303385534648","-7.03338343278467","-2.20931385366465","1.19012585320458","5.12233757043392","1.10919377151669","-3.08824240193539","5.88980245135027","-2.84249660949002","3.6667150505589","0.932228396263746","3.40971799841452","1.50599389739759","-5.73583494433859","-1.14200402491742","4.360687756214","-0.301905743558854","6.65600138028483","3.18661313052665","-1.00505377646902","-6.76289367395502","-4.49951786810122","-8.90450217586342","-3.83172780864004","-0.459445836179948","-5.172485742281","2.53518967324759","0.0694544312554165","-3.05730159984956","0.858974673890509","3.67744289768963","-6.70612691532862","-9.28199841121191","-0.809322403703616","3.56395259930266","-5.51508340383972","-1.05839396434604","5.36452054562908","-4.8775320966639","-2.18699489440827","1.36757226081053","-8.25389759072555","1.60891622018519","-0.416227309848638","-2.27787327781845","3.43561108862705","-5.00090970302798","2.87684805336605","2.92839203654854","0.728942087839077","-0.744071312763389","-7.44063477971158","4.83348190155207","0.225322938684429","0.78394241440728","-2.75470194480455","-1.60802316185244","6.38990926518938","-1.99633167892809","-9.53627647522931","0.767239950519037"
"Random_Index23_13_0459","-3.00524760036797","2.13062754259285","5.56657376293771","3.14217150946219","4.87825701712302","2.07839503753553","5.09213091298893","-13.0102014719085","-2.8429057692582","-0.150038588457617","-3.66951415059919","-1.02166799170951","-0.502417036087389","6.93373607670174","-1.29479777572266","3.11060131660109","6.32639087584076","-4.56716602462853","0.354805902412623","0.833905417964443","-4.48367447400682","6.92655859995447","-1.95851458527299","0.0827745878761591","2.28067545135282","1.26548074854903","0.374807107231402","-3.70933537855687","-0.577812701412404","-0.829330531903191","-3.85885437643177","-3.02764550705406","-4.01381974170952","-3.06351139902651","3.05747610967568","1.8278747809495","-4.39393940531535","-3.32541511851611","7.02576851430008","0.0704492070855437","3.25702229760719","1.49667561639527","-1.09547805425473","-3.48993943250061","0.0695035022895569","0.92130625515311","5.13161175445483","3.30203630890208","-1.83624716978443","-0.622449536852799","3.49591443090857","-1.18322960387062","-0.568939857915086","-4.49588814081663","-3.60424299870656","-7.16722864999141","-2.16263714948181","1.02827947626845","5.09905946218265","1.09186274111215","-3.1100609636871","5.80645090090726","-2.84802664005369","3.635914281022","1.20115324722226","3.22598008778951","1.64831868653184","-5.72867863763645","-0.886160576813737","4.41441378536175","-0.177284437094831","6.66734950047601","3.15378531394957","-1.03863280505808","-6.89248164723104","-4.44439459323656","-9.15772152165682","-4.05897453181962","-0.289277842433765","-5.31464363623996","2.41042427197725","0.188004911037483","-3.12836801672142","0.765088962555171","3.63482629283986","-6.64614047607523","-9.18424004374186","-0.615124918527505","3.42976935082848","-5.74882628020169","-1.23637548623602","5.34636816644759","-5.19733258319577","-2.3840519933431","1.35907769244386","-8.55696198900599","1.68592998745809","-0.295438017378486","-2.34202080337068","3.4042647832695","-5.03987951965534","2.86330360764186","2.85248738660039","0.775658513373863","-0.616432726695577","-7.63124509915144","4.66188032951176","0.304146552635279","0.857430329071551","-2.60524458876948","-1.82920283419494","6.22641758065962","-1.86008140557926","-9.62987590509815","0.825137147531934"
"Random_Index23_13_0460","-3.24043953231034","2.29940193866897","5.72833302734858","3.22527405926215","4.89002901300479","2.0084387191841","5.16913132097754","-12.9185645579267","-2.92935046914307","-0.390462796048598","-3.86893868949653","-1.27319841227187","-0.716697323620665","6.99021707829018","-1.44746373262969","3.1689142419286","6.32084710609735","-4.80948496770245","0.106553650132028","0.948566100000514","-4.18420006225222","6.95019880526894","-2.08291834614438","0.11858783096273","2.43734671994829","1.00985457872939","0.413839948456261","-3.80368056859945","-0.637572958150849","-1.13107404119227","-4.02569951886108","-3.2474959625484","-4.17789091099842","-2.94975561472759","3.07940118228391","1.64222482476633","-4.23810592955498","-3.1175418399358","6.97723396628518","-0.0678534302907477","3.40223549509225","1.31909036382065","-1.36879210035789","-3.61589156292616","0.1757325608428","1.00548718564108","5.18937493507706","3.274011821459","-1.89838621129056","-0.500736289288578","3.5947881831917","-1.44049169600168","-0.876628921171448","-4.36590882912429","-3.63948796302758","-7.16575222074284","-2.08670305088249","1.17782098011584","5.1360588748119","1.14967022679625","-3.23469058902533","5.87843072284974","-2.9757774681346","3.73274652724333","1.00411679897597","3.3230575636119","1.47878286473773","-5.80467953899544","-1.19331942868952","4.54331402014466","-0.17894163058393","6.62844454351277","3.2777070971137","-1.19340192132908","-6.83178841656458","-4.55575026543934","-8.94346896744844","-3.93943241761953","-0.462126628314253","-5.16471076096721","2.44854542744482","0.22331839654819","-3.01017342761654","0.849235443003768","3.76758563600954","-6.71662678438511","-9.2311410095846","-0.81814291400382","3.54032143700482","-5.52630396364393","-1.10598574224888","5.44434088677416","-4.88546117239246","-2.14509396335719","1.53646344936299","-8.42922544323836","1.78828424618257","-0.508304887727619","-2.25633377175669","3.48767444206302","-5.18342889059503","2.88044095911729","2.95547003740167","0.706017335867828","-0.810414467326293","-7.55419017617331","4.71080464653144","0.200717117724997","0.906478188380791","-2.77981850384778","-1.53615512633013","6.25001241590785","-2.0740521250147","-9.66188167055721","0.798434196017602"
"Random_Index23_13_0461","-3.15681475289361","2.1961098109781","5.73770581421445","3.25033829369439","4.94004809861997","1.99805595797231","5.15279351911301","-12.9867887824597","-2.97373274090884","-0.402972270586001","-3.85163040818599","-1.21923144128909","-0.708886115289365","6.94853205020837","-1.50061942120917","3.08280022436042","6.38605777559072","-4.68133639560702","0.0809624110938366","0.90776930588357","-4.29067615029683","6.99125148859479","-2.08247812886783","0.114063480697203","2.44351315653304","1.16149484851773","0.401652923613073","-3.83366347255077","-0.446496973795735","-1.07393415986275","-3.93683064976588","-3.18783247841793","-4.10344737918769","-2.88743087804574","3.17804347329998","1.50678609548753","-4.24980891484839","-3.13020377082478","7.1453599947517","-0.0447946780318176","3.37769382523201","1.33272825721277","-1.19897718352142","-3.677760976092","0.194319162380214","0.982491599777527","5.23897888725869","3.41419421391493","-1.9443850981063","-0.470546026828455","3.6018106530881","-1.38978228583122","-0.810702667011339","-4.55501522684678","-3.54234025249236","-7.27092798873409","-2.14507186505548","1.19289281834439","5.19244396547717","1.13864271682406","-3.2779401118947","5.9410019312824","-2.97732763181657","3.79896516566498","0.971687571885261","3.31568702312976","1.44533849932572","-5.66525788777455","-1.08991106695846","4.56960208148915","-0.155530575674116","6.74197125929826","3.28727415387587","-1.10311456061862","-6.97667908386932","-4.61559836732568","-9.10550291114361","-3.94333888522363","-0.551182935967121","-5.13540361323507","2.54912258217951","0.117016466356276","-3.14107282137823","0.83861546448135","3.7668044602894","-6.77584274355858","-9.40770102236825","-0.810688852600664","3.59716808046233","-5.46417580111864","-1.14796764583001","5.43040360411232","-4.91366263422074","-2.24000404050686","1.4516953057655","-8.44610326372922","1.7078685342576","-0.444537014397844","-2.2171887566144","3.56963252819368","-5.16815936000277","2.88647882251297","2.94778991754419","0.723580835006653","-0.720359855958588","-7.53510971895094","4.77804101345106","0.225885847600988","0.975759546355937","-2.70134575688857","-1.48001119450651","6.33629432621858","-1.96275145979949","-9.81335188533306","0.853525489605772"
"Random_Index23_13_0462","-3.00101053809774","2.14565061126696","5.6602677560328","3.14392869219883","4.99556540215968","1.98046616953795","5.2716024721134","-12.8956999933594","-2.71280272822439","-0.391897129440694","-3.76429371843728","-1.24384058843434","-0.570694792290097","6.82584433432529","-1.49006283581669","3.14751767276859","6.29293947219023","-4.78276174532448","0.231966745437745","0.987462340035722","-4.33821626874971","6.78758780281941","-2.20509840940441","0.139108492991702","2.31655452215731","1.2053903124706","0.484800565061479","-3.83794613523763","-0.482710463622993","-1.05871065025291","-3.95745529361335","-3.18992793953941","-4.12749827311922","-2.99740189199038","3.0139261991795","1.7259866009681","-4.24371306917798","-3.17905338245042","6.95939752935401","0.0301368181801138","3.4179257048512","1.34438026102754","-1.2670635864858","-3.61898105310086","0.174764409822356","1.0925587824935","5.21475594655604","3.34467978194784","-1.89881402841302","-0.585398417069959","3.54960578308723","-1.29613853592451","-0.800466492316485","-4.47574029265977","-3.61573710650267","-7.14614913406208","-2.10921545059501","1.02256549455778","5.17452079929185","1.33107140552059","-3.27572145872145","5.92202982447913","-2.97318373645231","3.68226221624802","1.09673809804131","3.25937220173407","1.61279053377463","-5.79827219601886","-1.07448007587691","4.41733820055672","-0.0306286576214877","6.54571817566768","3.20043987937028","-1.06642277482391","-6.94200285788461","-4.46997473732902","-9.19105347132667","-3.99615933582711","-0.474428092774687","-5.20486687609055","2.31577910564024","0.0384899971083902","-3.15267638893069","0.829290821958056","3.6481038750973","-6.80571366268997","-9.19273347261664","-0.817274039580153","3.55665191557758","-5.54542964114092","-1.15812006637577","5.44733759313681","-4.98430020561729","-2.31301635515401","1.46063934006918","-8.5425807367124","1.76306985889473","-0.408078243993954","-2.23773522240445","3.35240862493937","-5.17947117645997","2.78824007099978","2.84223971628918","0.714507347636492","-0.612178121143811","-7.62850628076799","4.70508133875657","0.166513130869875","0.811734901841713","-2.74165631100404","-1.73417680860355","6.23838596922638","-1.84446041285661","-9.70119893472169","0.67453444405207"
"Random_Index23_13_0463","-3.0944190591693","2.15681043853114","5.66254530995071","3.21011185298599","4.86336169977571","2.0182738224985","5.1113996027207","-12.9430170288968","-2.94444906475313","-0.33191702455114","-3.74805842033582","-1.20151864681345","-0.698116246868013","6.95287017582992","-1.43842810240453","3.16177139719096","6.3723779266588","-4.71544971208202","0.195263671408012","0.995671973031109","-4.30267216274215","6.88537716695293","-2.07315625481505","0.13776001001304","2.30690619264911","1.13299870728008","0.41983317250004","-3.75591236680167","-0.497216542470236","-1.05654083154124","-3.95730369509712","-3.13234575848795","-4.0768247969376","-3.04374716264286","3.14230618909154","1.64847274134305","-4.29989790633324","-3.16476629542309","7.04224613605262","0.095085096037344","3.36447778722362","1.37445434454781","-1.22566547091742","-3.60531911048498","0.127658948704981","1.0238119472949","5.1411222454118","3.27742623719625","-1.94882763877869","-0.626783493552074","3.52638833218968","-1.38979849024527","-0.774951838942912","-4.43841470688527","-3.55721929916358","-7.2920330983888","-2.10628999435464","1.07376614364564","5.12251966640771","1.19246523520303","-3.24636386876666","5.87866906122264","-2.92668549273426","3.72091191658692","1.10578054388376","3.38117141490816","1.43863519879142","-5.93267516326634","-1.07486750059927","4.47014313219648","-0.123495246365777","6.62777937087069","3.23970512992452","-1.08018113012061","-6.96217022429982","-4.52459444902702","-9.00404148410535","-4.0413941112332","-0.438838456905699","-5.21611474316217","2.43093666525431","0.220677838177215","-3.18066119081971","0.828358059685235","3.73628921261307","-6.78002574310601","-9.19753048744148","-0.75278217094774","3.50909988807706","-5.50772833628796","-1.15491538712439","5.40144106167117","-5.01977107959262","-2.24329500574336","1.45017127628211","-8.44677699369141","1.70902101317044","-0.4226930037341","-2.26504648953612","3.5545622589842","-5.17582921933317","2.95771904390982","2.92498433721667","0.75959960516984","-0.704249682627638","-7.57154479025213","4.6287541013377","0.197587456629831","0.830310399339856","-2.72148000807689","-1.59603891762269","6.24088747453956","-2.09444385248456","-9.65969764183941","0.817759773313594"
"Random_Index23_13_0464","-3.04871083714629","2.07134487915281","5.60246748086492","3.16350752743728","4.75776553075231","2.20685933875332","5.1495276133919","-12.9867758242031","-2.94180088515166","-0.227497706465891","-3.60719593917019","-0.966288765656075","-0.537169951216819","6.98227278044292","-1.2861473326197","3.05080694656787","6.49792836627735","-4.71887245463803","0.482188952577884","0.88888352445593","-4.399200541839","6.87308597147839","-1.79282140404258","0.022567073641291","2.1923426390174","1.3118621846805","0.417968287148592","-3.63212109812545","-0.521396953852934","-0.772683393336986","-3.85781703172263","-2.90801492756191","-4.00276175648752","-3.07592472253255","3.2341985328558","1.71677263635163","-4.32235737046089","-3.18592042905631","7.09828812077885","0.21316688272118","3.2306287011406","1.60537981111729","-1.04382758765233","-3.43140427072976","0.0928767120406816","1.12547981055074","5.04987324767931","3.34707879214174","-1.82469228785541","-0.73898847371578","3.42586644085027","-1.20006139199389","-0.543775649741959","-4.47389001246149","-3.63425045376176","-7.13918989089258","-2.16974866120778","1.21758502992113","5.02599213754229","1.11825309553927","-3.16316649770833","5.80982356177707","-2.80772134523014","3.61366274272903","1.22468181365184","3.65745771321602","1.60521288208107","-5.76924954949679","-0.893938200916647","4.38334816657342","-0.104712389018563","6.69895541015153","3.19814779548673","-1.03612377471183","-6.845016929046","-4.39276668038769","-9.0288068214457","-4.16696393176852","-0.300739449863564","-5.33164781655156","2.38079527918057","0.36383053260063","-3.04691408344717","0.780331325709035","3.64533046704274","-6.67434109232026","-9.17152975447334","-0.65177144447106","3.39235971918373","-5.69447389217338","-1.25643996408005","5.38019601224076","-5.06789251886055","-2.12869476702191","1.38918247119374","-8.56623418094671","1.70343725994046","-0.262685379133661","-2.27102656100757","3.64117252955825","-5.0583979804078","3.03229945236035","2.81586209673519","1.00480759556706","-0.631010538928112","-7.67687477722371","4.60584259048979","0.458855077719423","0.696087920498508","-2.60511697081921","-1.75439895887934","6.265329676627","-2.06459392656093","-9.67294287887065","0.903604239624659"
"Random_Index23_13_0465","-3.04435801224557","2.01687249477055","5.39259475527509","3.01645574967938","4.66964291946363","2.1497106705959","5.12532809187771","-12.9178196938435","-2.80666092286627","-0.129696974728818","-3.61591536708009","-1.03643520997108","-0.460867705737876","6.89051335521731","-1.32958730812106","2.95369948839519","6.19081460341791","-4.70646449246553","0.373636222021363","0.715485612956905","-4.43528424109581","6.74631244739286","-1.98794590907677","-0.140883142771565","2.25551203724033","1.18012556148172","0.304919012855975","-3.68965568046716","-0.661133602315419","-0.902403396058051","-3.82347416486658","-2.99935566415001","-4.00108639979091","-3.06407967383056","3.06324204077403","1.75448313462224","-4.25524926766494","-3.23245429845722","6.86196919179965","0.129554870402141","3.17922077285157","1.43349141529034","-1.25367083040234","-3.49324636522003","-0.00158673748003505","0.924628322139307","4.9871273628833","3.23987806435584","-1.75661075568681","-0.682586301047011","3.424513713337","-1.18116462325965","-0.59387890498205","-4.51588194287009","-3.44070447038302","-7.1697299001554","-2.27014767639999","1.06839233995192","4.9861248750607","1.11098206827103","-3.05515875086044","5.75003989370921","-2.73484716597888","3.57834914626333","1.24164067551556","3.27999324505869","1.70006205202207","-5.78767337160547","-0.950772075215868","4.27159639378053","-0.136449149591444","6.50405281221477","3.11085680607332","-1.02303035263121","-6.92478508928978","-4.44477384877274","-9.06529328763595","-4.08776950635169","-0.380062879570689","-5.17128553859073","2.33167957765644","0.223735867880679","-3.04750813583915","0.726467404054753","3.59781974697981","-6.68468156825545","-9.19026668048973","-0.669430104907534","3.3618481584516","-5.63223786467455","-1.17885197568548","5.20389950142248","-4.97579537131019","-2.50995508458201","1.22956271684526","-8.54752923732693","1.54551055537094","-0.239470474817369","-2.31391032760448","3.39954179493452","-4.90630091909376","2.79857284754644","2.70506130695987","0.881910349162766","-0.706381407335914","-7.6659788509252","4.63775022903641","0.299783742277076","0.79502405428458","-2.68987385738131","-1.7258084081848","6.21222210470418","-1.92782397039254","-9.59346395078561","0.804765979127311"
"Random_Index23_13_0466","-3.04094514465764","2.06365533557188","5.50504437836396","3.18134394967078","4.78373772886093","2.01654908686497","5.17129240494222","-12.808558383309","-2.69013162861673","-0.247663456727128","-3.66830621592198","-1.09035356608355","-0.526138894026417","6.75233047025597","-1.34624491592245","2.89823190294414","6.39605092379919","-4.60497930979865","0.246500568862874","0.676345315319559","-4.3635707763226","6.77294583004627","-2.06963904328653","-0.0505040049552069","2.36112095147297","1.12410932005296","0.298620812722226","-3.75834586200005","-0.619402310078351","-0.95639376712029","-3.77256280364872","-3.07694938292545","-4.01046143686621","-2.97664860189887","3.16991602840874","1.54336767198067","-4.04817697989957","-3.06057890295358","6.92950221800923","0.0201079699269809","3.22813450283035","1.36184880022161","-1.18137068132165","-3.54310550843215","0.0597688886279417","0.977528289624933","5.06056221168247","3.32655922078208","-1.9629855307209","-0.48781811399595","3.47529925822403","-1.26771403711776","-0.694799824311826","-4.49546160276629","-3.50192811630364","-7.03380871914698","-2.09825200797172","1.2475960377369","5.05380613893627","1.10333888811642","-3.05961029387038","5.79698588932085","-2.73674502024804","3.63177909195762","1.00261027731416","3.48160318386839","1.54981615110916","-5.66875781001719","-0.956884854975235","4.29582789416293","-0.220816692017286","6.59688628762224","3.15445895595472","-1.13926038597476","-6.79997222599121","-4.3880091922443","-9.05465392604678","-3.92510601792765","-0.346738394464636","-5.1671598947179","2.42428885202974","0.0677316157787684","-3.04143703373519","0.792113902812296","3.62668456847975","-6.6305816533933","-9.14240026437357","-0.775669012497529","3.47404006133029","-5.63224916816935","-1.15674017094096","5.2158972651181","-4.89116411933325","-2.30031248752787","1.29290742588246","-8.3587884203985","1.57780609702863","-0.25594649993902","-2.34525207352672","3.49208979755648","-4.98154708035269","2.97552866084615","2.85330676710054","0.701078176233524","-0.637023839592999","-7.40712163396999","4.76332756739248","0.22906722809321","0.773051438738417","-2.69256551437069","-1.60974672284242","6.27054011372508","-1.95146142130826","-9.56705617840444","0.709367226905735"
"Random_Index23_13_0467","-3.02541428301421","2.04011757170674","5.4952070588719","2.99240803130493","4.73695898777919","2.0087834463787","5.09227446648104","-12.7617067562579","-2.78463944518004","-0.229531182026562","-3.6726469519873","-1.05860799815327","-0.56028323681172","6.78849038201084","-1.29825952380019","3.00672190769271","6.17737436928965","-4.68341799967504","0.330317425476698","0.755698211651337","-4.18296147515568","6.75669786301989","-2.05114228540352","-0.0439189360649461","2.2770993570108","1.22046131650099","0.411934349449021","-3.72510247968033","-0.503071801188768","-0.924198238431797","-3.86354944336962","-3.08819717451595","-3.92218922737877","-2.98367413759207","2.98884050614099","1.72398651859416","-3.98868004989019","-3.11832742137489","6.87220481755722","-0.000353840894798189","3.10881799595857","1.35936273623614","-1.27408744489592","-3.49043545817944","-0.133043777337883","0.795711825575718","4.9516023889865","3.1698290715542","-1.85670259468161","-0.792818044622039","3.46738066352431","-1.24714912943676","-0.686841835311459","-4.43459953406616","-3.42166897541367","-6.98553432436495","-2.03688196033851","1.0112632110322","4.95647248838253","1.09521031415836","-3.16502631501931","5.87598696846689","-2.86702702573861","3.68386783806234","1.15630816704848","3.18980043726296","1.71953103541196","-5.62671134392609","-1.01932151066386","4.28337304627083","-0.122912565122234","6.5545930148923","3.12539512959104","-1.1413645486952","-6.76490151763897","-4.30075073891083","-9.09514357756344","-3.92299398158192","-0.392557928986108","-5.10472603299949","2.27594676847138","0.181253602351763","-3.05958282673866","0.514975738139063","3.54052745750833","-6.64946642439186","-9.03245797381801","-0.692091605646916","3.3690042488128","-5.65245950828718","-1.26909644334893","5.27339853074828","-4.82997189619766","-2.37305773221043","1.30817977319763","-8.35544727415166","1.68635198058011","-0.353367381087665","-2.19482304721398","3.3565526174893","-4.96698742368429","2.70605058013597","2.74199218516333","0.715844779970057","-0.804485351474213","-7.45704121613825","4.62391108456601","0.23346435144239","0.953290505814033","-2.63986156661038","-1.64679551211851","6.2018410563153","-1.95307660038494","-9.68126962447483","0.74569659241799"
"Random_Index23_13_0468","-3.16028277862555","2.15130903534763","5.55405178830551","3.08372328612692","4.79704321795721","2.22117476726694","5.18883351070385","-12.9700276334736","-2.74183319134214","-0.230887533380369","-3.6496059466068","-1.09938095204491","-0.486162875646531","6.93383182722553","-1.37900242009491","3.04829204942013","6.22152955843498","-4.82315775710563","0.41287941882034","0.896686601861263","-4.3977241796712","6.8225873357166","-1.92099247445911","-0.0617454528216545","2.21061959283135","1.13905691690598","0.25962288655679","-3.67117031681389","-0.71468660281435","-0.872647628254094","-3.82982689167543","-3.08076941117503","-4.09744983421837","-3.03140528745241","3.26652296517113","1.71801635156547","-4.21364960359846","-3.07826145353264","6.92761035383658","0.148406345370258","3.30507270482639","1.51722270873787","-1.37917693731772","-3.54905766723652","0.0559453580886429","0.972029504236284","5.07159709288336","3.26643519319141","-1.73059769395909","-0.699465762937302","3.52840549558279","-1.27216884367509","-0.632222561282885","-4.60056176552915","-3.57212754014753","-7.13541830935708","-2.23941526633908","1.22735495032044","5.12130623611194","1.165433043484","-3.15369554290433","5.85929648367063","-2.84718388608743","3.7154744154883","1.09222922072226","3.41429783076317","1.65048366504274","-5.68405583398442","-1.04383754138434","4.38753908400134","-0.113356574654123","6.55098498271104","3.19855853528015","-1.12982984061071","-6.83901204514839","-4.42741931979839","-9.03367258084016","-4.06842440707522","-0.416477945173625","-5.30464634371062","2.41403479699436","0.288413031287012","-3.01270527703109","0.662411006464126","3.71858904294122","-6.73125524181245","-9.25192085300579","-0.681744036476284","3.43891851092713","-5.78299434190326","-1.22775674084106","5.31534142457851","-4.97567403815279","-2.30883378252316","1.24596571506303","-8.59474771887055","1.72937140881866","-0.204855062015699","-2.3012381885861","3.62108087766158","-4.99392613468599","3.03198898948684","2.85905187939533","0.899021984163865","-0.733527451366756","-7.67509821215188","4.58606696876562","0.407180790473417","0.665761891846718","-2.70983574502254","-1.6644726881068","6.26804822017729","-1.98520925056816","-9.64376900408688","0.933461541290753"
"Random_Index23_13_0469","-3.25186493182481","2.03639506525628","5.63973710114922","3.07544295687258","4.79039159544426","2.2074566107099","5.27118208121077","-13.1191357062523","-2.74138686750251","-0.250334696301865","-3.74137360517893","-1.14571962433309","-0.636164944908892","6.8914994983168","-1.35756571818398","3.04418596331672","6.40530734068209","-4.75811175448286","0.337258617624297","0.790452588566911","-4.24687088521982","6.6838481229991","-2.00592037010321","-0.00827350797506793","2.2989095003545","1.15581662983881","0.282054611802746","-3.84441382860283","-0.687492271803653","-0.951269442830221","-3.80435413975036","-3.1493064044299","-4.07647386468971","-3.17458663788373","3.26810522597419","1.6008445736163","-4.19183703550944","-3.10315170882426","6.88057129686344","0.0430303328672303","3.30040185212775","1.47376803691109","-1.26419217505764","-3.61612148979613","0.0536841530043291","1.05969242192984","5.11601202638917","3.2962890387796","-1.94979168581024","-0.694958587609503","3.34479743749649","-1.35145243233938","-0.690380999980543","-4.63212823735435","-3.66120425099207","-6.98995025459221","-2.22922066658709","1.33392444518743","5.05376045257186","1.11731259716892","-3.16242761378253","5.93036058397742","-2.78040984328792","3.64241980339011","1.13257934764687","3.53712826885667","1.57301735497999","-5.78563638520834","-1.04898207890476","4.33065734799762","-0.246128570986246","6.58614336765743","3.21587607384773","-1.13551107154035","-6.80721726903586","-4.5488733729064","-9.21028467157172","-4.11872623213243","-0.313479849293316","-5.20802693880987","2.41675652660644","0.272015158283862","-2.96250547323496","0.637300126721261","3.60690596334226","-6.69303155230439","-9.37039477556497","-0.845824419201113","3.49076429355597","-5.70710534216788","-1.20482280371116","5.30115098720238","-4.98659324758679","-2.15751703759215","1.27211416722258","-8.37533774537784","1.67511592786363","-0.258513843281514","-2.32378885219701","3.66663705619113","-5.01995025119649","3.01969918055667","2.79631178692697","0.835417418966733","-0.674571244724427","-7.68350828845561","4.64265326008481","0.367783478785554","0.695749985779539","-2.72179587471541","-1.74965232395204","6.33524545646132","-1.85753519348551","-9.75379628713667","0.873441248087687"
"Random_Index23_13_0470","-3.14638100993188","2.17275766767184","5.60803085995115","3.18683503262103","4.89167725495836","2.08594000271485","5.15129158804234","-12.9658043554771","-2.81770265015917","-0.336254360900757","-3.7723212766507","-1.20938655801447","-0.650946838130117","7.05066399558836","-1.46540449461636","3.05833295803492","6.36474077600897","-4.72609817570614","0.163937872181614","0.890970086187732","-4.35729375666026","6.9790641614024","-2.03834501850442","0.115578019119747","2.35735629196466","1.12509338131553","0.401462902668043","-3.71476158724954","-0.52164928009289","-0.993037216227442","-3.88165917747821","-3.1475200475489","-4.06164064946975","-2.95365709487295","3.15275050197316","1.70878783499286","-4.26611538014823","-3.141886190529","7.07085089875268","0.0613058288141125","3.37066321424954","1.39709105668637","-1.23011404888422","-3.50404066832638","0.176071283579701","1.0147875083154","5.10960624139597","3.33846859987443","-1.92681654951356","-0.53522055177285","3.56091167309688","-1.35929300828384","-0.76057383720084","-4.59670362211718","-3.56844928919796","-7.26687893873869","-2.10412876764112","1.17538311427041","5.0866640555238","1.11654489401533","-3.15062705493455","5.88194623515533","-2.95426525213041","3.67947467543662","1.09136922612155","3.4105542387601","1.58514569638893","-5.88673870575446","-1.06594468123918","4.52916968572751","-0.148485494517692","6.71346750031271","3.19561701314195","-1.1078188938023","-6.97667133421847","-4.55531541417641","-9.00880807599357","-3.99531046099744","-0.515743365973421","-5.22180215338311","2.48532946081638","0.192740688422921","-3.19286816199763","0.799320607466909","3.81321166257547","-6.83081991007248","-9.22413140248299","-0.726843215425189","3.50252914384523","-5.56905491327011","-1.13758648450932","5.46758658535602","-4.9404469527608","-2.3150529449802","1.38669063704412","-8.62823249005688","1.75727721266496","-0.40416140230932","-2.30189419472986","3.54213374950207","-5.13179039427761","2.97612236693636","2.91864735678071","0.761993355819486","-0.714679555424127","-7.63795053605843","4.81741916023515","0.255380770233779","0.823166685786764","-2.76726618380287","-1.66631011280213","6.25889153333552","-2.03719763240961","-9.73670942860493","0.822852116624034"
"Random_Index23_13_0471","-3.19447858426862","2.18821569653876","5.57860638986599","3.10384684682542","4.83897685601576","2.14796219830989","5.16368209990157","-12.8971318603729","-2.71173499427224","-0.294164442885365","-3.70685430848576","-1.1700301343384","-0.558024852230974","6.87681252667448","-1.46715098891215","3.04124884703718","6.33577217691423","-4.57559162603928","0.273838346542327","0.865760103688191","-4.46157027844849","6.92720365180873","-2.00518448255451","-0.00147340050470755","2.24549026301799","1.24148472520236","0.436380554796129","-3.73854068117318","-0.603067837269079","-0.919303914573335","-3.81234264953448","-3.06571677479095","-4.05525213437546","-2.96504693782876","3.11277053261775","1.76855742730133","-4.28289376469093","-3.22010099637739","6.96638296230188","0.0948767267587432","3.29616871931044","1.45762117956523","-1.10275424007437","-3.50618810146451","0.0851637440032467","1.07343837432639","5.11100421115149","3.36157916681232","-1.66890984702586","-0.57564668012398","3.40362615043804","-1.29378336117082","-0.687620165431826","-4.57369936623176","-3.53165244388192","-7.15255421264378","-2.2039556461095","1.1418414279894","5.08445151846099","1.08513705591016","-3.04714321400221","5.79595451174088","-2.86682297559475","3.58184223695601","1.07907957272075","3.34465310125871","1.62379379649308","-5.73440334505684","-1.00478300700465","4.36507656501978","-0.185440371513242","6.63021530097654","3.25546829199874","-1.01970365090304","-6.79106085962982","-4.59249739425786","-9.11884521625277","-3.94458147496857","-0.350287226656267","-5.35049250869172","2.33495440837759","0.168540454993575","-3.1093913452883","0.81760400562084","3.5762824961153","-6.65689385211783","-9.17982365235854","-0.733508359760746","3.51258921876015","-5.49479153225857","-1.20952521367797","5.41394038200375","-4.97016979607629","-2.23762485039197","1.32665617236198","-8.43887117615188","1.63153041120806","-0.361085777890504","-2.30168974983482","3.42759985380541","-4.99207919483843","2.75069211305059","2.76931327871526","0.802006132566074","-0.611934952085967","-7.57255352469295","4.6897660219104","0.295758746230606","0.736717197898326","-2.66219373961543","-1.70600860638581","6.23752281591905","-1.74781621028824","-9.58967005170928","0.800237899706911"
"Random_Index23_13_0472","-3.24119404792858","2.15041868584213","5.54101125588295","3.19034318069431","4.76928727934092","2.13929071675264","5.19116823252866","-12.9822557679427","-2.81272836658518","-0.337385154398723","-3.7706085520588","-1.23428920276454","-0.588769019784618","6.9081674330082","-1.4477197146818","3.05986604505235","6.49221795120449","-4.65070158758648","0.213300377075126","0.786637049759305","-4.42095192776765","6.87570735356135","-2.02607785762036","0.0463141738124193","2.24245359914836","1.11405113935218","0.337160312173956","-3.74083780226631","-0.646416793479142","-1.07275269585162","-3.8558698387668","-3.12176901804828","-4.09633119049632","-3.08871061753495","3.23446830722263","1.65141431718546","-4.24503550253012","-3.1568210472554","7.04725981252477","0.205857516581326","3.35833138917167","1.43008593682014","-1.00006441693401","-3.6182763263827","0.101369396279063","1.02754968484693","5.07403239911049","3.36746665943161","-1.85126574691598","-0.660669010342191","3.41109275726854","-1.3560322919368","-0.750244223983484","-4.56778412873379","-3.63702226402133","-7.27175344929887","-2.3655173360358","1.22815254381556","5.14649916880001","1.07852625902052","-3.20172018216337","5.84547212569537","-2.85882526861423","3.69691361807535","1.12342993816198","3.55413228031141","1.70240205246397","-5.80807060496967","-1.11173030435337","4.42235374490843","-0.125233543240811","6.74949584266944","3.2359245112303","-1.06499546987806","-6.85485484436592","-4.47553305594437","-8.97112231573216","-4.13218491496156","-0.335143554286127","-5.36298667370861","2.55408771715382","0.210617727286908","-3.07211967256156","0.841140192092889","3.74061691794008","-6.67015006604087","-9.17597908450376","-0.781809764848087","3.49830563519704","-5.57874499118683","-1.16320844387657","5.31951528930569","-4.94838890580609","-2.35832627066381","1.33797402789318","-8.48625769163104","1.64453151160888","-0.334755556100985","-2.34902002600045","3.55794176381949","-5.00083293700774","3.10542018724923","2.90134835137483","0.889009463574479","-0.628597444018685","-7.69117955581233","4.77808919799139","0.331760103023422","0.764334398049241","-2.83026054469178","-1.68225540648703","6.37276917631017","-1.98648666642719","-9.63196996058854","0.883613544456609"
"Random_Index23_13_0473","-3.06756496739382","2.14482948921943","5.63188938151571","3.2477789513048","4.89862744868983","2.08927856989014","5.22566855491655","-12.8715752044175","-2.74951319197504","-0.358573715156472","-3.82408062503277","-1.33676967280061","-0.642859253874251","6.86154616620854","-1.55526795345604","2.9878468620651","6.44594228003885","-4.60468809896368","0.162167052203516","0.884146629875834","-4.37197116368358","6.88114114104131","-2.22602458126189","-0.0295408356743706","2.48523467666707","1.34450082344867","0.448680319374248","-3.95167778601964","-0.665877427383599","-1.1401820919565","-3.87664129188295","-3.29949835597437","-4.26884239572856","-3.07136796715981","3.12661871198147","1.70586351262072","-4.21554198767644","-3.00895335727545","6.98733263613116","0.0417344625996943","3.35443083912431","1.24939097093574","-1.40801463907798","-3.57878879458453","0.216011531435659","1.0415881669463","5.15180628343149","3.40741868447598","-1.8126804816303","-0.459950438363422","3.51194853261171","-1.38115590917151","-0.89230828585108","-4.37722016799625","-3.71365547738786","-7.07472197686697","-1.98168446365445","1.1265787112485","5.23548606168632","1.31974952862706","-3.06066389960733","5.89038364064733","-2.8320881887517","3.71738583088558","1.00973643566774","3.39118202875876","1.62802431987144","-5.79568776250183","-1.10767759742309","4.44277617558249","-0.145052703236498","6.61479056340699","3.25891912309084","-0.933254755580811","-6.85920635174261","-4.61270598454798","-8.90005866948719","-3.93048247942203","-0.318885177269887","-5.19782624946732","2.61440958643322","0.0638900484985158","-2.98590111982585","0.849942746910653","3.79715353999598","-6.65800257455845","-9.24081473785645","-0.858161939503325","3.55257612362904","-5.54586576569906","-0.968586412209296","5.35253120310667","-5.11296564105366","-2.18890767893188","1.315296202416","-8.38232307039505","1.55948048519647","-0.403395736471859","-2.47483149590895","3.43024147693069","-5.08365751668133","2.9575406109847","2.96459116045712","0.718685550637675","-0.711087237863722","-7.60978392536467","4.79744549191697","0.194208946379576","0.878670167811502","-2.7647593146382","-1.65962995267809","6.42231794732183","-1.78966369406022","-9.49685918228576","0.912987488437944"
"Random_Index23_13_0474","-3.40685230927646","2.27904071000544","5.7084078333056","3.25381453168225","4.87807188733278","2.12230458381024","5.18047800890243","-13.0191577427495","-2.7750879065178","-0.408042885242675","-3.75990070269879","-1.31724175477685","-0.720805749083653","6.9669181229886","-1.52727193582398","2.80848466079724","6.43997624397295","-4.73207645996593","0.167124026398109","0.705287105700147","-4.43524861369052","6.93531464062561","-2.12131503142341","-0.008420000318887","2.40310209625788","0.924152651792783","0.198469904526574","-3.91684115834646","-0.656416231230138","-1.16807324998234","-3.83956653993181","-3.28691788337599","-4.27894792233844","-3.01505515201601","3.27425957953499","1.43903196896947","-4.08891282982194","-3.05714835509157","7.00781514464387","-0.008799542971983","3.5331623741395","1.28980779394674","-1.44689272536742","-3.68964254312811","0.096101951011523","1.08128229800336","5.33481707391381","3.49204053380565","-1.93553179935441","-0.442587704779813","3.48626047755883","-1.49692574806308","-0.890911288630881","-4.78849661897175","-3.8081923275185","-7.20987409864052","-2.20249760847658","1.27715149627129","5.42859289767985","1.346931763838","-3.1655929686127","6.0060797127133","-2.75066237341192","3.88442832379719","0.879311436514303","3.51181695644823","1.48952906274872","-5.90312913679975","-1.24283328471268","4.43780012588242","-0.326780485423778","6.71535635445576","3.44024235407879","-1.20249771155633","-6.82981458569168","-4.64955924395537","-9.13873140566747","-3.84667165556739","-0.518187429985369","-5.18771009171571","2.68950430074106","0.188750333232264","-2.95266127132313","0.867447203234343","3.86236693801369","-6.74077877873084","-9.28582321279649","-0.988104560937135","3.66212010586557","-5.65455011103199","-0.911472885097065","5.2920770902236","-4.8959417833436","-2.33626590320884","1.27877925904652","-8.61897895546224","1.61541962575725","-0.356423229721792","-2.35495749249595","3.54100050000374","-5.0283021925173","3.04659075747485","3.04992663296277","0.682649110565769","-0.82799574394471","-7.64307756653387","4.94208715225553","0.257256512064391","0.888878165705703","-3.02786621721158","-1.54705474651832","6.52061039211339","-1.97714795396066","-9.80756649729164","0.945673043113328"
"Random_Index23_13_0475","-3.08588791942636","2.03366197075731","5.51680725555357","3.15337188364101","4.76438136766463","2.1411108534067","5.25243431358905","-13.2181982530528","-2.9341992685638","-0.319976805673598","-3.80992671195326","-1.26115083033003","-0.570651737484822","6.94704827598253","-1.4476713684303","3.25782881332693","6.45939713758266","-4.64876954017516","0.188836166104903","1.0368927580159","-4.397281513034","6.83437567423801","-1.94076234098213","0.0207296934931791","2.21475510828144","1.24359156338382","0.435795272588058","-3.72896406172359","-0.702906733984405","-1.09228718737897","-3.90458309194415","-3.15143074506238","-4.13698234573385","-3.13255599291739","3.16816097974133","1.73651402796257","-4.38461203636926","-3.17964585968629","7.07475036682666","0.201331102646816","3.30588035316512","1.44726794334953","-1.13707321783162","-3.44750639464522","0.0774098159085838","1.18992832782149","5.00154834920738","3.29475670573627","-1.7885920180178","-0.640076538934251","3.29174409678251","-1.44472230765117","-0.863074726613496","-4.39852617964671","-3.78499484712367","-7.34496943296212","-2.24407595418309","1.08250796117777","5.0777809255415","1.24703849921679","-3.13691605627921","5.79907266683197","-2.89550149510689","3.56246654706991","1.22362613192404","3.49011655237283","1.57584595554397","-5.97761462773525","-1.17309429614019","4.39531803353237","-0.153975176716397","6.60392200838145","3.20311804917552","-0.925943785263866","-6.81061592566033","-4.56978260366014","-8.89534533266258","-4.21422857345756","-0.31229109775635","-5.38172661310878","2.4250444429137","0.275741496380871","-3.05949238404469","0.94976886199735","3.6933273176407","-6.7843557364857","-9.37959535551449","-0.751837275184648","3.54057586605709","-5.41055227404387","-1.2307252364881","5.53739423454673","-5.16940306750829","-2.28793894653975","1.45161137510718","-8.59254022999433","1.58938326719365","-0.37051676886369","-2.36895503779318","3.49489840443379","-5.02760002844297","2.9983995972092","2.87408853553794","0.973472521218045","-0.536236239232068","-7.80705821265585","4.61546496766361","0.344569637248439","0.601166083147599","-2.73390868300412","-1.80662378495282","6.2150125121159","-2.09703547025273","-9.63088269277341","1.03308345459782"
"Random_Index23_13_0476","-3.12574513156623","2.06529543800689","5.58382223253562","3.05955626950975","4.75790153664051","2.19258348648969","5.27131070586061","-12.9865863534379","-2.68226578493204","-0.212164494890258","-3.73773650163868","-1.18493062320981","-0.497982651880187","6.83278953810615","-1.35459610272943","3.04116407039468","6.42877860586615","-4.69695563556541","0.229243725631563","0.827586193615616","-4.43306033008223","6.77973408194981","-2.01285681089715","-0.062600285435941","2.30801602352111","1.16530365299352","0.376472569016574","-3.82295957292623","-0.642714947888728","-0.905634337081896","-3.86013338045243","-3.05017236123","-4.10635495813244","-3.19417630562884","3.26081638610907","1.77765834269406","-4.28567993848193","-3.15523052970413","6.97479870858568","0.136392625769762","3.25806304129534","1.4707437896824","-1.30229976432011","-3.49924265887596","0.0469539263998829","1.0215165544028","5.02800331661219","3.27820690160726","-1.84636868443496","-0.609935115927749","3.38132885465017","-1.27240182516483","-0.710107083136878","-4.49682682336778","-3.64053771556989","-7.08173908380829","-2.17309486271713","1.25413972161424","5.04372190632603","1.19566035703718","-3.10693025489354","5.79652479347502","-2.80133384433694","3.55005056863537","1.16799200722709","3.47873312988584","1.59874290584373","-5.8214320848902","-1.04258204742775","4.29439219106018","-0.183898946036217","6.54396766271198","3.23221151242897","-1.03077732898698","-6.82568571920465","-4.61244580486679","-9.04285888245794","-4.0143437259897","-0.285281698973972","-5.26519333434494","2.38136229608183","0.244513675713283","-3.00876346437003","0.843515088439224","3.6213793984054","-6.62039737178855","-9.16914622404276","-0.783513239569205","3.42719961864313","-5.77128267147305","-1.23248355333681","5.39730492915407","-5.08877260905808","-2.20865771526288","1.29694945340727","-8.47909035271081","1.5544448093131","-0.261643177844678","-2.34779075875119","3.56441962318906","-4.96233271197938","3.01960164796448","2.78769861499505","0.871945680989026","-0.692367758625057","-7.60325618277105","4.63871697646759","0.34417861533172","0.654632807018432","-2.74961729110089","-1.74597737138373","6.28307857413095","-1.85753298281965","-9.63919011218519","0.963313051225506"
"Random_Index23_13_0477","-3.13036286702593","2.14707397346853","5.62046305129307","3.17926249490905","4.84058417475384","2.08227082221331","5.26299233675186","-12.8812513998129","-2.74434475747768","-0.254669592574432","-3.7257704451025","-1.20197876949689","-0.637028591217626","6.91802206334151","-1.43305764669897","3.09184541522881","6.25486547785389","-4.67600824168428","0.250650714479289","0.854800977496089","-4.24735755487358","6.81966313395249","-2.05956462742879","0.0762205626566737","2.39266756260462","1.19543595243626","0.393554454364948","-3.81254203251914","-0.626268812684649","-1.02973734350688","-3.89445256917381","-3.15777269874595","-4.09584021009981","-2.92239553049825","3.04859944947699","1.68425966806442","-4.17698012283361","-3.15150379079077","6.89948711470146","0.0537005049888233","3.4276316149163","1.37586005084528","-1.28928654818006","-3.50852184962601","0.128283708486737","0.948296957551718","5.12734387430985","3.31618733150811","-1.89178427769006","-0.583495585889538","3.51762372054735","-1.38671335814594","-0.730429157528888","-4.53432219497396","-3.61619108395379","-7.07337398651781","-2.22683877770273","1.05305009563551","5.15082692666122","1.19926037519522","-3.16031355409696","5.92606439842887","-2.84056941691651","3.72396059589334","0.982763790765687","3.29117402510314","1.76282145983298","-5.86504728123162","-1.08923971998225","4.41343831060499","-0.167191913741324","6.55721455567037","3.26181020906686","-1.08985197655972","-6.76832739124093","-4.42347813398991","-8.93463421899894","-3.9713082074116","-0.357193297123956","-5.14765148143022","2.45732309603516","0.196863330528506","-3.0450838951429","0.753801613421004","3.70380259950542","-6.70800918895093","-9.16144821921562","-0.725610615923358","3.46341580316402","-5.50452785601003","-1.0987966491594","5.36500764002916","-4.94409299653494","-2.27291766596966","1.42165172825135","-8.31473439354917","1.66894985635809","-0.348139359438737","-2.31465786740665","3.3781105590123","-5.14692633916746","2.87285529265625","2.91393457442549","0.724771082312205","-0.602923857269778","-7.50202616024488","4.68990125864403","0.247079743636502","0.878226976364219","-2.75463881909623","-1.61208130688917","6.23829440920907","-1.90301869470256","-9.65678711729192","0.79230188073251"
"Random_Index23_13_0478","-3.09312719197119","2.12618643140219","5.59078030658887","3.22860288996146","4.83378448367303","2.10682403078285","5.23572835942056","-12.9943811244965","-2.85577948152834","-0.338496839140991","-3.76651984610537","-1.17236177122224","-0.569686212724977","6.94439315376851","-1.40162627200741","3.13343583229899","6.456808074598","-4.69374877371202","0.203776034869084","0.992989182969993","-4.37000227492406","6.84047259938998","-1.97282904864412","0.0802502546501757","2.22264178848153","1.11380732383216","0.470063532726189","-3.78993355527711","-0.563329144093495","-0.984733956235435","-3.9247698089067","-3.11212914735283","-4.06798109296133","-3.05551576205514","3.10791974653112","1.73229979161931","-4.40753997175486","-3.23133986240385","7.13152390865726","0.125931488668081","3.31001386956098","1.4939845782447","-1.22609691107245","-3.5200132516753","0.0420559361266856","1.05150862260507","5.08896732225134","3.34994810454322","-1.7797156480406","-0.654285939072551","3.45027019497919","-1.2992809483219","-0.733029600832862","-4.42357219451138","-3.53787168265407","-7.31841016072371","-2.12893243894137","1.05719926486452","5.15013831182461","1.208009890302","-3.29512820104952","5.81030754426507","-2.8948082054276","3.62009777140891","1.15420027715849","3.38344053091456","1.62848448933539","-5.81066881952466","-1.16915013288815","4.4443566850782","-0.197994917544827","6.66337935083339","3.12740500062812","-0.958048719628779","-6.99318059402806","-4.61877805874239","-9.09960276917655","-4.21276359414712","-0.358691487931904","-5.30833983151232","2.39649671950452","0.207882706282013","-3.13098091725053","1.00760853332708","3.7616822009733","-6.77541662002245","-9.29397294477327","-0.690864286006734","3.41358382932049","-5.58609660519609","-1.22671947399046","5.37736674769014","-5.13677550211973","-2.20526578902273","1.50581394961217","-8.50528041631351","1.69563049178479","-0.37802240544411","-2.33548774335293","3.44420904931255","-4.97727756119367","2.9592764019759","2.88678341725003","0.838023757570455","-0.653307825474366","-7.55635123359224","4.68956331360925","0.27982209930435","0.664712825970285","-2.65284995617892","-1.75760770954086","6.25717825084008","-2.05843257437227","-9.57697166920498","0.900054494475397"
"Random_Index23_13_0479","-3.10408844522715","2.148264476363","5.70673217180954","3.22811742245997","4.99193691688731","2.02912966577526","5.20967900762497","-12.9753809547742","-2.84817816114684","-0.326635189156154","-3.81680242373349","-1.23947492797544","-0.69317269131027","6.85958012736265","-1.4601378675052","3.09060347278815","6.44457546231728","-4.76091664982143","0.156097602323858","0.890834808081413","-4.33841868782653","6.92855226541166","-2.13781024765641","0.0862306590921492","2.43915780671901","1.14847640202303","0.403071524340088","-3.86523144736171","-0.58186621833746","-1.06094138006754","-3.90751933102279","-3.22737702042369","-4.17681465552142","-2.95323863884916","3.04664109121725","1.65281066974433","-4.1843087537926","-3.07931023450358","7.02856859116635","0.00346459953632521","3.36421084358293","1.28760532765497","-1.32440874575691","-3.6248047614603","0.160181061554946","1.16118562150046","5.29324084041888","3.37664269150145","-1.9980705321531","-0.540735558043876","3.52113362452577","-1.4433572679004","-0.894907110529698","-4.54535953777064","-3.61524992801276","-7.14309384489869","-2.1038940389001","1.06812009644933","5.21395438971804","1.20484681360916","-3.22810776729809","6.00582165468953","-2.92847571597495","3.76353170147172","1.01673554932702","3.4255765554631","1.51696912127222","-5.78155544125486","-1.14380996356223","4.51510101374443","-0.0998887305997818","6.68394533325989","3.28954677616712","-1.10864284001099","-6.79993709972826","-4.50460178241228","-9.09052699238127","-3.9490491275148","-0.36565477674893","-5.10391512783092","2.51644406793021","0.158324956321675","-3.1112376437932","0.90361451462332","3.76563379529071","-6.72216887814733","-9.30169978912159","-0.890073969214359","3.684828345528","-5.55470288338633","-1.0741985325453","5.34930637497779","-4.96710634739537","-2.23223332261812","1.40102713204442","-8.45645913895233","1.6584265387098","-0.414925424266987","-2.32192056535571","3.35776371008332","-5.1942876763986","2.86852087303005","2.95562320047782","0.719357744665479","-0.646678093831886","-7.55387279600654","4.83740961608059","0.191666524241468","0.893472655585292","-2.75656041910793","-1.59127262867206","6.39468669207416","-1.9920843651224","-9.75381818813945","0.807144302071682"
"Random_Index23_13_0480","-3.40601997437204","2.40771898207145","5.84695789863003","3.43627059193986","5.02965925776773","1.95644767271709","5.25197544512617","-12.9064343063341","-3.08804346790614","-0.528189480470325","-4.04749162627231","-1.41957692549496","-0.858052016101669","7.21696689532229","-1.63084413791837","3.01948629605614","6.64754046752209","-4.86645769980416","0.0187686340375966","0.914921574127778","-4.36250281337536","7.21221394733331","-2.25740953208285","0.117942127477465","2.48363207806987","0.853208164666308","0.364922839752324","-3.98536457981358","-0.512209325204139","-1.22011766170201","-4.09456167994285","-3.28382083994244","-4.45770828620862","-3.01227831361014","3.34959920600096","1.37755056149271","-4.29207063423041","-3.03006769574712","7.37367211350305","-0.128809867979668","3.48152209279324","1.25243339529662","-1.36950407866318","-3.7803907939574","0.330714515903593","1.1646777066944","5.38229931134392","3.61266887812919","-2.05130705974479","-0.474448017003753","3.62406946964317","-1.62258421232699","-0.985666016721442","-4.57852933821694","-3.71219173616622","-7.29264571011937","-2.01916379293244","1.33209907798341","5.42175255706198","1.20792637314785","-3.34120871321396","6.16047189998599","-2.87906951460729","3.94812180514915","0.866091724079639","3.55672457713166","1.38030407150494","-6.00677535894669","-1.12434482181563","4.63149737726239","-0.241707823646044","6.99159463640038","3.37750888154478","-1.04328052476154","-6.96790524145334","-4.74754362230673","-9.05466333185508","-4.05821316284626","-0.567003623541038","-5.22975341435304","2.70823831820168","0.151679622535116","-3.01403516076181","1.01009795946205","4.07227901008962","-6.96450660305391","-9.61269324858355","-1.02273644374532","3.81235670879197","-5.5111021813818","-1.0102948643682","5.53161606540007","-4.90954410021919","-2.18876075480153","1.51019831369365","-8.47341427264094","1.62470339542282","-0.573528352163935","-2.36973876128119","3.70877546844574","-5.19201461081732","3.05071989186854","3.15364262907297","0.726144781554863","-0.879486456127531","-7.6228171673282","5.01520586336317","0.278074023543823","0.862641420112399","-3.0816559704854","-1.38906280145586","6.58205394851535","-2.1907019089549","-9.77991881637239","0.886589625313652"
"Random_Index23_13_0481","-3.14952145234438","2.15515941928576","5.46989799765193","3.09765062371652","4.70098663213802","2.31356464010933","5.20711891347893","-12.9950698055533","-2.68676748896795","-0.149799187712566","-3.63960040079757","-1.14328182967935","-0.531496290721802","6.94768480073704","-1.37311227659027","3.02874300460146","6.42795409879305","-4.65675962437292","0.354440395246034","0.78263424565121","-5.09675647480762","6.8140205646344","-1.97974874727664","-0.0998103243006681","2.32913766251611","1.33373033441764","0.323222269155381","-3.69986318549678","-0.604431129324904","-0.976907109911688","-3.80558419640764","-3.02208807563071","-4.09923023146857","-3.24537981185603","3.17289823905798","1.84081327092714","-4.24161952009632","-3.09206670896783","7.02188294966727","0.250130058060253","3.27708771802981","1.45538785120346","-1.19334062296264","-3.50183791175558","0.0273288227631377","1.09884003973477","5.07409270606134","3.34234944246063","-1.93900475231025","-0.725977056110557","3.32798472804499","-1.24282429994044","-0.710285991646044","-4.57121388735303","-3.49373517073985","-7.27338539463972","-2.19460961478931","1.07911943129823","5.08675988159093","1.1540932600469","-3.13669143795077","5.82931959664127","-2.79374759611649","3.63345056987659","1.16395482868579","3.37136689291097","1.65209609269101","-5.82077084562964","-1.13771313279869","4.26751923888195","-0.161702257127928","6.65950446529964","3.11970075959082","-0.873658809423629","-6.86921993909084","-4.4552398868647","-9.14889682232507","-4.15711709189064","-0.391834206286705","-5.35525905392256","2.49949991387928","0.245182096780106","-2.95016301202936","0.750230473519653","3.69968020489632","-6.6651879729094","-9.21644261846057","-0.687125112849156","3.50544676648708","-5.71690676485546","-1.12791005133348","5.31829233534109","-5.21410465322172","-2.5454660269259","1.30102191214413","-8.45006166421731","1.4796783811369","-0.261054297752886","-2.24029766543044","3.4392882145846","-5.02812459169866","3.01357851689695","2.87278828057023","0.967510376079469","-0.512973900269443","-7.71403300474864","4.64463978715526","0.388249357497164","0.711142762925421","-2.7333226707739","-1.79278026406607","6.33564244668337","-1.93920460298643","-9.66630984442559","1.01088222591683"
"Random_Index23_13_0482","-3.10142244473613","2.17260404279542","5.54043980638477","3.135176193451","4.73087699502892","2.30085681045588","5.51604289047748","-12.9143523136526","-2.67988122813379","-0.224710922443649","-3.78660153701475","-1.1833554957691","-0.602329261573041","6.82262548423937","-1.40163062707262","2.96719880448579","6.34805722131097","-4.63794017786824","0.335914963506931","0.802807323807128","-4.41426319940506","6.77598333830668","-2.02033949912353","-0.0536052749957652","2.31948527541128","1.05623565389859","0.305121435511436","-3.77778947853824","-0.657286098501147","-1.00509075601015","-3.71772592219765","-3.02982671656276","-4.08798391522238","-2.96930877135108","3.32292521719628","1.73321762386591","-4.17174172910183","-3.08269489908208","6.96867425750668","0.143555736254896","3.33834332993597","1.48809962979516","-1.37745121343816","-3.49984840566309","0.0300187815863634","1.14175620357408","4.961298219454","3.30312770349253","-1.73766132724151","-0.640845069283122","3.34067243487179","-1.37863249009191","-0.695083040176087","-4.58899519866554","-3.62501600065752","-7.11707626544745","-2.19136858344059","1.18415824411818","5.10012115100568","1.17573895107784","-3.08962734722159","5.83565574103057","-2.84505233333312","3.57404075083143","1.06983238857051","3.55849284988001","1.62412265144446","-5.87624196712222","-0.971207608806578","4.27981548596031","-0.161883374935053","6.4583168647335","3.32175856283042","-0.996256866063349","-6.70111002897474","-4.56223636454183","-8.93831187930117","-4.05474886937695","-0.308545771015427","-5.18673695457441","2.46585933545703","0.304775153922263","-2.92655275995076","0.926877131946151","3.69457557746372","-6.66592965685312","-9.19294816197547","-0.84305534553063","3.50650538989394","-5.47374083586125","-1.19442039901438","5.40696379993772","-4.90619372001767","-2.23678603156627","1.34034144338255","-8.60309137728001","1.65331255720388","-0.221593960523877","-2.38179144468446","3.61884100630951","-4.94932208841005","3.24416383267125","2.88913418236315","0.962557440260972","-0.771292919545633","-7.75173419728876","4.65208440019361","0.436645657047674","0.593932102040315","-2.80967353608653","-1.6005677350602","6.21834730055456","-2.03343156072635","-9.56902191323847","0.922445146792983"
"Random_Index23_13_0483","-3.0685936307208","2.0226311777085","5.51529625483021","3.11561383480475","4.72272618598811","2.19017204899739","5.25168208715672","-12.9777341542579","-2.85385240476685","-0.220210770673587","-3.7209336332866","-1.11154412914446","-0.528186382231363","6.88242329513279","-1.37713763373129","3.27651343254141","6.33412239525919","-4.73773076540988","0.296672733670414","0.984133841472714","-4.36727312241223","6.81020246263834","-1.91703680743076","0.0711932837588553","2.26492960263808","1.25942605933276","0.49729588786688","-3.71424193151855","-0.561238173403019","-0.966774212554143","-3.89605715363161","-3.00930454916519","-3.99367686797591","-3.14600152210393","3.16497323219422","1.7900414619973","-4.33404098761692","-3.1995966261209","6.94184246662141","0.225982133875288","3.18661546915522","1.48754298474408","-1.20555639819501","-3.54988776291995","0.022430887186586","1.02324659218766","5.01311825425754","3.19110366501355","-1.792358303975","-0.726623597329912","3.38956169211185","-1.26857146473459","-0.662802318089264","-4.42270183134361","-3.55003137012653","-7.18495345303621","-2.14473987228318","1.14396119571679","4.9991770615862","1.11245027844044","-3.16700456520532","5.77312734685872","-2.93852474395309","3.5382900555448","1.14136465339261","3.34203739581692","1.66114525981668","-5.73517706950868","-1.06514463061939","4.37658066488716","-0.0462253356765668","6.49384886059995","3.12772336853504","-0.938100122587805","-6.88116448489774","-4.50726030048218","-8.92380608262219","-4.13058669133566","-0.333362260310228","-5.29628681285903","2.33761139929793","0.369596574376388","-3.01080919038341","0.890206844474241","3.60797870944935","-6.77449961478271","-9.15638376620037","-0.65961306549596","3.34068123790674","-5.65392274112055","-1.28663036211694","5.39793240208102","-5.10589555000705","-2.19216793853384","1.45267914910883","-8.3661743882479","1.64825613440149","-0.306722553778667","-2.21746038304493","3.52068683406191","-5.02853532938202","2.92145808158519","2.75917629742337","0.916586637335849","-0.628579253085142","-7.72929616027406","4.53263052077983","0.452171264549492","0.696178554030724","-2.63828826496879","-1.72708457277414","6.17220584282663","-2.01409802709856","-9.66950761189141","0.962025894230884"
"Random_Index23_13_0484","-3.21608023370794","2.05476853832531","5.46163506257465","3.08141494508188","4.74309122969457","2.23104262158343","5.23369410159295","-12.9464224953408","-2.69519038467312","-0.292670571062694","-3.7188418492112","-1.21266789993638","-0.628246370752979","6.76206097244377","-1.37086481006024","2.8528368518254","6.30036280802575","-4.59018147264263","0.257524386236953","0.697130268862948","-4.39705163888863","6.70835145444811","-2.08429032918889","-0.24782855892337","2.32847554149708","1.1828283560847","0.124687801287497","-3.81370596836845","-0.686486818578882","-0.981424035169463","-3.76111776906014","-3.10279359516315","-4.10096087580114","-3.0304730610137","3.17041779858074","1.74306246204369","-4.13982147569746","-2.99802613806234","6.87622575202078","0.183136746235399","3.25287155135995","1.36433142057509","-1.25934143714299","-3.54552714955656","0.0708864601494224","1.01726890609489","4.96574118747379","3.24052706265733","-1.70607727908707","-0.595257601727489","3.3630566347147","-1.34610156242853","-0.725590227289481","-4.50149466542301","-3.53178015076834","-7.02836255410471","-2.26064539652667","1.12688075020424","5.0189517152869","1.09871202118517","-3.032436164065","5.74241516068105","-2.67234774772006","3.60428702252166","1.06439324095729","3.38698324826236","1.61436437682415","-5.80333270044272","-0.953475557515055","4.16503393459398","-0.0846068148065277","6.54964894224872","3.21155042299874","-1.07125767102506","-6.748063655692","-4.47211114376122","-8.94719655122268","-3.94371376803449","-0.332321178300939","-5.11022950235245","2.57325700988421","0.177513261098786","-2.92067805767852","0.694721343779556","3.57866303676212","-6.53223299406011","-9.18053175630707","-0.776268665951497","3.38946585838991","-5.61989413236112","-1.07613298374916","5.13703951851808","-4.94095213833541","-2.34819704087495","1.22706417500264","-8.37038801423389","1.46063059721287","-0.287876056633517","-2.43300163328742","3.40988814259204","-4.96128425192569","2.90568013088306","2.84213578110953","0.802346431529817","-0.668072741634966","-7.55352301637632","4.72672985028304","0.282526035505434","0.841123211296246","-2.74053942265692","-1.70531685085704","6.24906774771854","-1.90923575391503","-9.61095571827355","0.917798256300399"
"Random_Index23_13_0485","-3.23882076975766","2.29921142845455","5.68185355260173","3.26079786221176","4.98654809129589","1.90341916963636","5.07037890264063","-13.030267469043","-2.98564560172255","-0.39396523602479","-3.81981386944894","-1.2400449898513","-0.790163086140012","7.03367141873861","-1.48966021230431","3.07657795610431","6.45582384228841","-4.7488470840223","0.0917020907294716","0.863276028920175","-4.33072547262561","6.98805179926425","-2.15942328480506","0.0858461527277721","2.40575786040284","1.04211549537889","0.381109582443029","-3.85402423972399","-0.507824703129195","-1.10076083095385","-3.93573875159509","-3.24268354044238","-4.08875096003692","-2.92905052736303","3.18870973780801","1.55575375866481","-4.26771488085245","-3.15201898278926","7.12143374925026","-0.0592046014308377","3.45638996192859","1.24463844210108","-1.2700755273098","-3.70463423903509","0.172974597714265","0.983041604442311","5.25192915439908","3.41929283795406","-2.0085049069839","-0.511267677914362","3.6579960493619","-1.47487112621856","-0.860865538337666","-4.5499723811833","-3.63551123770755","-7.31906729889101","-2.16030994253051","1.21207980180231","5.21967673516775","1.07010293643333","-3.28007013072422","5.97353411579044","-2.92151833629571","3.90125011894081","0.946023842185621","3.49244134506686","1.39637686566561","-6.36455686601185","-1.22685253872752","4.55336727574065","-0.124324772296603","6.77084170159638","3.35842091419749","-1.19510672023102","-6.92350464079753","-4.6120162907654","-9.0104668261718","-3.97331030394464","-0.539159759039303","-5.21269882214056","2.61720306696919","-0.000599882168795565","-3.13392011154433","0.90060114190824","3.84787103025037","-6.87380468159704","-9.27051581411514","-0.827537091088514","3.5943720559024","-5.65068795864164","-1.04541267609023","5.3818230416452","-4.9448693363302","-2.27149630801839","1.46806260522315","-8.48371018809293","1.76079632622317","-0.497211333102752","-2.29178390924357","3.56336821234222","-5.22306116524205","3.08589359619536","3.04184627894446","0.587115291261757","-0.80870646874456","-7.61449157399346","4.92507195074172","0.0772404062846506","0.928022864088628","-2.7385723226645","-1.52664366790538","6.47249585698274","-2.08452763351403","-9.73650186105172","0.640071378867226"
"Random_Index23_13_0486","-3.00330653116735","2.08372453459681","5.62851252443627","3.18968728191774","4.92350820745143","1.99937105428561","5.22121058890411","-12.983475853204","-2.7717768856215","-0.331488492083299","-3.75241969774856","-1.23426690082188","-0.634785519462677","6.83956031477209","-1.47399776100124","3.15335730589829","6.30603469120495","-4.79086405618896","0.212798554975495","1.00418954533294","-4.34464421552999","6.86761973435921","-2.12359975337657","0.102472780670347","2.30194226628345","1.14607754771303","0.370446093209426","-3.83166173716857","-0.462174204101745","-1.07472156845618","-3.9527439715973","-3.21664985557924","-4.18529167754033","-2.90006727974872","3.10003980861644","1.78955476463164","-4.28229156665678","-3.12770466124405","6.98973169049854","0.0768812076171212","3.38863111216032","1.35349983120991","-1.31404232924793","-3.51832548772151","0.274381572335657","1.09775147648667","5.19712941378501","3.31797963319806","-1.84812154036449","-0.589402297646187","3.52703660951844","-1.3685796402199","-0.771061593097208","-4.54787654518468","-3.68850317174792","-7.17574880374986","-2.06597868855925","1.06822971181892","5.13275240031898","1.2420890881774","-3.21275430482284","5.89263942809333","-3.0066167110606","3.66708694846588","1.02319636370455","3.31562133282801","1.51504081230327","-5.78681241438335","-1.06217310010467","4.50384740805061","-0.0527535520567512","6.55516822165408","3.22030270735447","-1.08619565431611","-6.90901697135279","-4.60478125283038","-9.12771020964202","-4.03951058258587","-0.373833567384504","-5.1426740006232","2.39744544103505","0.05775682281084","-3.1812280346778","0.833682462623754","3.67398693274574","-6.74752276546018","-9.16109491367283","-0.801435186637459","3.4855396617243","-5.59738774219708","-1.14944871909126","5.40426852698065","-4.96405357691306","-2.18746821771061","1.41614795609413","-8.47185641500717","1.74275494693373","-0.416066740137175","-2.31848055690216","3.4484055513745","-5.15284355322704","2.86356058617394","2.86437888889306","0.74355084567817","-0.676660924370638","-7.52337943178101","4.69141622820984","0.162295152478048","0.710403073395688","-2.78449822547653","-1.71128161001093","6.21558599454745","-1.93908186913841","-9.66623537513061","0.750404415736005"
"Random_Index23_13_0487","-3.23083696259761","2.1366070071454","5.54123145949065","3.06757575534471","4.84101987836642","2.24390175571117","5.44662569514283","-13.0324286753619","-2.84812732917543","-0.298072272996651","-3.71992996618174","-1.31677537869979","-0.574579350286429","7.00410357558408","-1.43911525137375","3.0219670406818","6.48459174278967","-4.89622509342722","0.214658796820171","0.773383679680952","-4.42118377097889","6.84312063672481","-2.04690070336643","-0.0175724967360698","2.35933695751796","1.20869939775811","0.454078194411704","-3.82175706114377","-0.584742100932746","-0.969504049128773","-3.86428710794645","-3.11275781975651","-4.10223293298685","-3.19832674061404","3.24208898162246","1.5948216941149","-4.19552271936741","-3.07940967400931","7.06898852652317","0.0479659245441093","3.31369290495216","1.4594028865896","-1.29377346546504","-3.62809096449354","0.0309398522462991","1.04749038983285","5.16043778486753","3.39207819253671","-1.88177922993539","-0.633704179859838","3.55890848912937","-1.41027809286171","-0.650202050254488","-4.6811366627776","-3.59142150876227","-7.22934979608874","-2.09772726481268","1.17613527049533","5.2453525403219","1.20833565938902","-3.2700607752684","5.99135391272145","-2.86560905771878","3.75029373907682","1.03150432338402","3.48833704405877","1.62670447642764","-5.93520125988946","-1.21080664187007","4.3711716015579","-0.0963245166160583","6.59075281725215","3.32527217089681","-1.16707394621764","-6.87147842343807","-4.57485963968898","-9.17936590699949","-4.04050056158916","-0.347320365821835","-5.24734358123229","2.416728874805","0.316364882536355","-2.96463154742147","0.847572536514563","3.81852202034637","-6.88365794547231","-9.33632767872415","-0.815447009914244","3.57932403052242","-5.65292537126683","-1.2337806287126","5.40992142463769","-5.01780007851042","-2.21054340284162","1.42459778488685","-8.61734666804407","1.54739714957094","-0.357428472383389","-2.31092503113871","3.51121819427749","-5.0852248245153","3.03379100553555","2.84634790228777","0.765792263926303","-0.673974421027261","-7.78341853437304","4.7528927533226","0.282596170726514","0.813323680827757","-2.90427968184949","-1.62752335098444","6.50585154570983","-2.07531207763148","-9.95646925990713","0.985880629227064"
"Random_Index23_13_0488","-3.10625911988861","2.25623946038776","5.65167586192029","3.18051931740817","4.90613928270645","2.10165510816534","4.98711572604889","-12.8186937217138","-2.90628918169857","-0.301067458852809","-3.68699578031427","-1.05825086207192","-0.613786418410649","7.01638093599954","-1.38901223633123","3.0728457853197","6.38075655619573","-4.76960096212476","0.405413752732383","0.832954031272934","-4.36038025128627","6.9275823510842","-1.93990036899174","0.162276049273468","2.3456244153825","1.10100445686931","0.455839249399625","-3.68987435432106","-0.46604486804363","-0.958240989869195","-3.86032778675868","-3.02605482026316","-3.93578381534212","-3.01316715491252","3.14481135527042","1.59656920190535","-4.24105501228198","-3.19103910080348","7.04330574157941","-0.00877201309266545","3.34122032717935","1.45248824026571","-1.25771988578838","-3.60096408310316","0.114811568867076","1.02290731328307","5.10181601029554","3.35211088451296","-1.90672450679442","-0.580587297635708","3.55433870142119","-1.25062998596781","-0.652667281737676","-4.58960782279839","-3.44569043443764","-7.20202585017701","-2.11997782859999","1.18515443065967","5.1113477511743","1.11480556938595","-3.23013162188303","5.91257645525431","-2.87327691465018","3.73485505472055","1.04661936131337","3.48555753670172","1.59350748693643","-5.81701645072437","-0.94382777563697","4.47516264719774","-0.0486420244941813","6.67004606283005","3.23975248227194","-1.25073740388051","-6.88328259421257","-4.6135051365082","-9.13269019315964","-4.00008964631261","-0.537030680597787","-5.21452985203462","2.46194260822693","0.312112872648081","-3.02007575410254","0.838793084561205","3.84294515499431","-6.74469102647797","-9.12704124696704","-0.791896978708356","3.60182964733149","-5.69278921158809","-1.20052670065666","5.58455800930365","-4.85744989594604","-2.35089783037162","1.41161115220908","-8.56669179370366","1.81768259773523","-0.359509318014452","-2.20404228749774","3.50181341220374","-5.15035866834737","3.01251385596409","2.95848747179259","0.69629957064182","-0.757830936086138","-7.58862125540843","4.75921464306658","0.312809325934712","0.820480059754302","-2.76924130321421","-1.49069996851863","6.35919217923983","-2.08698906994082","-9.70986535380872","0.833882767465115"
"Random_Index23_13_0489","-3.14870902648528","2.05214330303329","5.61226352104072","3.13851899320775","4.87928661020161","2.10961628353899","5.21196632825474","-12.908358574809","-2.71765883677007","-0.288383666822619","-3.77761500923273","-1.27046128104219","-0.57934105425596","6.81101664190946","-1.43100046498679","3.04128187080014","6.27317973312486","-4.63283806402273","0.13445046388187","0.813021454417598","-4.42899929627595","6.7769787094868","-2.07727585752946","-0.0771760730762282","2.38250255747225","1.25702812561323","0.311589287011659","-3.77001285520757","-0.57651057473678","-1.02225089065309","-3.7594573851569","-3.18728305772558","-4.08256375327203","-2.97098115095808","3.11603548593061","1.67565697274388","-4.10863058446748","-3.09120331617882","6.96445534569118","0.171774950684464","3.29631678623221","1.3393604417357","-1.27133282696433","-3.55273670811495","0.139618763279457","1.10781097469057","5.02270056341842","3.37160078960662","-1.8471801468876","-0.5500973533639","3.52046128153409","-1.41411921166051","-0.809863283896184","-4.61006129333607","-3.63033633489846","-7.13444761246426","-2.17743909175037","1.0870923272094","5.1218242070529","1.1228189503704","-3.13015924167717","5.90986628219617","-2.83574344200456","3.64310576658631","1.12269135421984","3.34155958151217","1.6146907037471","-5.84285634337065","-1.17493601640904","4.35876210494944","-0.0897204337505594","6.49527007692453","3.20523496707413","-1.08899890976776","-6.80666614931493","-4.58274141713522","-8.9605462770987","-3.95581052838288","-0.343793935211592","-5.13974287986754","2.41648945467743","0.156734875175739","-3.03362992300229","0.8609805081243","3.72370600530989","-6.68983124905484","-9.09762904885181","-0.760071872766635","3.45406448872466","-5.53867955118023","-1.10137817831153","5.34354234167471","-4.99177569148211","-2.19559396262645","1.34318533999264","-8.50352554782119","1.63869527581631","-0.337420084147618","-2.41803054334385","3.38622622063247","-5.05597528567856","2.85703408664116","2.83866765087145","0.768157290240831","-0.618980663440118","-7.54181948327731","4.73906055570424","0.219100244060878","0.829069103929913","-2.77728189228627","-1.67544959870435","6.3117828369914","-2.04026857889445","-9.65601664049393","0.930033559824549"
"Random_Index23_13_0490","-3.23612328657911","2.18434958849054","5.61567747398747","3.16298726101779","4.80622472085269","2.1465299655286","5.34733450441314","-13.1620885704534","-2.66068837149079","-0.391680852760355","-3.84055269054254","-1.24618145873034","-0.593627040156396","6.93843381301034","-1.49068693791332","2.92882341555647","6.50252360904422","-4.65990881706059","0.189492464721028","0.729289458645342","-4.31816864649977","6.86808782970097","-2.10000699355341","0.00597501780296923","2.41838601366281","1.14182080500033","0.327784740680317","-3.88912401342788","-0.631274821049152","-1.11730397404351","-3.75694696870629","-3.11401131582572","-4.06290108086168","-2.9818448098043","3.23791522655341","1.61012276874865","-4.12843002410886","-2.98023435888294","7.02350046151603","0.0500241788466296","3.29270364971735","1.32673323072828","-1.31348488483512","-3.62425378885445","0.0392886402357839","1.12337110855395","5.08628080660226","3.45657357739575","-1.79691410021283","-0.529627731225822","3.44218502299527","-1.55066408280448","-0.785944371760584","-4.56614835768261","-3.59036824492014","-7.18531172294484","-2.25197093714525","1.22850483307045","5.25103431563405","1.2973027732579","-3.13481608702995","5.99064033080808","-2.8909010998134","3.72564885400331","1.00961718397121","3.53646468996873","1.57288571259762","-5.79916071789447","-1.13467708424206","4.42283499904259","-0.157965743801878","6.71053252780303","3.25228878492434","-1.02606285798517","-6.76549682823416","-4.59587197374194","-9.00020342917229","-3.98951479856489","-0.395249164285103","-5.19079164991199","2.51463879033219","0.183955328318279","-3.09796666119304","0.824808463490257","3.75664601828966","-6.8193418793619","-9.38939307391136","-0.818569799875382","3.64832766147183","-5.5112018691455","-1.04650352491608","5.34337736450597","-4.86858262401943","-2.30635271717569","1.2996562793678","-8.44375489173541","1.58878568025442","-0.348105477866415","-2.30358857282531","3.5573483718117","-5.06104831118566","3.03446128773435","2.9289328844913","0.757404869216486","-0.618295999251901","-7.74479014938451","4.84372374117072","0.245446421962628","0.86400368435262","-2.80718488466219","-1.58942532198599","6.41328133171624","-1.91765520966052","-9.81494369992797","0.945691629697648"
"Random_Index23_13_0491","-3.18801847373964","2.25419412944701","5.67132585630053","3.1902320820706","4.91423465948928","2.06663562458024","5.25701605523969","-12.9474356815934","-2.81443979331397","-0.352550888614147","-3.8098179063867","-1.2318193963175","-0.709268974720637","6.92338330025475","-1.49455521814027","2.89082694535571","6.37589507780707","-4.67121417904996","0.196002475497307","0.732851670349908","-4.35330862515368","6.8291759007227","-2.10319348797837","0.00749092773394476","2.35999074434225","0.929370736811842","0.248899822781088","-3.86616928396751","-0.630222720204509","-1.0886392232102","-3.85549203656253","-3.27265622900673","-4.12510023098933","-3.00106273458973","3.1826764932366","1.58569379723191","-4.12255215515866","-3.04157159700641","7.00494828397348","-0.0636247421129079","3.37443894923164","1.2930882501091","-1.33611127815517","-3.62992711853964","0.21773632446761","0.962034124978398","5.16678929520246","3.41965020266436","-1.97656048146818","-0.520648054999263","3.51458969045517","-1.48522432421675","-0.877276154521255","-4.68585325682908","-3.66370575991613","-7.13311797987281","-2.10190262048615","1.2100643785066","5.17253071123411","1.18241723933007","-3.15173487237274","5.96499291079061","-2.90282978646638","3.74850747059072","0.931402528180306","3.46444256169828","1.44622970178758","-5.80662366971672","-1.09403159627586","4.42722324305128","-0.237124695518597","6.68470894743922","3.3216414342479","-1.10442841867044","-6.82968354614398","-4.56377534300184","-9.07853806513283","-3.95355690546604","-0.447393536461638","-5.19575559335247","2.55933941151065","0.186453132459824","-3.04290428948457","0.807333697520624","3.79507832825427","-6.714594301939","-9.40747069330928","-0.901536912652195","3.64815231437349","-5.5767434035902","-1.08877812179185","5.22855975416984","-4.87832492691452","-2.31622823238968","1.28295654495177","-8.46176957502761","1.62993433782814","-0.427088810134078","-2.32827636088214","3.49551250645147","-5.09566999183561","2.99836406035001","2.95547067288973","0.690649347082275","-0.835170616508091","-7.69064083762292","4.79056653390677","0.218814180439991","0.858900583872829","-2.85109724407999","-1.56167982609542","6.35827444252985","-1.96794182021788","-9.7191473650577","0.851803376585306"
"Random_Index23_13_0492","-3.12741480565092","2.20033164118252","5.53499347224714","3.12810197418336","4.67339771193216","2.28142941390562","5.23520799836859","-12.8729557616353","-2.73878373486404","-0.162225536906698","-3.62410876947302","-1.10781349710838","-0.54592800155376","6.97112383508507","-1.39249027509408","3.02347894989734","6.31397452494749","-4.65970978875674","0.334515987519692","0.830101002782579","-5.03619596152979","6.84708476990388","-1.88056213337713","-0.0712579330051365","2.30613412872187","1.22825457293262","0.332547738138456","-3.64814519948624","-0.745008792231773","-0.980704126009579","-3.79680757188387","-3.11424607566531","-4.22557070715885","-3.0850605907914","3.11580861399127","1.73233501003162","-4.08085621453149","-3.14750810439762","7.00874427301621","0.182578694689979","3.27705449379971","1.48485902098993","-1.2791530034908","-3.51989721607056","-0.0173279335288699","0.903139592048903","5.06739595784723","3.32992378499905","-1.94072614367307","-0.638185856820137","3.52613808245396","-1.31014783800857","-0.789111666903482","-4.55898148935449","-3.690738339994","-7.09642639436613","-2.34691832582789","1.11623764477896","5.13049167687682","1.16412167367132","-3.00726359470855","5.80018142682589","-2.75300432206993","3.69439068664448","1.12303320509352","3.35827496759012","1.62997406153354","-5.8425420096891","-1.13280217204425","4.29813151607722","-0.194978704929866","6.75530950550706","3.15396688891525","-1.09341315674628","-6.76121188276057","-4.354997252053","-9.07058006372716","-4.03038377661271","-0.32460687379398","-5.25451239256481","2.55222229427701","0.279272964833207","-2.86394140722496","0.696570386490961","3.84590332440804","-6.63161680458998","-9.12805690684511","-0.762767727225908","3.51020250600929","-5.56255453399499","-1.07021021915924","5.26191366841904","-5.089067774612","-2.49187320185069","1.33985351431197","-8.30632533041553","1.5365719651722","-0.284014983448992","-2.39226807192317","3.4303000945487","-4.99011511805605","3.03444821990875","3.00485971056796","0.917353330615385","-0.702356999652155","-7.69637881369676","4.66331048885487","0.428728211863568","0.745929425813286","-2.6712463223846","-1.66421904235872","6.33167461326943","-2.00419946975189","-9.58908702880174","0.98854336747034"
"Random_Index23_13_0493","-3.12768695659805","2.21057054463534","5.69453907610774","3.09153639934561","4.87306252692274","2.12887024645054","5.16390167420534","-12.8763152763022","-2.76738980266766","-0.248540157640377","-3.68136085188739","-1.08677471179308","-0.571466872559475","6.93002231600272","-1.32489169417281","2.94307915849401","6.32547881080092","-4.71346312718124","0.313405002950585","0.731905459739233","-4.3514446864599","6.8492920623989","-2.0128935183877","0.00567159519642153","2.36987575890203","1.2032027259959","0.30994483047348","-3.79208282046709","-0.611273717801011","-0.976889721609617","-3.79593411303848","-3.04861941333772","-3.87932022674053","-3.03413204895935","3.23603903208143","1.82988696666888","-4.16269192679217","-3.06135145275425","6.89202970058819","0.00829450461381663","3.33972415260732","1.46920106517583","-1.27336384242626","-3.59860179486828","-0.0474504694276539","0.907118156574854","5.16299903170368","3.35093982676109","-1.74278149971492","-0.57701356982213","3.48894931848974","-1.2929506529638","-0.585634171221835","-4.54764174170254","-3.50575955158517","-7.0649202189464","-2.16745276948617","1.21741216502594","5.12068568091233","1.17486195820856","-3.10229065480913","5.87179645751027","-2.8100798478012","3.72214125987252","1.06731471083691","3.52806664532342","1.64762594802263","-5.75695358363394","-1.09098382085679","4.33226572827294","-0.171289072179924","6.60673399921533","3.23625749456559","-1.15813284990112","-6.80284918639048","-4.46494333820203","-9.07598929593121","-3.95899205753444","-0.443898458813005","-5.2855273237631","2.49822819019424","0.206353740035283","-3.0184750866902","0.838617848579994","3.66889226717049","-6.68496447742683","-9.22237946883738","-0.766137949279112","3.55129813268935","-5.63777386352554","-1.15617518355158","5.35047066092768","-4.93061749496694","-2.32254588919222","1.40635487870877","-8.44756335777954","1.60662878801129","-0.307092595510754","-2.17752637683421","3.59380830470898","-5.05564718781878","3.01722138047896","2.87837730409472","0.697108603177794","-0.657467131146129","-7.58933912232277","4.69168220395487","0.290803102689887","0.825501000860637","-2.74012621444467","-1.57111102384495","6.34134435173481","-1.93290083699117","-9.7189265995979","0.830150471334379"
"Random_Index23_13_0494","-2.96789957133127","1.88911889005819","5.34579765259206","2.83265235452929","4.65319016609432","2.21934570665778","5.13770284451147","-12.9201435633222","-2.64965971391035","-0.0395722603588905","-3.55371792108687","-0.990914897176691","-0.370227059020874","6.66531561114517","-1.14656713271372","3.05093628081282","6.07397348540098","-4.55286153142497","0.445741289110387","0.822706613203537","-4.21909000319418","6.61944685195901","-1.85484276702875","-0.126099728394351","2.13938003705692","1.39896394825825","0.238731270434723","-3.63473034045689","-0.696210618886876","-0.83347632027691","-3.71205181198779","-2.90448560871335","-3.95550979865835","-3.11099737060416","2.96679101322387","1.79519954963253","-4.2434336947295","-3.10000122130904","6.72450277846236","0.246175039880651","2.99964561242689","1.57166197299604","-1.03833679348613","-3.32016879193882","-0.200807715622754","0.881671032844463","4.88848855474266","3.02308198821597","-1.6629894434508","-0.898203602691216","3.290236745294","-1.12406698119557","-0.5199968260653","-4.37409903370528","-3.45506025797895","-7.00395945932905","-2.31078408147939","1.03943867908333","4.79356384265611","1.02982286592338","-3.01494758163779","5.65131401223212","-2.79509080311341","3.3711627952652","1.2854356701716","3.16302504370575","1.75289393304978","-5.55667141958017","-0.925644820350432","4.16035933076568","-0.200141183982469","6.30906232217513","2.98539724286807","-1.04891353896605","-6.7921783234068","-4.27558334359474","-9.09466979714481","-4.06190604136045","-0.0394582271327178","-5.26717090089502","2.09805556181865","0.290545783290114","-3.0050993504237","0.546352303367264","3.36594864793188","-6.51775212935189","-9.00893811949782","-0.474670525234486","3.25471854982633","-5.53516194032981","-1.46693713305154","5.19451141163525","-5.18995723547669","-2.44644545600863","1.18196951485343","-8.28959370301707","1.46175356416699","-0.160375865538121","-2.32126383623558","3.35523987483499","-4.95789800236132","2.68321999587367","2.59133083017291","0.930997262346433","-0.457133285102219","-7.41700420182587","4.39431002274443","0.420751218589795","0.716218448974621","-2.52103248394256","-1.9723208362139","5.99178365425897","-1.79718462114926","-9.51122987564477","0.871072011710179"
"Random_Index23_13_0495","-3.123743187874","2.09542156825471","5.51240248931785","3.09227468351256","4.772891647839","2.18384556376153","5.16208925521257","-12.9914900688994","-2.75254910884374","-0.102239532447791","-3.66751612725532","-1.04077694346554","-0.466264441742403","6.88481597516964","-1.3629039438857","3.00534436518853","6.32396039997809","-4.60282966134469","0.39292251665567","0.841483433865445","-4.5241784415045","6.78896818816725","-1.93836331580071","-0.0146929256096882","2.19606705282113","1.22189593050417","0.302517258838959","-3.66351339076725","-0.604773336187704","-0.867049151884591","-3.74196093823567","-2.98869323380493","-3.98138507607919","-3.0251302494961","3.14522169701827","1.68769374438553","-4.25796088128541","-3.19318369600749","6.90749250915977","0.191048652759792","3.23883968212475","1.52937584843057","-1.14688985326736","-3.44355983758865","-0.0398849302858035","1.01342223199554","4.9906479298579","3.26072898463525","-1.87152893672329","-0.643886539323233","3.40375591529444","-1.21670165500613","-0.581838810510198","-4.55376559925645","-3.45142050309472","-7.1788612324587","-2.29436467455298","1.17823116147675","5.02256067985622","1.13894297331464","-3.08452588733435","5.78430725936274","-2.82973706313487","3.59731385839943","1.12597743168654","3.41967558188118","1.61115688396967","-5.79754847660148","-0.924419602235017","4.33943836420968","-0.220777496397514","6.62152199353164","3.06822248138966","-1.03763424913263","-6.86838367464502","-4.38767469121243","-9.09199022013319","-4.03062151702042","-0.386333734781248","-5.24853558568668","2.40834474629274","0.232778614678589","-3.03502667602422","0.758016785661693","3.64594023434276","-6.70105657959298","-9.24721632134079","-0.677240655152984","3.39825782189222","-5.67642870263728","-1.23786897587622","5.32781587962047","-4.95984019921525","-2.45532265845376","1.32593835236974","-8.51536435986986","1.62447648031123","-0.26358186315018","-2.35926643309127","3.49489626085865","-4.99982694223408","2.99210127128942","2.81288615802314","0.901195729102014","-0.624854143231302","-7.60458175257342","4.6674080059002","0.394668218209745","0.719836378341557","-2.68058713428577","-1.70000805755753","6.23422139186707","-1.98165875090474","-9.54299396559448","0.933147205423061"
"Random_Index23_13_0496","-3.25140343448887","2.14740262995264","5.45462150192868","3.03180459246415","4.89964955655778","2.13105831789811","5.2879806091686","-12.925937381953","-2.8130529378138","-0.250290802576517","-3.67826942233739","-1.12276753185033","-0.532535086656625","6.78730340588793","-1.40910617159758","2.97731312722596","6.10506343554043","-4.8068475543229","0.386853449368614","0.824462544623458","-4.47684241694577","6.74287711099672","-2.01124412002197","-0.017811742681641","2.23365440938712","1.36325491853611","0.205365079136807","-3.8463380433796","-0.585465535724533","-0.926176763305987","-3.8802732948876","-3.03390372203614","-3.89997140847518","-3.22051468206864","2.94285746784086","1.66791156133761","-4.27809281478412","-3.01865694527862","6.86236720587054","0.198643727695042","3.2491937104002","1.4409271835515","-1.24088043479158","-3.6058626303067","0.108723141465201","0.96310387079538","4.98459027662773","3.15257696817205","-1.88369829992227","-0.67922088117464","3.42094164879008","-1.22731000208839","-0.618065921517815","-4.51475442645456","-3.43902804664275","-7.13750505610759","-2.14537648928051","0.960822061053638","5.03465319808489","0.975765055659438","-3.00341359524","5.78062693253616","-2.8618817808839","3.76708295147375","1.18501937795564","3.18980538981036","1.7891258108926","-5.72615088645923","-1.00727125874896","4.32136101087599","-0.0887164504890232","6.58941385553914","3.22197131219917","-0.96112746722586","-6.86611034500266","-4.36362563444158","-9.15065258881284","-4.09979467207307","-0.324796454471798","-5.3775718459401","2.35267041972211","0.194891063576997","-3.03898842985879","0.764737345802353","3.64459407771038","-6.78018547352388","-9.13868878385379","-0.534934626465409","3.37855361472244","-5.86477401088509","-1.19483922362074","5.33400714394497","-5.07799088358292","-2.41224128410795","1.25850121848368","-8.32830469258161","1.65940158851444","-0.298910325322719","-2.25114083066411","3.28122473694124","-4.99137496114337","2.63680543464258","2.7758657100448","0.923397855849755","-0.745454167734271","-7.8199744709447","4.671868850607","0.354797093971259","0.63215564638579","-2.59250842693631","-1.67660877123986","6.2376960899659","-1.94554106386528","-9.50632485481401","0.861774737852503"
"Random_Index23_13_0497","-3.02669962229998","2.11913571874927","5.66860915722573","3.12470323089641","4.92531659318285","1.98246088834365","5.09219661051397","-12.9211648872048","-2.94388878677814","-0.201759404882726","-3.73202686869713","-1.08188047330268","-0.558262598911885","6.94923950987696","-1.36645171518211","3.24667421768455","6.23735476558613","-4.73134501354431","0.335797081193831","0.877813152146259","-4.41459546921703","6.89107366842208","-2.07424622505593","0.0863479044368199","2.32473447621367","1.20566348122896","0.325297444355803","-3.76719028447054","-0.538819617355082","-0.973486527816977","-3.97623721619919","-3.08898717111134","-3.98002549431985","-3.13741874070326","3.08988051477596","1.83653690555592","-4.24724878153242","-3.30501235502251","6.95654203735305","0.0192689002975503","3.27967657615767","1.3996257035031","-1.29338373484177","-3.62754284659735","0.0874936007251563","0.836022742022788","5.18936187685362","3.24466074192487","-2.00083603811966","-0.620529376077638","3.64030986868307","-1.2097141844352","-0.709011683050458","-4.48719817189718","-3.55926854680477","-7.01476664710399","-2.03644519505997","1.0825062845757","5.12712937417747","1.07556570998901","-3.17333634884343","5.76058959642572","-2.99522284847272","3.71044915413441","1.22070547190749","3.27519945274423","1.62450085143901","-5.75938694409222","-0.893016437712031","4.46148524800744","-0.0618690298979186","6.6090633797376","3.19646550862153","-1.20630923199088","-6.89801819801615","-4.48120138923056","-9.16859606266732","-4.11669324689796","-0.414819988513092","-5.17323028510479","2.44222041587829","0.173517983132862","-3.16597564544752","0.804632742267033","3.78017912939701","-6.73560160443977","-9.10603818603247","-0.722808206582649","3.4616092976084","-5.75831365328095","-1.18029441233405","5.40248449207177","-5.02913993385412","-2.24844905814953","1.4722751559289","-8.39424074051568","1.74531854746536","-0.339441954549249","-2.29801595325139","3.49553569738867","-5.08570282364048","2.96480592073266","2.84025645823236","0.764697697195651","-0.786941722667517","-7.57139450285081","4.70591014142569","0.254433997292305","0.810847250277062","-2.66030336403086","-1.6336342302423","6.26952474729058","-2.00300363443683","-9.71695407412923","0.792010042400955"
"Random_Index23_13_0498","-3.24480158093037","2.09042564633158","5.50900298230424","3.17805395129648","4.72657360436841","2.13876421016035","5.20675774679063","-12.9163008190435","-2.69185516446589","-0.377865919033824","-3.73635033982292","-1.26593720481625","-0.557184893196276","6.71432136312963","-1.48641643478705","2.95438582894436","6.27826056604817","-4.56648725033758","0.182829988596716","0.718594780362834","-4.33731942782931","6.73326691958179","-2.10997619154034","-0.153606628069878","2.45695375360805","1.02969134216478","0.162212243551449","-3.69754422619498","-0.724719285976245","-1.05865927236094","-3.73561974951202","-3.21178494818996","-4.24711808527695","-3.04829067685696","3.07008275873918","1.56288282529976","-4.03493794520532","-3.05127686874416","6.8820374976288","0.113208893919969","3.30122740845249","1.30494592738118","-1.23041765485426","-3.45090735326023","0.0928275034531873","1.10423518522977","4.95704784318625","3.34213239228941","-1.80939073899719","-0.51708286756751","3.30107572892631","-1.41412453985225","-0.944703036560795","-4.47743558249485","-3.72962684292701","-6.981826687737","-2.20047653107799","1.13502924457865","5.06159830627471","1.18924232200814","-3.02054672286898","5.84207230831542","-2.64873445248926","3.6737321081292","0.974918929464001","3.3589931127175","1.45589759667859","-5.69658378833349","-1.08152641049336","4.2286976901122","-0.305769737918703","6.51206443421635","3.277203393963","-0.925500135487059","-6.65601687929498","-4.40187423039346","-8.86708928484389","-3.92354573331442","-0.290092591463277","-5.12171499928083","2.48166447336571","0.157714241375593","-2.87564621609638","0.83260540205573","3.62698985644015","-6.51749026724635","-9.28538869849492","-0.804671942157944","3.49601099068163","-5.61167028214722","-0.987716771221877","5.10092896742107","-4.94897488155282","-2.29269859968214","1.16987088073088","-8.26758928435434","1.52540534421791","-0.34110414248606","-2.45820478326854","3.33339539270702","-4.88409099915489","2.90025145946449","2.88565086240219","0.830833779894677","-0.705517525284934","-7.52439414137227","4.77626959759899","0.353705153167683","0.871328809524436","-2.76512552223104","-1.64101004701097","6.33966590634736","-1.98293471204527","-9.44599238733963","0.79868810651548"
"Random_Index23_13_0499","-3.03764219978256","2.12283917030415","5.58519477051055","3.07793413528491","4.79819757804993","2.15200272501531","5.33380962691927","-12.8910962109432","-2.89768084143368","-0.225768020792744","-3.72312453307447","-1.1372123776113","-0.593875224172558","6.97942089500359","-1.29335242301427","3.25282965501366","6.29959367815008","-4.7608685243383","0.268116855276471","1.02009239126998","-4.3128794098284","6.80371149705218","-1.95645894735734","0.108335362917793","2.2186281273675","1.06658676481974","0.391626988809861","-3.74942989047075","-0.625016637500757","-1.03281120005677","-3.90851669456147","-3.1371602370124","-4.01397416506253","-3.07520906949627","3.18313569976725","1.80953047715237","-4.32831159988842","-3.18988156354786","6.95689478283098","0.0737901795758929","3.30706000927741","1.56238902122387","-1.40990164621875","-3.61229955194843","0.000618480649504143","0.935936415427451","5.05564025484237","3.1357017812944","-1.79681667595013","-0.672123190490551","3.49250164561164","-1.28281029646401","-0.68703322054583","-4.3894964277604","-3.52990374538463","-7.22426990773708","-2.07319265869763","1.19995913156073","5.05210766137257","1.16793857073939","-3.32671159188278","5.77784684232976","-2.89851982500024","3.64005138827497","1.25567722721189","3.32343908229323","1.71304796579373","-5.88499266563834","-1.14054802563085","4.45593797343038","-0.13252880225765","6.58242845433191","3.16785349152893","-1.12412304824479","-6.82188834106282","-4.55424619854787","-8.93290792355739","-4.14820738527198","-0.492840514896419","-5.307758473905","2.41821619353197","0.431282968550939","-2.90032350557132","0.801425967314576","3.72827580862985","-6.74424105970131","-9.2773787542156","-0.75009466648966","3.44841966218464","-5.61718757470133","-1.20081054958391","5.52950443120751","-4.94848734735815","-2.30305555255761","1.56930520241048","-8.72814631026516","1.75450185459693","-0.348665296260772","-2.2155883068741","3.62860299864281","-5.00874742266666","3.0155038097725","2.85844394884392","0.923522184655044","-0.839860017033328","-7.72968006867144","4.60268371488413","0.376468193117425","0.663358884183932","-2.72288794882793","-1.69842010285495","6.17317790541357","-2.22730153581451","-9.5744521267699","0.903196987735471"
"Random_Index23_13_0500","-3.10959082835842","2.15980347194762","5.50971365734366","3.13016080701384","4.88627191080219","2.00624712186353","5.15692210710346","-12.8266585707054","-2.81277086925706","-0.338744150267716","-3.69667484801269","-1.2401078515131","-0.606245016910575","6.8680173625067","-1.40159029351535","3.0215918993483","6.20063778396663","-4.67239757164381","0.212200634664766","0.928512933301073","-4.3407568065363","6.85225012378772","-2.10937418137975","0.0839452496942441","2.27671502227102","1.08008510533353","0.315595458838626","-3.78972607844359","-0.473530645919752","-1.02070513252469","-3.91287707842955","-3.12423468007359","-4.0456977794601","-2.84970350586432","3.01801709084246","1.69903268833007","-4.15768027121251","-3.09733177081228","6.94825310087168","0.00558786696831378","3.31392226537212","1.28879523065895","-1.31038763334653","-3.6709928593154","0.165520935172918","0.973744186777617","5.08593306318593","3.316314523224","-1.87349048506286","-0.537025163275768","3.59167095296579","-1.27994988302871","-0.735554767722348","-4.46163766935569","-3.40561539978851","-7.13208071936858","-2.04974916598232","1.04577065506195","5.13827464242551","1.15987377086296","-3.23342997200949","5.82381054817689","-2.82877636248334","3.7583125941725","1.03988296174929","3.2978868005949","1.68374360970213","-5.81108149139102","-1.14070707711812","4.35700347894266","-0.0154801811525368","6.58180829644479","3.24489793757032","-0.994851069983865","-6.80509599001713","-4.49477338074354","-8.9283576895861","-3.94930300645671","-0.500611801430904","-5.14105201955018","2.44638642015574","0.166215309367712","-2.99327761002146","0.848918398868377","3.76788214305728","-6.68166762032546","-9.12988415307423","-0.868232139242594","3.53597998080581","-5.59479442459076","-1.06771504639289","5.33547450445124","-4.84562143001285","-2.30813674022067","1.46182870712464","-8.3403005594119","1.73803409213078","-0.437897977332913","-2.24704230217477","3.37060369958715","-5.00845262513603","2.83104807043541","2.87148760126681","0.71293189373069","-0.765739758033795","-7.54499937683021","4.74558123979345","0.18827217176003","0.905428466011668","-2.76475719614452","-1.55033105015169","6.26814035380516","-1.93392424334128","-9.56935508029193","0.811917266347911"
