"Run","GSM1402321","GSM1402322","GSM1402323","GSM1402324","GSM1402325","GSM1402326","GSM1402327","GSM1402328","GSM1402329","GSM1402330","GSM1402331","GSM1402332","GSM1402333","GSM1402334","GSM1402335","GSM1402336","GSM1402337","GSM1402338","GSM1402339","GSM1402340","GSM1402341","GSM1402342","GSM1402343","GSM1402344","GSM1402345","GSM1402346","GSM1402347","GSM1402348","GSM1402349","GSM1402350","GSM1402351","GSM1402352","GSM1402353","GSM1402354","GSM1402355","GSM1402356","GSM1402357","GSM1402358","GSM1402359","GSM1402360","GSM1402361","GSM1402362","GSM1402363","GSM1402364","GSM1402365","GSM1402366","GSM1402367","GSM1402368","GSM1402369","GSM1402370","GSM1402371","GSM1402372","GSM1402373","GSM1402374","GSM1402375","GSM1402376","GSM1402377","GSM1402378","GSM1402379","GSM1402380","GSM1402381","GSM1402382","GSM1402383","GSM1402384","GSM1402385","GSM1402386","GSM1402387","GSM1402388","GSM1402389","GSM1402390","GSM1402391","GSM1402392","GSM1402393","GSM1402394","GSM1402395","GSM1402396","GSM1402397","GSM1402398","GSM1402399","GSM1402400","GSM1402401","GSM1402402","GSM1402403","GSM1402404","GSM1402405","GSM1402406","GSM1402407","GSM1402408","GSM1402409","GSM1402410","GSM1402411","GSM1402412","GSM1402413","GSM1402414","GSM1402415","GSM1402416","GSM1402417","GSM1402418","GSM1402419","GSM1402420","GSM1402421","GSM1402422","GSM1402423","GSM1402424","GSM1402425","GSM1402426","GSM1402427","GSM1402428","GSM1402429","GSM1402430","GSM1402431","GSM1402432","GSM1402433","GSM1402434","GSM1402435"
"Random_Index28_16_0001","-3.18808344212584","2.04658294500821","5.64756389441979","3.04344644998267","4.82730034759683","2.25382413135355","5.49115562901169","-13.1618057005509","-2.62546793451967","-0.320598899050723","-3.77537892759301","-1.36818863758637","-0.549127951950054","6.78166682817527","-1.52011909275214","2.95505383044374","6.39201020676212","-4.74473939910556","0.161329459199944","0.764245494170993","-4.51330101706191","6.71413663759419","-2.07348250318251","-0.0783080106011659","2.46012945556868","1.1485980825313","0.314093889130193","-3.82415317926299","-0.684754484328358","-1.08486737872181","-3.70092989069253","-3.21971450409951","-4.18903182826225","-3.20589848873744","3.24444985187168","1.63614695931683","-4.15585122475763","-2.92285383423255","6.95177327608062","0.128941164709698","3.26219800123873","1.30670037892271","-1.34646007456109","-3.67345939552409","0.0229224681842591","1.05421158750722","5.08435745030134","3.40712672244459","-1.80794008173809","-0.531958725763827","3.44878416478536","-1.38714561780584","-0.768742341942722","-4.62407007458239","-3.633664688867","-7.10423158867275","-2.12022833440483","1.25073155652555","5.1528459076748","1.13881912802525","-3.03460503319754","5.89275348622348","-2.76305489387556","3.64568453077564","1.04570902564779","3.55985358158608","1.69324745773212","-5.94645289248777","-1.26096742326186","4.21111177423824","-0.0971281027285675","6.67816659453913","3.15274765822333","-0.818725894120051","-6.68686740231928","-4.56025405290068","-9.01804368042389","-4.00637990924232","-0.253496580057904","-5.08282920162392","2.45753651005836","0.146515014040368","-2.92809223926575","0.855581327704894","3.68545271685458","-6.61798922405284","-9.29617027850127","-0.819795188234327","3.51440419088581","-5.59560546162415","-1.08319571789025","5.34289435569722","-5.00974852701661","-2.25199038673673","1.23660729294988","-8.4278046186812","1.5492597137279","-0.236220777458876","-2.30567387952896","3.52998423003099","-4.84889825614228","3.0432673989023","2.83702392793549","0.901375186449349","-0.594701429916597","-7.74053386939297","4.81844280427487","0.266799976168329","0.756050355551805","-2.84041682215743","-1.61889813852099","6.43925463028799","-1.93368139661377","-9.60050679132043","0.933218886533902"
"Random_Index28_16_0002","-3.17132540157808","2.12257109458418","5.70709978822765","3.17631255744521","4.79715314889961","2.20919392582238","5.41059143867722","-13.2090532416144","-2.72635239437218","-0.394510718083332","-3.81274300895869","-1.48472300099385","-0.703224081461176","6.96196571005052","-1.5187509471771","3.04305515130272","6.52680791976222","-4.73674020288288","0.0621892367555653","0.861394679491122","-4.4670701999729","6.84985660610134","-2.04271763620461","-0.038342849404501","2.45437458025639","1.20819002465071","0.356811770889161","-3.81510077418845","-0.665491695101395","-1.17233539818076","-3.81810848199447","-3.30123369907425","-4.22918343706737","-3.10699608534269","3.32844000121961","1.58093606556679","-4.25108711418139","-2.89798136104754","7.1225140835601","0.183142898374494","3.32854641854004","1.30865573328244","-1.31174231625935","-3.59410239608548","0.0328397020282639","1.12481176309698","5.1050683146596","3.42787469452694","-1.78389754956064","-0.518165666239382","3.42480843853947","-1.51101283689737","-0.853507041989138","-4.5419436894409","-3.6915862377841","-7.22303715763047","-2.06477773378898","1.30240939579585","5.22090337393611","1.13897924584378","-3.14970632687834","5.92249512414369","-2.8324021310148","3.69262508977333","1.05068046814201","3.59621488474557","1.5256330969433","-5.98387345731979","-1.25265890332212","4.3459398727108","-0.183036876376309","6.74807599280732","3.16824693857366","-0.786784028503474","-6.77586528790981","-4.61309939897099","-8.87142907936094","-4.08532779354035","-0.307578242726571","-5.05111648890053","2.51782367522439","0.172445198612987","-2.95731834904682","0.977461054171648","3.7813500095145","-6.69978006566485","-9.41051800773537","-0.86502619183157","3.54130319630937","-5.38925227510874","-1.07524621364769","5.39067862918413","-5.00191046793571","-2.17855399658461","1.32586099506586","-8.39290212381025","1.52844151961942","-0.298206699333569","-2.39635281906461","3.62005047099085","-4.90217282016394","3.1649161999137","2.92751147447307","0.908681373116781","-0.554632604837007","-7.67938809889939","4.79041211763344","0.339416392525645","0.705100466770646","-2.86822770520918","-1.58239740638216","6.42446555189267","-1.98780720284381","-9.57109675032607","0.994027520987069"
"Random_Index28_16_0003","-3.21126198036518","2.0889569685575","5.64894766425634","3.15440540159978","4.7651699935229","2.38290221002454","5.52333383126394","-13.3610806977041","-2.56416233042135","-0.205129509105703","-3.69347509118436","-1.28532655869019","-0.531973938431256","6.76218489265074","-1.39970757207012","3.01091313738254","6.42734985972492","-4.634293715183","0.141547865728456","0.76888345650719","-4.52856828042008","6.75058429370918","-1.98225902776905","-0.207577779470799","2.47348100859763","1.25306927111317","0.272167472591657","-3.66286457721196","-0.77477618223111","-0.964659488776301","-3.71775199776156","-3.32987375530621","-4.32278357922491","-3.12949438827872","3.31380808745519","1.67507487583299","-4.21286686425797","-2.93237781335657","7.1039230184503","0.383403576840086","3.32910612741346","1.39752263557078","-1.24992372110943","-3.47304078285534","0.02323454845311","1.02609024261558","5.03064337200679","3.49139214099312","-1.73135677525948","-0.532944878022399","3.40072812730926","-1.30981175356053","-0.824667666484674","-4.56414111110903","-3.81622964592637","-7.18098472272372","-2.24948883920766","1.31555890187898","5.18101471679797","1.12208961848771","-3.04547008097105","5.94866008792606","-2.6164256120446","3.61647007215885","1.21414916757636","3.49130362693679","1.65366225735846","-5.95571985057132","-1.23599817254672","4.23099818463093","-0.238528153902055","6.63570544153647","3.15609119367023","-0.749775763006662","-6.78767568739067","-4.50302921111287","-8.87644660302246","-4.13019382209307","-0.0690252142452239","-4.99259137119913","2.4403239953949","0.210774773487534","-2.81318454232711","0.940091712593868","3.67557887533323","-6.65869655455371","-9.40963401919712","-0.72264656732449","3.47818647152427","-5.46319947171414","-1.11522356039841","5.29527761034539","-4.99965858918006","-2.17411528799061","1.16792380777455","-8.38796916405954","1.48864872209015","-0.156643320562055","-2.52483820836574","3.61329917934352","-4.89132202369123","3.10986288780906","2.85769215906739","1.04936108033919","-0.48879886046459","-7.70144550390116","4.68985118893638","0.375921260150412","0.738139699689005","-2.84261223485072","-1.65395528240455","6.37379022203222","-1.80546327096917","-9.54395796919638","1.08317080568027"
"Random_Index28_16_0004","-3.1542604735846","2.09137077747477","5.65333375549421","3.11589227128145","4.80135394021645","2.25872517203276","5.52751165521372","-13.2280453195512","-2.63891829791149","-0.366759398669519","-3.79209418924095","-1.45274340808574","-0.625964381892725","6.87191351200703","-1.55485740460813","3.04065532126759","6.49679110731207","-4.74360409237687","0.135079738770341","0.818264532030802","-4.53672780846802","6.81921065531577","-2.04834221521228","-0.0849214661836674","2.42272278048753","1.16784170532827","0.38545933691622","-3.81389806037444","-0.709926777352921","-1.13219104758335","-3.7530938855003","-3.28045582214521","-4.22294546240365","-3.12858721091643","3.30134541307137","1.64285097999728","-4.18387419829074","-2.88644507638762","7.12932636887649","0.235400020062456","3.30335741737973","1.34470917859134","-1.2734047153441","-3.61264693479282","0.0476612863386196","1.14424745038764","5.0477142819218","3.43280330917664","-1.69693217752921","-0.578466476546279","3.43146271045465","-1.46439602591757","-0.837045818045318","-4.56071761331651","-3.65355101856537","-7.20440172515282","-2.09630913759197","1.28496656838205","5.15748494500436","1.13379051425834","-3.11812853518932","5.92756548674133","-2.81281530059106","3.64895748316051","1.0791577059341","3.61958659785869","1.63208075823082","-5.98688754076774","-1.23952148674904","4.29610807809439","-0.113738201105771","6.70994505455444","3.16128272805511","-0.75660583017231","-6.77925380937438","-4.58303849315485","-8.90530754155636","-4.07996748642564","-0.24570970397084","-5.05503133165218","2.47172708724663","0.125201435732161","-2.95780712175924","0.9650327275003","3.70888844892231","-6.72082073945568","-9.35894936107259","-0.821979639219867","3.49925382619904","-5.49338398677196","-1.12877049894383","5.39203016132061","-4.97360828182558","-2.1369365491625","1.29294259188296","-8.37871095532027","1.53649247825603","-0.247671762051173","-2.37469553426796","3.5803298394917","-4.91782599933319","3.15118299624217","2.87539211227515","0.95298226515767","-0.510387758386066","-7.73054679040689","4.79499380337876","0.281685979071798","0.73775407847323","-2.82714671027918","-1.60013708153053","6.38640881755669","-1.98215940151187","-9.60154114637048","0.989563185105462"
"Random_Index28_16_0005","-3.15773082423772","2.04794128193476","5.60179766320099","3.09044672397256","4.75650550842047","2.23340347627923","5.47804787429977","-13.1076010202025","-2.61259713438656","-0.346739116789732","-3.74906313406188","-1.41285100857612","-0.633961507757581","6.79421235199777","-1.51856201644235","2.99288893778994","6.49102424478558","-4.69877069151625","0.093243352982132","0.77734762631817","-4.48620074799312","6.70754220935708","-2.04777186281048","-0.0805613875581528","2.43312526084137","1.20247350780639","0.363320321843224","-3.81504577415709","-0.674386214828819","-1.13653839125734","-3.71131085179182","-3.24436994095397","-4.21262786047328","-3.1137709749694","3.31559661771135","1.60921495843559","-4.13560981922446","-2.84114550033096","7.01056050065015","0.170799205454376","3.25630015796413","1.29763784223248","-1.2942269129706","-3.57939549011394","0.0170963370329832","1.12437546506527","5.02668540734069","3.43970345167836","-1.69550236500261","-0.514537156295712","3.39542161958161","-1.43767838731952","-0.863391105007876","-4.54027540733617","-3.63223770234551","-7.10899441238612","-2.06105648389606","1.31368420996781","5.14417072392011","1.14992932995151","-3.07518309251488","5.8959828675077","-2.75206353072868","3.61663332722312","1.04996144940946","3.61201038595981","1.57856914680514","-5.92829051241697","-1.23904880612879","4.23859453107215","-0.181845307761276","6.64682490297624","3.15850024633386","-0.733336439841146","-6.6909547328665","-4.54598585004443","-8.90315579083937","-4.00547700272935","-0.189717118381859","-5.03111058481665","2.47786971134548","0.127698039045951","-2.90247284656175","0.949497089483501","3.67822978111791","-6.60094124346421","-9.29361019709797","-0.824833067429049","3.5196003527281","-5.44550329485667","-1.08373642622815","5.33288811847649","-4.98004553796348","-2.17459985906215","1.28150529946991","-8.3506482680872","1.49865588330469","-0.243509035419949","-2.34068516098346","3.58525979199446","-4.88430794930378","3.09269204679101","2.86671429466297","0.929481996619419","-0.525512633412798","-7.64015325744868","4.79831477162147","0.292336928986516","0.721466694778165","-2.82030815011041","-1.61316937594131","6.37926316399643","-1.87371652698729","-9.54913027482535","0.962944609206479"
"Random_Index28_16_0006","-3.1823624309444","2.15588341251763","5.7103090923094","3.17219075270397","4.84030079475743","2.22959007102876","5.40982013507429","-13.1367649480794","-2.73527468169309","-0.33201534439914","-3.74745011635428","-1.39956002435942","-0.604497080399701","6.90279365523818","-1.43111727331148","3.0407098676463","6.43345778172745","-4.79042594968893","0.177274789282602","0.806680212896671","-4.47532610887139","6.85891225349515","-2.01517282685014","-0.100233360814999","2.4652457982574","1.11527623482788","0.342271911097636","-3.74878692067877","-0.631716673576085","-1.12194517741777","-3.78759852381726","-3.26429386937552","-4.23238402197576","-3.12380054706873","3.30868838829421","1.62652364302907","-4.22445957425616","-2.94576874125675","7.1076754955353","0.200701816191442","3.32552450480398","1.36230812475219","-1.28747918645456","-3.55760694682784","0.0430745484128668","1.05744007867048","5.11472970569356","3.36630603370294","-1.7679373902532","-0.578608042158755","3.4619605301084","-1.42331813202341","-0.835951632348885","-4.54527024403491","-3.69015320811411","-7.16960522683467","-2.1040770270856","1.30228745315971","5.17052461153061","1.07392823973289","-3.14702146527083","5.88864740070727","-2.77570835661315","3.73662461587156","1.07646248832003","3.59368336742521","1.54483395978881","-6.01944336758569","-1.18114042206031","4.35111274351417","-0.150870391665321","6.71447447464381","3.17995391401661","-0.828473745543297","-6.75673401040344","-4.50893628346499","-8.90106534554477","-4.1072599449282","-0.2906480429775","-5.02684208488445","2.52357487138321","0.224327970754219","-2.88652332572226","0.928701024391468","3.7552999211975","-6.64096634463594","-9.3775409616979","-0.831136934493607","3.51475432968528","-5.52305077417152","-1.06834933454254","5.38012427793401","-4.95732939651448","-2.22537764609682","1.28831344965613","-8.40342620763364","1.55434198890959","-0.264178669985281","-2.3639359198276","3.633030611788","-4.87454769727593","3.16643474138174","2.93445724793332","0.950847020690027","-0.587025279829308","-7.72824422305565","4.78721363236746","0.365482297366645","0.738426514982665","-2.86515464126707","-1.56617466036412","6.40586458775479","-2.0098572345907","-9.52337460231181","1.00456835447268"
"Random_Index28_16_0007","-3.06355559978819","2.09897337135007","5.72522854610356","3.14412722084284","4.81415938883379","2.12879267506119","5.33444128048033","-13.1546845826494","-2.69760218079753","-0.307513032371666","-3.74937600610805","-1.31489037755764","-0.593785065950115","6.85008150205732","-1.42578597245324","3.04752805374316","6.4536920971595","-4.80689123140467","0.11654505726344","0.839027664276761","-4.41329960702218","6.80310366757616","-2.04642990292453","-0.0526537340058784","2.44591990077795","1.13908163569011","0.443616338432324","-3.75152940145816","-0.602644222631803","-1.06145911740619","-3.80770222493111","-3.22743087789181","-4.13527135404722","-3.0845268644402","3.24861657894961","1.57867492763654","-4.15943430115905","-2.95670292850231","7.06686990220264","0.116886508486717","3.30110447700135","1.30011761555066","-1.19261242167303","-3.54423055908057","0.0401907262782329","0.986943707634396","5.14945621963247","3.44223883779907","-1.787034220034","-0.506117841764734","3.53709059698961","-1.35996156488175","-0.752541747194524","-4.45488235408645","-3.61371270050862","-7.12594527745315","-2.10394425372028","1.29052957694935","5.1373304458922","1.05243303148446","-3.15204805379203","5.89517476452726","-2.82135207404259","3.70651516858942","1.05086866551353","3.52699090132218","1.52453648199643","-5.98976508149726","-1.23227165680128","4.30383349103045","-0.13822855442773","6.72594560887117","3.16014330027661","-0.797621229491597","-6.77064688940504","-4.52265569668626","-8.92983805021859","-4.01593439071288","-0.298922763471889","-5.03008264858983","2.46657060721658","0.114827352116474","-2.95025265457332","0.910141868867436","3.76902830540348","-6.64908824680857","-9.27389532717532","-0.83502219910981","3.56265030566843","-5.4198123735948","-1.10736096238764","5.34669861214372","-4.97909456522526","-2.21178565619521","1.37036756051076","-8.29721410865242","1.54400170321585","-0.277594859063173","-2.32908113381684","3.59948344480624","-4.91767936258849","3.09929140686762","2.87929147596297","0.881163956567261","-0.568387015424262","-7.56584532795104","4.79589939164583","0.242299253151067","0.801394256481203","-2.72558043358931","-1.5310932556629","6.39798370246117","-1.86783409337964","-9.61157315625974","0.900271411833152"
"Random_Index28_16_0008","-3.13135315341341","2.04255427051426","5.58460948400677","2.98061786113689","4.71298915182597","2.21645314688004","5.39095729324389","-13.1402221873421","-2.73087908455421","-0.320448747612175","-3.70050930610579","-1.36046510908951","-0.586764455972428","6.8280615334121","-1.4447110546891","3.06527301187867","6.48893503989205","-4.79980856907565","0.153625596366362","0.842824643853539","-4.49223548043911","6.72400005004411","-1.9823276339678","-0.0972863333558532","2.30042893471479","1.24278084025826","0.361789068125023","-3.75954058486943","-0.676737432048712","-1.07222616395431","-3.75960260874732","-3.183376845867","-4.11539891430297","-3.22008240104228","3.42723285948401","1.63247095452161","-4.2500770662586","-2.94384260917703","6.98613459439905","0.186012950136506","3.11800831111515","1.41106543949614","-1.22877275518808","-3.64455495976844","-0.0578911003792275","1.06100298662918","5.02135576250215","3.27620279433937","-1.73280946824109","-0.672277894552529","3.36670605870248","-1.37957730282191","-0.694877902981524","-4.57092794254487","-3.59708156843239","-7.17989321947958","-2.12830384183904","1.4424503348931","4.99608359822847","1.04795586871477","-3.17030464433674","5.76131384997524","-2.76974478222267","3.56262858646894","1.13195005956336","3.62959912234144","1.59832064197863","-5.95482863560189","-1.17099809994015","4.24287298922184","-0.106697042823206","6.68707338667382","3.04697829558978","-0.896726215131829","-6.82272273470239","-4.55941132833596","-8.92655741226039","-4.14239992224094","-0.24484505501694","-5.14137736044368","2.43370434612346","0.213674119786975","-2.95066154303087","0.771527778750495","3.67344601290375","-6.69119446781668","-9.28749811735667","-0.785825083584023","3.37790054587962","-5.52663396891288","-1.21205908886613","5.42098823666465","-5.0624623255816","-2.21338828048098","1.26644303909526","-8.38376327416977","1.55671623937845","-0.256483242504239","-2.33256517510466","3.77581937714251","-4.86525432068126","3.18596071567224","2.76264535052439","0.924653249548249","-0.521160634560658","-7.73494960764637","4.61608241022735","0.325440607429877","0.543804460815081","-2.74631516247558","-1.66707106214652","6.32179203941429","-1.96737195527941","-9.60101235713838","0.978516155109352"
"Random_Index28_16_0009","-3.2174097606778","2.15139035060495","5.67350569581801","3.17869966003603","4.7583069678772","2.2108710337937","5.45112257929852","-13.0621929547648","-2.64227543300392","-0.461013731198699","-3.83767759846331","-1.48108983988162","-0.688116736810777","6.86045516669694","-1.54912871450589","3.1509996030033","6.55709340095142","-4.56810136947492","0.046243778508313","0.917846967704928","-4.3835982372981","6.78989306908347","-2.04380527389495","0.00918627640538797","2.41514318929262","1.13709960141786","0.40843097664548","-3.79593215033709","-0.68633279537357","-1.15171418007088","-3.7730909910667","-3.30103777305657","-4.2792499211425","-3.10796680984873","3.32936631110242","1.58078420689656","-4.2708162989848","-2.82744082992342","7.10559037469848","0.178201345344593","3.30781071699046","1.32436602046769","-1.31269816961736","-3.57574547686174","0.0235572125641696","1.1703407727578","5.05804398994674","3.39215136362572","-1.70349377945287","-0.533732951094688","3.35744138521848","-1.47057753974949","-0.789083889992205","-4.4760181551942","-3.62749758717393","-7.15615076546906","-2.03796326188058","1.3004432323367","5.18329422367143","1.05211398608687","-3.11049469832423","5.91071203339261","-2.82597996506633","3.61178015378957","1.08019316233251","3.60540927744555","1.57202699236118","-5.98937011729813","-1.2438290151025","4.35089176063496","-0.126583345956679","6.71617295607127","3.15550671065052","-0.739686723077803","-6.7290580847025","-4.54590110076064","-8.93136159267508","-4.04417296776799","-0.284306469566337","-5.0614792546601","2.47213861384079","0.129358003890433","-2.94814239742819","0.981528944095945","3.6884565698115","-6.66855215291954","-9.39715498312487","-0.840688143228345","3.50273382463098","-5.41595037487047","-1.12796501744184","5.44717173972768","-4.96399349618649","-2.13566824829944","1.32150028197571","-8.346593271438","1.55528306681339","-0.307368086473847","-2.35559329362881","3.63913113296428","-4.81772905429835","3.16246822454938","2.94011388344904","0.894289211716073","-0.553901643259776","-7.59747490788904","4.70808281610887","0.312196758700953","0.633525738074279","-2.85712169155383","-1.55103771736517","6.3557389050634","-1.96672800533762","-9.45074464536368","0.900572611637224"
"Random_Index28_16_0010","-3.22433143361803","2.08886606692768","5.49702098533838","3.11996303243766","4.71457232408876","2.40861696136551","5.52959219383018","-13.1457508159697","-2.59874254141909","-0.234748034432003","-3.79105875264371","-1.46216247654657","-0.589390224046008","6.81191904621512","-1.53660426327591","2.97505899418143","6.30481723833094","-4.53013210716245","0.155781060118889","0.762476320451635","-4.57749308899578","6.77796157127499","-2.00970833345433","-0.183318075133706","2.34559494790973","1.13729235199107","0.248638260128021","-3.82684132603797","-0.796637049455112","-1.07090875475968","-3.8518035255164","-3.25715751145946","-4.33568453699159","-3.1031802482551","3.17003620372942","1.7365586721098","-4.28092168233793","-2.94401107436985","7.03490270404881","0.300757509105199","3.33398653491762","1.3512438232099","-1.3207926973249","-3.58438927791967","0.0708242715592747","1.10787210946067","4.97814785263319","3.29822273189121","-1.61641298206902","-0.636286905059169","3.28097191883181","-1.38467239369565","-0.778705660535735","-4.52176549954","-3.66802599536967","-7.23096112254419","-2.13750830803123","1.21828161119338","5.10510341967418","1.13837820507965","-3.06582621117813","5.79109826589461","-2.73459255646131","3.61751219303075","1.08775725136017","3.45173333453006","1.62342486224283","-5.66853690792771","-1.19935370668387","4.22687002070063","-0.176161856001798","6.50356904986088","3.06099986074448","-0.594480102331629","-6.7670287904486","-4.5115381147589","-8.81482578341094","-4.18508139440351","-0.202146398297129","-5.12601113830347","2.40586277096167","0.174731525913369","-2.83756802429075","0.879666415403158","3.61251038208097","-6.61852405881852","-9.23217793158215","-0.867134599266674","3.43217748289963","-5.53710352630282","-1.14702302635329","5.38016479300667","-5.11763198797966","-2.30979383630746","1.21910542239554","-8.38731321743225","1.40685268638948","-0.276942282358818","-2.49112594216569","3.50320740275652","-4.76007111386668","2.96834272854121","2.83669456935807","1.01412855067776","-0.443579261394566","-7.71637082516075","4.69318465482979","0.470073947554014","0.560448861673279","-2.93951321623059","-1.66972947653829","6.25671971303457","-1.83000271929594","-9.38094677362152","1.02700772551683"
"Random_Index28_16_0011","-3.22305560728316","2.15407294275815","5.66243513646625","3.13466726633887","4.83412465236102","2.16153062381012","5.38806944614608","-13.1354218979443","-2.72701705281062","-0.38633306097325","-3.79065425429248","-1.43211950852971","-0.682394306801131","6.93194240504176","-1.5499340529499","3.12913576219164","6.45886428294978","-4.7329069596583","0.110212900004377","0.907917560315752","-4.43643133766293","6.83313325614121","-2.00844518717302","0.0203397641766766","2.38377118019398","1.1176086043492","0.388257565959253","-3.83831703244803","-0.667848404730679","-1.10901614751112","-3.84663006034438","-3.33570591095226","-4.18904305624692","-3.07912902150459","3.29433572767392","1.61164957866435","-4.26486343397063","-3.00515067019384","7.05069201382346","0.153299040223015","3.32687511771782","1.30895476617598","-1.27595313621919","-3.62606295276997","0.0390070781908695","1.03639698332696","5.11756329802534","3.35535459261258","-1.78121702580264","-0.576937982236327","3.46100785993245","-1.40472335036958","-0.868945807082201","-4.53332232207671","-3.66639775696543","-7.1715186467589","-2.03104805600591","1.30377154171596","5.16316773005516","1.11122446790188","-3.20124026262815","5.89090968262565","-2.82665713399069","3.68144683515306","1.06559815003318","3.56566388806984","1.58658797007852","-5.94988378806391","-1.19487320820775","4.35136421406812","-0.119910180659179","6.70783296655513","3.18332511447299","-0.862689241242992","-6.84487623145969","-4.58566755856957","-8.94543112910445","-4.05259441394788","-0.270473398175138","-5.11630873215755","2.46486813574215","0.146587487146369","-2.97953134351115","0.931632258873197","3.74336588841453","-6.69127308343604","-9.34648136814046","-0.87954244848947","3.51286201774627","-5.44471641970173","-1.14494934069381","5.4494067744388","-5.00433968196661","-2.20694277009206","1.35105619442563","-8.44290122836724","1.61628684606114","-0.37463961909663","-2.25948343495315","3.60340392480261","-4.98091465875808","3.08277825890757","2.89904254457355","0.847990054124283","-0.583992152446242","-7.63488968631679","4.75993669723571","0.297143725687462","0.713730357716202","-2.78294149879343","-1.57685313609666","6.32972358750406","-1.97678862871313","-9.50619180724959","0.924083651406942"
"Random_Index28_16_0012","-3.10402067817975","2.06603482937592","5.65077250066088","3.1678110963045","4.80609929240915","2.18669777998659","5.41417410864303","-13.0341137574886","-2.68293456821277","-0.359433839566764","-3.72279683478594","-1.47859379123332","-0.646808420807958","6.84352107252498","-1.47883026389663","3.04847467633016","6.33579115036588","-4.68860089156233","0.0964387710031343","0.802516241830602","-4.47724923037763","6.79343280212139","-2.052051351933","-0.0721668312207167","2.44260249937842","1.16054930437466","0.310811811001973","-3.77225549340929","-0.747515948429632","-1.07699117844105","-3.7864259497162","-3.24003065655113","-4.17801484527527","-3.11311647798721","3.24140740061583","1.63630661105475","-4.25963121212662","-2.90804824121949","7.06428721531288","0.211961730320522","3.3227514431438","1.32530614553846","-1.28051831003898","-3.63196640283785","0.0173374602485773","1.04590836708713","5.03752323120416","3.35827697151232","-1.73576112466807","-0.576444763519852","3.4631278845249","-1.40587251420017","-0.792812833873706","-4.52395674435042","-3.64304071896912","-7.17599819974553","-2.06460646147445","1.25654936258276","5.12738028765641","1.05939050442716","-3.10023326925318","5.90343688402378","-2.75794718897815","3.63958314863243","1.10183708009795","3.49861382612282","1.58008942132368","-5.9794855993838","-1.13523554190799","4.24732630653936","-0.141770967033047","6.64235838304833","3.0995375973782","-0.833712164894489","-6.77843841148469","-4.53531283250132","-8.89294304006432","-4.01429329998994","-0.333571585376355","-4.98652662440903","2.4532593597333","0.165268251839388","-2.9110393109496","0.9218063483662","3.72885807466294","-6.64553951478606","-9.29353698454375","-0.786274204636131","3.47765144101891","-5.52774695501299","-1.07993850919078","5.36254929310517","-5.00897140467178","-2.27205042353035","1.24524886550458","-8.50254136362721","1.54008011717822","-0.264972090390945","-2.35407164510633","3.57087114553359","-4.87970262830039","3.11865113698468","2.88874030970064","0.90961593141986","-0.561234159983951","-7.629163009191","4.74259021306121","0.307334168781572","0.693034004765301","-2.84588297583016","-1.6020974219194","6.31611797185059","-1.9830776319567","-9.49238924720161","0.978147099112812"
"Random_Index28_16_0013","-3.19660525341165","2.13042277486206","5.68391264459077","3.06590224215968","4.78901271609423","2.16148629104864","5.39252569121379","-13.171675964164","-2.60168472443173","-0.413644992494015","-3.7914743102797","-1.41157861047698","-0.582029727408571","6.85561708982442","-1.49885751562711","3.01331657843179","6.43335795692146","-4.75966140647687","0.0984054164300397","0.85501653892571","-4.42238110322896","6.73577382735539","-2.04400377677834","-0.0524738471085335","2.45824309447345","1.13649551994468","0.421800881099393","-3.8327261498776","-0.6024860896615","-1.11452032889564","-3.74695539177371","-3.28123671786182","-4.13886068192557","-3.08407131075606","3.29352764872166","1.51507305908639","-4.17760966045551","-2.92508860486864","6.98128773811538","0.0880217763639589","3.25421474809008","1.28440648862771","-1.24782123708468","-3.65963164323066","0.0439223945387415","1.14022293724819","5.06246031473329","3.3487960955481","-1.76698243212881","-0.583300894084988","3.42496885096113","-1.3945598999851","-0.734227854552879","-4.51161679311482","-3.58000483725147","-7.11277545393542","-2.03117998625214","1.31185737526522","5.12655995876025","1.11961155359225","-3.18397268481573","5.87218983412455","-2.75090726414235","3.65088579962587","1.01428622106254","3.56412250149297","1.56441409598812","-5.92698758927281","-1.20833456369195","4.26852986981088","-0.0886622461760129","6.66030424500917","3.16757753696961","-0.882500463751759","-6.71694885904292","-4.54093565931136","-8.96062705797263","-3.97407921535313","-0.176999810413416","-5.07086845216758","2.41074431430658","0.0951800066608714","-2.95712288939587","0.859379804119528","3.62550045013756","-6.70032625636151","-9.28074577156504","-0.771770363364995","3.56148064227786","-5.48939140951089","-1.15018029011427","5.36591804440601","-4.95235468216702","-2.11402012483445","1.31655778009967","-8.37185763133809","1.61990716464765","-0.30541655116068","-2.22365140698484","3.60463057657094","-4.89347979559578","3.04968425727535","2.83492382168127","0.810600450457911","-0.571170027198374","-7.58319664826189","4.78018161986315","0.26817263114723","0.792127457425601","-2.79204910265925","-1.55823998105708","6.37184951661795","-1.89371067442889","-9.62060930401166","0.876840205200747"
"Random_Index28_16_0014","-3.15149077222162","2.07070378480624","5.64225477320906","3.0971947565572","4.83265621838463","2.23064203167378","5.44113951557923","-13.1677256390586","-2.74957280170329","-0.29858573660342","-3.7670882252159","-1.40219598476656","-0.659147095633316","6.87235894294365","-1.49592303440748","3.12370748892337","6.47324749840652","-4.65468857250355","0.139217901447841","0.898458160672731","-4.46243417131221","6.79014872790548","-1.9944951781446","-0.110415509020659","2.47267358950607","1.18896179078935","0.392886983676481","-3.77306391961463","-0.625034548018102","-1.10576269016625","-3.78643211160801","-3.21689007620842","-4.16145479407953","-3.22078529022631","3.31707933197492","1.62749287768678","-4.24057715364252","-2.95672759134174","7.10528328038957","0.194111028776967","3.2389072580312","1.37356454620242","-1.27146254114098","-3.59544337370153","-0.0295555952291011","1.12984313568664","5.08073386010702","3.39722485005602","-1.71744001339565","-0.5642449244933","3.41057815655263","-1.394248786309","-0.790918599074245","-4.54652426917285","-3.62378709841841","-7.18847454156165","-2.00808390900187","1.32582264087904","5.10915203832673","1.02686939969382","-3.10029252052839","5.82961207144967","-2.73291893646975","3.60138155721705","1.07754255368852","3.60982063817999","1.58337278183052","-5.99624342583865","-1.18337005733119","4.26357396556827","-0.181576559565243","6.70907426010537","3.09184592712628","-0.846047300688312","-6.77675417624976","-4.603085696475","-8.96185825431925","-4.07014080326245","-0.237955139981698","-5.14859889844163","2.45162612714463","0.14963635059501","-2.92192391030956","0.889893932049124","3.74601033271621","-6.66922107762279","-9.38349802673854","-0.744401609485591","3.5088208863648","-5.49973677528504","-1.08511100242862","5.40801202731661","-4.92388621921143","-2.21174283060434","1.31786945760265","-8.37989326495003","1.47032818816415","-0.234909078976832","-2.35029904740382","3.64840553998197","-4.8760780517385","3.15995594370202","2.88351657362003","0.949002369252744","-0.555561858970496","-7.60933544497011","4.78490410722014","0.286435775679759","0.71177763331572","-2.80561568553311","-1.61602402989882","6.38283939855588","-2.03153139544314","-9.5250182224764","0.979348090395453"
"Random_Index28_16_0015","-3.12921170391323","2.11375991803063","5.64939843529187","3.12807417321712","4.77542732724559","2.20221913940622","5.41807566427708","-13.1187705563702","-2.62684733967174","-0.352627152881651","-3.72682193936252","-1.38141025887692","-0.615181111745704","6.73688981636447","-1.45993985327359","2.97379176365618","6.37932869273852","-4.7008664249351","0.141951623156658","0.783879030844986","-4.4592296409531","6.73158186557372","-2.08186228149282","-0.164922496056257","2.50906812659948","1.11417389370831","0.211940971674108","-3.82419915152482","-0.702456926679732","-1.14499538504496","-3.78833790307401","-3.26289860116974","-4.29513219060164","-3.03408191694523","3.29132035900064","1.6141453904742","-4.12696438071906","-2.91856780652171","6.99893525391916","0.219241883269773","3.27192994848499","1.24192210862279","-1.32028129037811","-3.53198923482261","0.0440492419621799","1.02205275994464","5.07438379799564","3.36023261109912","-1.61613756075392","-0.550820383071712","3.47434253229533","-1.40878739429275","-0.831297848764039","-4.49572318469862","-3.64859118552707","-7.02237187306433","-2.10946911428354","1.30779564582451","5.13327714791675","1.13664141511555","-3.04835302876543","5.87822728322949","-2.7972473659686","3.62932960425004","1.05974374069485","3.51246096581424","1.52389908909225","-5.75438997512592","-1.17752736431318","4.29267492493959","-0.157788102491356","6.59277489335469","3.14431654268612","-0.782485988072272","-6.69647147777841","-4.40081290681499","-8.83289008138806","-4.05448268841783","-0.166201627669855","-4.91199503750758","2.46719295823524","0.122483547587046","-2.91308458034528","0.858188845209852","3.63962319207823","-6.58626196907024","-9.33276605792863","-0.847135731875208","3.51283380113218","-5.4462369711683","-1.07417661134145","5.21309542245001","-4.95289843411654","-2.22899932807798","1.20928219893041","-8.35727347312744","1.45801267249225","-0.231417726397659","-2.52547855260072","3.56063378438448","-4.91502303348588","3.09260097459993","2.88744020004331","0.911256613552762","-0.520860579743444","-7.58182399550527","4.73104604226151","0.304074569157107","0.769731431432978","-2.85827761003152","-1.54679265732681","6.36058308405146","-1.8088201335221","-9.49279820519549","0.905347259526634"
"Random_Index28_16_0016","-3.20550229410201","2.08378054245983","5.72282521030505","3.16917215753602","4.7880974741146","2.28864198571392","5.51725934573729","-13.2157051382677","-2.56976956877418","-0.345195753330036","-3.79801347256406","-1.46672418351892","-0.630533992187788","6.79150700597272","-1.55023173703315","2.94882002680298","6.46319911938921","-4.64834739599557","0.106479714847764","0.751277494092598","-4.44805019463966","6.74075602812781","-2.06922182722911","-0.134784351447633","2.55754947926579","1.12674607059329","0.332621700850235","-3.82268193798262","-0.687665408036599","-1.13169173734778","-3.75669057880415","-3.30898888234734","-4.28431517698333","-3.11051601240427","3.29764823073807","1.59679418982103","-4.11815197543592","-2.80450751563697","7.03395986130351","0.186783022320382","3.33277622694347","1.31887220905357","-1.34670221025592","-3.58656380116746","0.0281579833043286","1.05927177051325","5.12531461646268","3.44156349238841","-1.74550750273818","-0.48180366134626","3.40128931400414","-1.48717692737612","-0.881436457652083","-4.63539430629283","-3.76004255371259","-7.12921475223239","-2.09970979470221","1.30957162895042","5.17116561683121","1.20881453665221","-3.04841810411002","5.93346955407876","-2.80782117259902","3.62687759845348","1.01076033572318","3.56200870763147","1.60698783304215","-5.97453683993598","-1.14017255123331","4.25755697000846","-0.169600990378705","6.68647931765128","3.15854466347688","-0.839559427742312","-6.68744822872587","-4.5584323397822","-8.96578822410583","-4.06614620964748","-0.236764022092722","-4.90474041219121","2.54477786986322","0.166067775969045","-2.95828923883897","0.931510313711985","3.68351570060438","-6.61693172340055","-9.46601328161205","-0.874924063523526","3.54854114984254","-5.46657903118779","-1.05291558488413","5.31301462233736","-4.95744691085801","-2.19606706370368","1.22663788858519","-8.41107171452652","1.4655667060899","-0.276519659383897","-2.37809025994418","3.55215370501611","-4.87081885995391","3.10827655802397","2.86192859085825","0.900968768817375","-0.510357682907985","-7.65116969802936","4.81672048166084","0.326941331566894","0.757993991717253","-2.91164448225963","-1.50622728238751","6.47024827698119","-1.86854938732395","-9.58378186193055","1.01858531353644"
"Random_Index28_16_0017","-3.14149146519915","2.02913482036757","5.62091778561637","3.06526296303835","4.81597602983931","2.29043339218598","5.32087923747591","-13.1725853208311","-2.57257721426508","-0.273128519872581","-3.74332000636038","-1.48176386863554","-0.725626686121401","6.81146768325317","-1.57736333971439","2.96050613023294","6.34805402059018","-4.57554951673082","0.160203617461188","0.775648623654028","-4.43041800584503","6.76340969386587","-2.01189171499029","-0.217062611230905","2.4194727583633","1.08858540985859","0.370597615454148","-3.79701424596659","-0.738894628104814","-1.00894843008114","-3.82934103577745","-3.25687470893564","-4.17565220643853","-3.07313597924589","3.21904298289425","1.63754920907237","-4.25303839335098","-2.90626714985389","6.82714987215592","0.264898134279578","3.35323386308916","1.30586868397692","-1.38936783936951","-3.56171154528379","0.0679979662600196","1.15164886207674","5.02325806046817","3.31327588083754","-1.62811260101728","-0.615072286972558","3.37828325372731","-1.38018701219243","-0.870332224897667","-4.44203975729797","-3.58907064858871","-7.22221979820419","-2.12274312372328","1.27600999736271","5.16653048692165","1.21583135921599","-3.07599713249346","5.89067617573125","-2.78951067702165","3.66778340471081","1.10435740441538","3.54676192498284","1.67121254534396","-5.95897897337146","-1.23004209177773","4.27100840597517","-0.119482512853807","6.65531266340501","3.15225796667719","-0.681763849730117","-6.65950487730525","-4.50095737648399","-8.89047414758998","-4.15122359850819","-0.19970842622123","-5.01360116974539","2.43339403211029","0.105667520199547","-2.89831947530812","0.934322127053417","3.6844162906433","-6.65141982863119","-9.26546633336644","-0.800600401093472","3.50833766630749","-5.47010496348517","-1.07671835289366","5.37664081750075","-5.09671892170859","-2.22527429603747","1.23581227815121","-8.39993811953502","1.44523350443879","-0.249898325070922","-2.3025628774147","3.51333160288008","-4.82359690967264","3.01684139293324","2.85408383295698","0.988101344164901","-0.456398924143005","-7.61542412904912","4.78073641493663","0.423331999730862","0.72741418922093","-2.97002072797278","-1.61996876373831","6.34274718013409","-1.80119678199104","-9.49545905003737","0.999853442370417"
"Random_Index28_16_0018","-3.11098849381912","2.15798121489935","5.57729472044818","3.09872287959051","4.77464691975358","2.31259505659879","5.48595071673996","-13.118586381826","-2.62302556076655","-0.299460842487593","-3.66883421100219","-1.3876869318726","-0.639319282477997","6.72972796865394","-1.43517407795781","3.00997671419208","6.30745726532316","-4.60740010234556","0.133677599420125","0.799614364804071","-4.57060399505274","6.59420539794396","-1.94714031938702","-0.127096319443562","2.40232552962957","1.15171321199073","0.345584906715624","-3.69995778263396","-0.712971567997841","-1.02627679973095","-3.70001782814797","-3.23024491991574","-4.25942518229755","-3.17964602047682","3.2958415628791","1.55971677628227","-4.21718708394258","-2.84798267687814","7.00571545230389","0.287203363314016","3.15759909144819","1.38702322612474","-1.2104649114025","-3.44113693688919","0.0182421220242696","0.984459449642651","5.00974536471311","3.33072052811721","-1.83964033379832","-0.637391864974917","3.44497804126155","-1.3585607138307","-0.780924247652007","-4.63977550557274","-3.66987133204081","-7.21286448874495","-2.15945597001473","1.34722234716596","5.03299575099541","1.01773143035091","-3.1058063168303","5.7994048270622","-2.59909746541606","3.56700476479176","1.09123826645652","3.51587238556802","1.55885227310491","-5.91186345227746","-1.20887143552499","4.31978432019396","-0.223693298240923","6.59109199895083","3.16245993098392","-0.676547839181256","-6.7796785542181","-4.60653849774037","-8.8570823152111","-4.08746922789335","-0.246045932327254","-5.06948731835911","2.44248133791472","0.190464298264615","-2.84077343620263","0.854097481110173","3.64698050473314","-6.51819256463929","-9.29741474892959","-0.822457521496514","3.4508528802669","-5.52907864319913","-1.14537401960092","5.18229685845338","-5.02121220049452","-2.30463695819394","1.18079347175185","-8.46328321208076","1.48623847227254","-0.182391086567791","-2.46918254315782","3.56771602611283","-4.82669734963126","3.06626585557429","2.82308567721234","1.00375526361633","-0.555949523067242","-7.77213848041945","4.67549967143949","0.415866489202142","0.615789373887135","-2.81621993353472","-1.61333097156265","6.29652704172887","-2.01250807417114","-9.42572717650015","1.03882374055594"
"Random_Index28_16_0019","-3.21489409137122","2.0490500444499","5.66512813256864","3.12223474665871","4.89707342478013","2.1880091616242","5.44519453386542","-13.161015496547","-2.73580108922969","-0.30021816895145","-3.74831868405707","-1.38356162080065","-0.557656669585841","6.91013271573023","-1.44935732936679","3.16237256833668","6.53969174174628","-4.81667789034118","0.194345574965513","0.891455807830267","-4.5087683604961","6.82096320729042","-2.02087943869608","-0.0891414609706878","2.3861152960094","1.24939601182428","0.504559036109673","-3.79637181251432","-0.554802433904632","-1.04561134698093","-3.90602781348202","-3.29805053978964","-4.30394105001383","-3.22849491155436","3.28955934366585","1.61909960782263","-4.43623157300811","-3.07904878471826","7.09981499608051","0.233312949982563","3.32129613612225","1.40915659106617","-1.25465610405885","-3.68182610175589","0.0229999942622945","1.04188501802109","5.08758422789255","3.35277115129831","-1.83556251132326","-0.705120923196487","3.43697722367561","-1.41197384724054","-0.768338979910886","-4.54871106670149","-3.57402778168818","-7.26925480352118","-2.12306561969033","1.30679209463558","5.09259794811466","1.12861466123596","-3.30265034595704","5.88747306015135","-2.89951584098583","3.66068609020261","1.10012501280196","3.54882786000581","1.54137942342581","-6.01292333703064","-1.38135967512937","4.33211373102644","-0.108482544243275","6.685339217873","3.10133118494165","-0.832222818500026","-6.82849211189796","-4.61464673740141","-8.97323215822875","-4.069001843696","-0.247367361150824","-5.15423463949515","2.3817634705427","0.243056318464243","-2.96801798664699","0.971662465856277","3.73927559473191","-6.77328999931613","-9.40060377635187","-0.750579836291899","3.43233170225909","-5.62189643872866","-1.21924084800086","5.47088461679976","-5.14976654065846","-2.20811003684022","1.41696300450066","-8.45421323433906","1.66288709602528","-0.313911142690931","-2.36439253116262","3.67989320600398","-5.02119750647507","3.10323644060306","2.82904016620932","0.99966812591683","-0.567261505517205","-7.73791362269936","4.68301432515491","0.353978088493911","0.691807058626153","-2.7939616416562","-1.76177581073599","6.31002506274628","-1.98552322032527","-9.62227517778714","1.01756486332096"
"Random_Index28_16_0020","-3.1562136435663","1.9931384140215","5.56588988824509","2.99192471551972","4.68460850209802","2.34385302160383","5.45486562791809","-13.1685753882619","-2.58321899241696","-0.188170085848025","-3.66111764798507","-1.32516837514656","-0.482075029433897","6.76327921071065","-1.31974538867237","2.98127076003484","6.48508880838763","-4.74397815430839","0.2498298786801","0.732274275148173","-4.57940644566743","6.70495682266555","-1.9119718334983","-0.214493338095529","2.33875584313734","1.11637057180675","0.215166951615394","-3.67006216504769","-0.758182880755702","-0.945047511944752","-3.65907041287965","-3.1542647518474","-4.21206334180479","-3.19165630117656","3.32320454105279","1.5704076157902","-4.16254932873821","-2.89571005120201","7.00103793159411","0.288317997013574","3.1892231039586","1.46078375489235","-1.21973023173033","-3.5089618219918","-0.169195216868237","1.08438380304647","4.99973123565263","3.33801802790159","-1.70577926848529","-0.601140914607695","3.3496273574148","-1.29868820306785","-0.646360201147336","-4.62932043322365","-3.67639026355655","-7.06857563573018","-2.19817870755778","1.30398287640479","4.90657545203352","1.16188843963713","-3.08495257637584","5.77465212267164","-2.67367266166575","3.51002604681498","1.17823913883925","3.60370111913939","1.56737054602723","-5.85221456298076","-1.12700992534903","4.09403970181428","-0.15737457148882","6.69818926863286","3.0698364999774","-0.800434744905331","-6.81846425814728","-4.49085960846661","-9.02511258117584","-4.07163192591752","-0.133698583540035","-5.05014123887281","2.41067262516054","0.251701786614913","-2.85718436237737","0.849668572852533","3.62546953246279","-6.5255675987753","-9.28985472349046","-0.677701263752051","3.43194028987856","-5.54151413006607","-1.18655889469364","5.28913408864927","-5.0410459036749","-2.29141548161352","1.20185697658926","-8.5379384229495","1.4095679575536","-0.104023762657205","-2.42750776488278","3.6218389096217","-4.7546648520594","3.09286822526294","2.81258894166107","1.03199250612259","-0.533404670879647","-7.66082843113824","4.72287208238893","0.452591240470244","0.603193604287855","-2.810906033452","-1.66800449832308","6.38280636441022","-1.84988792233286","-9.51372431992975","1.02483496240976"
"Random_Index28_16_0021","-3.04281658842236","2.18016265630554","5.76329518073037","3.21764586887255","4.87530656081276","2.20743508082083","5.39769663836429","-13.1644948824664","-2.67436468653912","-0.373970135035755","-3.79159763440497","-1.46577578520173","-0.678826382279775","6.8128066010126","-1.55402305857885","3.06590598762611","6.38635285853755","-4.70675089651375","0.147651787863301","0.851855809326435","-4.31108709029439","6.79549183905895","-2.13625551320146","-0.063943475805485","2.55607801795659","1.02492485533991","0.32527651927168","-3.80392447972717","-0.71193031018042","-1.1158318692147","-3.80728102152032","-3.32848016103077","-4.31817166685811","-3.03637991461265","3.22341215875334","1.66652386825519","-4.08744997696195","-2.82617232520344","7.03816109633082","0.244469370441712","3.39465450006967","1.26908601943662","-1.3379721713364","-3.52860103680625","0.107294190945766","1.00537906976663","5.13328634323344","3.44364035965754","-1.77932797767217","-0.429494112422115","3.50721253724381","-1.35522864095689","-0.874697033737429","-4.52338064859544","-3.73434143661852","-7.04326883555553","-2.08751313802651","1.22533472618385","5.25146771351982","1.07394184284391","-2.90510044856691","5.94524655448222","-2.65830806054271","3.74584002117376","1.01674870151628","3.51997503591499","1.475100202588","-5.92909409319336","-1.27261946808799","4.3426025628669","-0.185052931125929","6.65761235073673","3.22440765651384","-0.758600270101846","-6.66965224323516","-4.45580195272457","-8.75728133537436","-3.98200268342354","-0.236609201218914","-4.84205999823669","2.54819389554792","0.0641084690958783","-2.82670490528766","1.02816685373979","3.75443577842684","-6.51292974444626","-9.32735547649205","-0.806489422656299","3.55208370178775","-5.41882878327592","-0.957451993967924","5.3260616323477","-4.97642012049771","-2.11871911927317","1.31225229293897","-8.37277872905886","1.5286453325254","-0.304112480905418","-2.48619388200662","3.52227799409355","-4.84366215563618","3.1040742155613","2.99838109212801","0.893797194931831","-0.541647775284328","-7.53202312158584","4.77659160963285","0.243436284637921","0.833350719159415","-2.7928557043831","-1.47546564893502","6.39607778172414","-1.82310366885033","-9.35373775783864","0.912383939136948"
"Random_Index28_16_0022","-3.13251318768172","2.09764656819634","5.66544200919924","3.10871017363046","4.75682093427391","2.22576836634106","5.42033824433651","-13.1750022744644","-2.853191367539","-0.389935139205336","-3.79249079003047","-1.44004713931909","-0.649750152178802","6.92929935064429","-1.52175393865465","3.10141927450716","6.53804780666037","-4.63696517117476","0.0741099965036371","1.02026884928568","-4.60478606404528","6.94014944637912","-2.02716261770449","-0.061433599394026","2.34067407485595","1.06009909746165","0.42158713034253","-3.76154638070565","-0.592983855067569","-1.15870887865096","-3.8996452343924","-3.27627674087239","-4.18975758067223","-3.16158295677511","3.36140829403897","1.6599274410031","-4.25395295567816","-3.06300314058072","7.1917310966224","0.309855318505615","3.22701208959126","1.34873020147217","-1.17418562318655","-3.59671905655099","0.0486567457842323","1.07088248802163","5.02940368613901","3.30871070421952","-1.80321960339588","-0.614803568161232","3.4887265910467","-1.48217090905153","-0.832756048337662","-4.49367317486404","-3.72469151316591","-7.38087954411292","-2.15226968818304","1.36374009798235","5.13205525037903","1.0652224992012","-3.16692149587741","5.73061282210225","-2.80496754332259","3.69579011711059","1.12985602619358","3.64151983125712","1.64670560608992","-6.03968154470794","-1.21787160242536","4.38615278896159","-0.0214618178605393","6.73285529976548","3.00083712919279","-0.700573198105675","-6.8813355717231","-4.62193181334608","-8.73538269713827","-4.19998868229634","-0.390228173948542","-5.08678266345437","2.46704939644687","0.206255262573166","-2.91788894564081","1.10843525354757","3.79423693394742","-6.74681117068186","-9.3573632214263","-0.817590738092588","3.35768961739007","-5.42696292359133","-1.10984646262483","5.39256149492229","-4.94823907787469","-2.10456586155275","1.32761810295369","-8.36073262502129","1.55302162887441","-0.312378941660203","-2.39568629519086","3.71810692745368","-4.81382918749861","3.2288675229136","2.8631200986595","0.994445112740779","-0.500367193728383","-7.76912122599094","4.74309502804498","0.353574852784505","0.543017472117772","-2.87057492714879","-1.57329935112843","6.34747382396821","-2.06509316269864","-9.38703988295597","1.03821974924213"
"Random_Index28_16_0023","-3.19634593339284","2.09256841576895","5.63327213256283","3.12851101218974","4.74980792449962","2.26157575370712","5.46283409183232","-13.19863284945","-2.70211651893243","-0.401011979410905","-3.78901177417084","-1.48189568237565","-0.674015500077521","6.79896267098783","-1.54218863295021","3.00261240714058","6.51549955983112","-4.74364917766496","0.081959773283817","0.819761438134736","-4.43908075716556","6.716810760495","-2.07213825077453","-0.118703095435221","2.50761004152736","1.10432506844655","0.278798890764939","-3.83387520523807","-0.690559850861655","-1.16762333895202","-3.76971040650076","-3.30767444795798","-4.21471895132517","-3.12747223139805","3.4190520345938","1.5874145649191","-4.16719406877274","-2.83826772579072","7.00672697163975","0.163143847175051","3.25363674353479","1.28686875105278","-1.3553042816927","-3.58310047678884","0.0566173806044033","1.17284477876935","5.06689765272704","3.43478473340606","-1.70930992509266","-0.492955519020641","3.42284589402999","-1.47806580968591","-0.842896775149218","-4.53564390108256","-3.7111061441064","-7.04079807085951","-2.11038762639837","1.37446615988766","5.17037522806783","1.16989216770862","-3.10742492403828","5.91861716900792","-2.76900893014759","3.66369722501825","1.02189540115095","3.68460062497113","1.57120956201245","-5.97398805463418","-1.22373612274941","4.26723375369242","-0.149568065484044","6.65866462213839","3.16852807891275","-0.797691230990162","-6.68056743798374","-4.57845856980388","-8.86449781900195","-3.99469306282681","-0.279247945218611","-4.98238899372294","2.52524635723248","0.163537960591931","-2.85782761394285","0.941781522582035","3.68460990942373","-6.61628137611638","-9.360205715877","-0.881482279378727","3.56227331943923","-5.43162360301451","-0.994936116371168","5.32902745250017","-4.93635653678963","-2.17080426615326","1.32315307048608","-8.4014446512107","1.48606166325582","-0.271217445080871","-2.35965535097755","3.66872188876426","-4.85439587995893","3.21840393083574","2.87753579613236","0.899773687797641","-0.614743456179864","-7.62778727425957","4.81867307113327","0.302052819313324","0.747898980084877","-2.86040758448432","-1.5180366579573","6.44961886789504","-1.94664630824864","-9.51181331456989","0.980342269820915"
"Random_Index28_16_0024","-3.28259078943541","2.07220550360545","5.67217515914678","3.14705867837835","4.7408275907314","2.22840818388517","5.42422161213145","-13.2268151516441","-2.68695983388769","-0.389156141360493","-3.74079136339277","-1.46279136530542","-0.698088843487308","6.84850246387519","-1.5385858769462","3.028747887129","6.50857343679045","-4.74340178635946","0.0530236029998558","0.781873591920194","-4.50177789108818","6.77308210215567","-2.03658313888653","-0.109418135178649","2.46982240893933","1.06378147668505","0.288065873724754","-3.77056380170335","-0.715278998322948","-1.1449651820178","-3.72681648215169","-3.31221269740211","-4.28246340530601","-3.15069397428385","3.38338866236926","1.53135885190333","-4.18236926447179","-2.91221282355259","7.04941878910975","0.209098200375909","3.30928948583935","1.27354716059121","-1.25939319541184","-3.58910835932527","0.0395546028967399","1.15150306692072","5.06729800750149","3.3826081491171","-1.79920455678443","-0.490029341440683","3.40093293525057","-1.42813775713251","-0.844577648086372","-4.61761914790707","-3.76949186432333","-7.16542047692522","-2.13500605544358","1.38500747081171","5.16027852723018","1.06625038971322","-3.06328420784959","5.84804437881923","-2.67657328842726","3.66579002738262","1.02778222431191","3.65370026610388","1.47029740595493","-5.99152742845141","-1.16916578769251","4.26943266389855","-0.228264180693848","6.68767118438123","3.22013168692677","-0.789591500810321","-6.71196495297226","-4.62927889808619","-8.83279508844382","-4.03003196384073","-0.244943449188168","-5.02471755670943","2.5298330965248","0.100667276481515","-2.82005578458844","0.919816334247907","3.7319210515561","-6.70143560562224","-9.38882968639662","-0.889425279530144","3.52113396319074","-5.47717634886909","-1.05559833069103","5.32012509776373","-4.99720618218792","-2.15278901584882","1.21296953600097","-8.42657732273706","1.4575808117815","-0.284046138627746","-2.38923821400093","3.66317098994606","-4.8421619850241","3.24262331628037","2.9316995381432","0.950457137117786","-0.597209697357164","-7.60512879384736","4.77621497354532","0.334269432359208","0.68979947097129","-2.86038072650183","-1.59333546552048","6.43807441645805","-1.93809138936652","-9.43368455064847","0.973735639803419"
"Random_Index28_16_0025","-3.22258817404872","2.04723668288845","5.57004099464168","3.01111233667139","4.70054160306087","2.28266287142946","5.50475610886062","-13.1768634049712","-2.59764381732612","-0.333335993460341","-3.74325077080266","-1.42355283272839","-0.627398644050697","6.81315023905742","-1.51020554909993","2.91649935834758","6.48295601216496","-4.73933839340055","0.0688008584955871","0.717580232529579","-4.52938484344129","6.68308903561882","-2.0356465493131","-0.134017135284328","2.40916402354431","1.15028326688109","0.36634525910006","-3.77825658384381","-0.730054143242708","-1.07276397573749","-3.6469720390655","-3.21125526220417","-4.13709292676123","-3.2056985311064","3.36796753954687","1.5647104468093","-4.17332766051365","-2.84467667268642","6.97246734269894","0.177485600307022","3.23936973541823","1.3177959474616","-1.27649700321907","-3.56199741412494","-0.0497273739272367","1.15489164427047","4.97669399886242","3.39244545331595","-1.74604950009952","-0.550820202799532","3.36686258865469","-1.40809434166297","-0.758235936876239","-4.57192295043906","-3.6412241691271","-7.07727488184549","-2.10630468963609","1.37491892965332","5.15441195425167","1.1298984545916","-3.04649523697408","5.82576486877451","-2.6635858134835","3.58939404518284","1.07682898184778","3.68610073090627","1.60100900205102","-5.98031528122401","-1.26019063096079","4.14609769146726","-0.169937432265639","6.653671131224","3.14981912960444","-0.781492836279348","-6.68140309890323","-4.55995961321333","-8.88955435263596","-4.02334720225945","-0.169697857208526","-5.07653737178984","2.4501279634034","0.128964005020972","-2.80020743338217","0.887586055259747","3.66400912202337","-6.59201225833516","-9.27044473612453","-0.782964556392271","3.48717123896381","-5.49388450596559","-1.09566447782467","5.27854995689855","-5.03054730681754","-2.2454225290799","1.19192906007792","-8.38949719195284","1.40286864231027","-0.185197191926628","-2.30021255800965","3.62234815058465","-4.81313824451765","3.18420103154051","2.85715792004846","0.92783138199278","-0.59260850199025","-7.6721061944221","4.7797534204077","0.337621418976916","0.689656657603196","-2.79925692312076","-1.65985259041688","6.38126134874003","-1.95080828384111","-9.51983847209887","1.00056381493389"
"Random_Index28_16_0026","-3.03726946380956","2.13165279232816","5.68316529115312","3.14757215393951","4.84533976580973","2.18478247307831","5.40388480523803","-13.146624164161","-2.79181044151915","-0.319912293481177","-3.7258282457429","-1.42127249089717","-0.618803891054785","6.88433861465384","-1.4792793668466","3.1161862179533","6.34897914418569","-4.80758349395794","0.104227268095625","0.897698827505197","-4.4824495993727","6.79301420107611","-2.00528573973045","-0.0132870646679237","2.41385414834288","1.12861913701369","0.411094476951173","-3.76533247774163","-0.626203147588782","-1.11650804479643","-3.85419296610641","-3.23546195214937","-4.2411025524279","-3.10108155131344","3.26965156836085","1.65215838915192","-4.22330987359189","-2.97534849760769","7.0584402363948","0.185334820699421","3.28995161297083","1.33613408029539","-1.30074742239636","-3.62095877645816","0.037772154848726","1.01691180876991","5.08497738177399","3.34371731435047","-1.73679894127037","-0.600918177654982","3.50418397201756","-1.44444153461688","-0.847519631803931","-4.51268262494049","-3.64655406584806","-7.19157397018828","-2.05610973514378","1.29916989274294","5.17913715266568","1.11689922093225","-3.12275970199939","5.85768473608308","-2.78418612277377","3.71956768836322","1.07277369102427","3.53207844809309","1.59385235212935","-6.04073248508616","-1.15331522661227","4.3369776962464","-0.13146942489792","6.66795891286842","3.17701639669309","-0.785759061599094","-6.72268241011452","-4.59177732972971","-8.82625052650675","-4.10863602111911","-0.311543405106318","-5.03298467794342","2.49343791920445","0.18281853557896","-2.90983395162447","1.00186556638545","3.75570447787457","-6.67091169614246","-9.32099625078955","-0.828000057334271","3.48159298674884","-5.51883935850367","-1.06880200171124","5.3580155063484","-4.9876758675112","-2.12346002200058","1.34775007361532","-8.43519457447007","1.61790994190846","-0.319980653705826","-2.36504236440894","3.62662050412411","-4.91539466930596","3.14074715607563","2.91387815922311","0.922263349678262","-0.664176359263616","-7.71564000051115","4.74015616042764","0.344053534443022","0.654686893324901","-2.87260006745145","-1.55350938391841","6.38254928313026","-1.97969565078812","-9.49221124122622","0.985068109878372"
"Random_Index28_16_0027","-3.18107742284753","2.1833283867","5.71543670076358","3.19997342284947","4.8027393000195","2.20230526565583","5.27146987179529","-13.1771846660152","-2.70720506393925","-0.334854139177483","-3.76004020522591","-1.40225548066234","-0.697874034800376","6.8840424671401","-1.43129745520086","3.06747871274085","6.4096661740934","-4.7404648778805","0.0614162393693797","0.889728914883882","-4.41279246533524","6.87211868708503","-2.05259790475205","-0.00101377197868062","2.45691923082197","1.08900473569789","0.316674239612357","-3.78022556835687","-0.667170167685856","-1.13035516742726","-3.8643928164877","-3.33750146390538","-4.29984046424706","-3.04038864100594","3.17783607261877","1.61185022586245","-4.22218674742842","-2.98196945463401","7.03687491597681","0.156352424551386","3.33267651719049","1.32232386051555","-1.32225947223538","-3.52976291260009","0.047143535183787","1.00072388383147","5.15484168533334","3.3777621978706","-1.78277587719395","-0.511601442864526","3.51818218725074","-1.42866020513332","-0.859861430672083","-4.5118933770659","-3.6889095966273","-7.04190010099993","-2.03665935429493","1.19643148368915","5.21490479149341","1.10190976082444","-3.06774071475791","5.86877666880123","-2.72363007362307","3.72038742635267","1.05061972305791","3.52886530107412","1.50343250337304","-5.9256916345724","-1.18071316804515","4.3485259080576","-0.171650539075738","6.71316183116195","3.19066887200474","-0.854979169788815","-6.78333821151362","-4.52744331391691","-8.88105246296692","-3.99734344715127","-0.241877341176127","-5.02439810914277","2.50714547025792","0.0937630395184892","-2.87959105531903","0.973735996239584","3.81224943624326","-6.55972052578097","-9.36010715158313","-0.835213654281717","3.50173897511849","-5.44197347767416","-1.00761549806293","5.41080265805446","-4.99806891381252","-2.14999086080259","1.31650085127483","-8.40127635069305","1.5656389768981","-0.295222376260822","-2.43160442861655","3.49530534326233","-4.88832216130602","3.11594887631468","2.94642402794737","0.913010281249019","-0.625795503333961","-7.53448202757164","4.79002649050986","0.309154443679625","0.732313345717799","-2.83088844405724","-1.54486467475288","6.35515455048914","-1.87372088633439","-9.42487104132406","0.911526743561888"
"Random_Index28_16_0028","-3.19759421119829","2.146772374119","5.65037641364684","3.08409381269604","4.77103436420264","2.07981518572927","5.43876510967807","-12.9057255194784","-2.64246128052049","-0.427001150607913","-3.86067548351237","-1.50765806247423","-0.646715963001862","6.64628488159895","-1.53602398698344","3.14722311542049","6.22007198249316","-4.82828465229474","0.0489135145501195","0.98938614417482","-4.23109637129574","6.62167090670951","-2.14043463824459","0.0111780706698249","2.46180101824528","1.17147176672414","0.448650062195076","-3.92247931084759","-0.660539887020537","-1.18615911340194","-3.9289487195471","-3.3536292782148","-4.20906932207075","-2.97145441177231","3.21151007779162","1.65709243590927","-4.13759523458655","-2.9715810914836","6.83914275610752","0.147821447644533","3.35878738435057","1.20159196027085","-1.48224954104842","-3.54338945410239","0.0783758585379659","1.03826350873183","5.0646708047472","3.31352820610832","-1.71861061877856","-0.52793951403923","3.48456801621486","-1.5176396408617","-0.896930463758387","-4.50560046576078","-3.61415506962216","-6.89709560379794","-2.02792118365948","1.22316775129878","5.11907452865369","1.28178315024546","-3.17960542050254","5.88215727627427","-2.87490262425418","3.69271338946703","1.04572773774778","3.40813403005795","1.69729846082569","-5.92614174169038","-1.36979432832133","4.33815565616661","-0.0515438093270553","6.43163245000753","3.18520563839163","-0.745907638878196","-6.58426971544307","-4.46456106592409","-8.75386868297325","-3.98761390100965","-0.254552263222731","-4.92959391468422","2.3823116525133","0.111254585604903","-2.94545361818465","1.03483485739285","3.66486435281501","-6.64312392817139","-9.12747655653234","-0.958810655280131","3.49254207806015","-5.36404051651156","-1.0614595874824","5.42424715439626","-4.91069011482159","-2.08509820815902","1.46350591066728","-8.32420231782431","1.62293887842779","-0.397699217283128","-2.52547950535822","3.53122848082781","-4.98169316866759","2.99011672867948","2.80491431641801","0.818280226587111","-0.652009971065584","-7.57432221101156","4.610806289489","0.165181557400384","0.709915944423893","-2.8672568833077","-1.47120034622095","6.26399873907424","-1.83563378228787","-9.54362614743483","0.869044128874972"
"Random_Index28_16_0029","-3.20199738025144","2.15915496921675","5.68985744410895","3.10953187621813","4.81338666767071","2.21944030713072","5.4367496246823","-13.1898373930404","-2.55185436060845","-0.382317550742719","-3.80552792198362","-1.41560949876723","-0.647916941358152","6.83837485054486","-1.49617271865064","2.92122386630377","6.57074259559432","-4.78698383788094","0.106272120163552","0.732684170298702","-4.43980298407447","6.77518900125525","-2.05254407869154","-0.175572290554382","2.48185766993138","1.10648313264807","0.304917020717875","-3.83224074009549","-0.722949242216857","-1.12263531027885","-3.72252963858649","-3.29020708898353","-4.15572975085444","-3.09666985077004","3.4034804420606","1.50975102037586","-4.1846776801802","-2.83546940371985","7.08420263752562","0.108557127019761","3.2689501584917","1.26818687973441","-1.29495764733745","-3.57567998158723","-0.00091873976412892","1.09336550020107","5.07749921344771","3.47457860890262","-1.8136590622514","-0.485293065734693","3.41425230150264","-1.4635317938622","-0.799337761712333","-4.69707470936056","-3.72503694228498","-7.15732007906397","-2.18875408486921","1.39518506106589","5.20414837075652","1.12536173517203","-3.11981447445856","5.97811306089704","-2.75959737730509","3.67400211497908","0.962585104327129","3.68497039967303","1.51600150088732","-5.99147460322619","-1.20224817075379","4.26349920934993","-0.225091992956485","6.74112205699309","3.20951052281584","-0.863113901347313","-6.72020312213798","-4.53924164878381","-9.00200979888549","-3.97571381323427","-0.240519694065084","-4.98213764779507","2.54329585952607","0.129681963972595","-2.95046351149095","0.834433972176645","3.68276914907972","-6.63723530585774","-9.45915528726531","-0.874169863811008","3.58098911139651","-5.48044216425904","-1.11425922623843","5.34520986852988","-4.9613159556198","-2.2755568452624","1.15921844033398","-8.47046063124326","1.50623420924088","-0.242080213820519","-2.38233580714304","3.65692361741645","-4.91647796579309","3.19506123048446","2.92729214986405","0.869131090893331","-0.569846944710935","-7.59983730656928","4.84694356980902","0.273875505846673","0.759622051875239","-2.91317141180853","-1.55441931816982","6.46199954044109","-1.97484572844898","-9.61169772310048","0.904083324211976"
"Random_Index28_16_0030","-3.09888548051989","2.15404530539775","5.68578606132481","3.14576109500701","4.85391453435515","2.13214810207921","5.30442819305392","-13.0109674187364","-2.77152853692776","-0.368722293944586","-3.76037057607044","-1.38327192077293","-0.686129892908171","6.87581173244788","-1.48356475698038","3.09376890714535","6.38233217858921","-4.69323888217352","0.137330003813185","0.909757500891712","-4.46712380307347","6.8440886034816","-2.0239176478445","0.0354198217444731","2.426300608964","1.14550388649742","0.298697225606151","-3.75670539640554","-0.568936421980483","-1.1151752216373","-3.88450141604381","-3.27412565285757","-4.18746654027688","-3.09316625913275","3.1954777095072","1.62273366433793","-4.23696091053348","-3.04113789451426","7.05531978858844","0.168132373292871","3.28357811419877","1.2997574809317","-1.23395551822473","-3.61731360842244","0.0328178347727874","0.978435977626491","5.09068080458545","3.33118719575605","-1.80066701974391","-0.540082474883825","3.51861487202727","-1.40715974146518","-0.829580578160108","-4.48251514869266","-3.59230475926739","-7.17233303474268","-2.05959081555804","1.25566511099384","5.12410244968426","1.04497067873525","-3.130408782251","5.82470123288581","-2.77450191954645","3.6711692248891","1.10164019923118","3.47514283810049","1.57476770807786","-5.99171160018633","-1.18233824866412","4.36410842488179","-0.0974213801745399","6.69114942649271","3.10952958387073","-0.85231560957412","-6.87204693671639","-4.55661731346174","-8.91340480751767","-4.05245944049404","-0.277756840400539","-5.03535558180495","2.43844603032544","0.171616815349708","-2.93632031311126","0.965922772417525","3.74746304967774","-6.61768865437824","-9.307025160435","-0.788013153282467","3.45688697281108","-5.42981334297388","-1.09411350716746","5.40255302750542","-4.97101130730194","-2.22349970402333","1.37398212159772","-8.39739077291308","1.59865921507573","-0.31457447961896","-2.36387198988068","3.54916699211318","-4.93532832696694","3.03804552681559","2.89674086414618","0.868540830203773","-0.588142625994372","-7.55453360086137","4.73101873293781","0.293831951347133","0.751012267841464","-2.77736411618646","-1.54925006282163","6.31396289153072","-1.9636321565089","-9.47323989886648","0.934196838625522"
"Random_Index28_16_0031","-3.17533919645639","2.09782206751164","5.64390948106076","3.04296756381056","4.83856650128855","2.19369527213443","5.4445303014919","-13.1095318314249","-2.73773968803792","-0.355685583311341","-3.79722048864938","-1.39057221718149","-0.635548383753956","6.91419935298385","-1.51044916648292","3.13713737348415","6.48853301044737","-4.81266691297896","0.117266609813348","0.945066727225895","-4.4312995597102","6.79309780831124","-2.01166820574846","0.0476365359924541","2.35146105925811","1.21591258013112","0.495533169717187","-3.82146348123784","-0.581216455264912","-1.11351041948567","-3.80837986441275","-3.22113536313821","-4.08614875027022","-3.1298422807736","3.30819897682688","1.65216286292929","-4.26667860451598","-2.96242822225034","7.06273628305886","0.152866188801254","3.25239777288925","1.35019967121478","-1.2676717302582","-3.65700317271213","0.0366981573137923","1.18305505881042","5.0894070915126","3.31617970841844","-1.79365612426039","-0.624755461546565","3.39457683964498","-1.40397326732871","-0.739600981263041","-4.51411897654577","-3.51830916596784","-7.20877475084963","-1.9995974013161","1.29391697597717","5.10848225316493","1.18428710126575","-3.23096067580741","5.84656281876299","-2.84561904961894","3.67516994786475","1.08616376592871","3.61323383833369","1.65422129047307","-5.90906095075814","-1.19661689531613","4.32901521673587","-0.0381801223165296","6.69835297086114","3.13606773828501","-0.768668481655184","-6.83411426505514","-4.61674751162622","-8.95341039524735","-4.09318008369867","-0.279000267599234","-5.1227613470007","2.36687138322143","0.193064696372091","-2.97577190605645","0.954608753114529","3.70930217701955","-6.73204757338176","-9.28792454350424","-0.801843917661214","3.47211842508989","-5.49550969737489","-1.20797042463549","5.50967594251532","-5.03270132416683","-2.16913986333001","1.38311782201607","-8.40150245227222","1.64862705019594","-0.326173318539527","-2.20839103543072","3.64620806604941","-4.94492365014138","3.08546491473718","2.82138567311554","0.911968728774064","-0.558968881925733","-7.69015371255779","4.74835160181237","0.218482888235361","0.717441293795153","-2.77860490303024","-1.61182525975034","6.32876143359052","-1.99082281960632","-9.59510468195244","0.91789265648344"
"Random_Index28_16_0032","-3.16126337472128","2.12862624209861","5.71730925524774","3.1216667857185","4.85472946613142","2.2301709562012","5.41955932751402","-13.2065639005889","-2.754862356355","-0.312876369237604","-3.71981633124337","-1.40078309644125","-0.574105264079525","6.89292721699103","-1.46679083784791","3.04483911609026","6.46545198973042","-4.78868695484524","0.149729136335763","0.903688912988664","-4.5064529574018","6.75963866149542","-2.00748928394274","-0.0502191378061127","2.46037202377553","1.12305748955328","0.350725240157406","-3.76610752432511","-0.603901345241558","-1.13046219678472","-3.86582017204613","-3.25648897110381","-4.23376771479288","-3.16368860602914","3.34665515714092","1.6864781188559","-4.15165391914771","-2.95548884601124","7.02007895816789","0.172637907963707","3.31207157429872","1.33716063079961","-1.39052471484596","-3.63943543439714","0.0670417984883651","1.09756428264822","5.10391174051209","3.40351709764751","-1.82006253411147","-0.55200999641389","3.50595970238967","-1.40632979100309","-0.787343880621402","-4.52567365986772","-3.65814699007104","-7.17449822151397","-2.00486841782851","1.34945200929204","5.16115536713893","1.11519354919447","-3.1700955501545","5.91543392634706","-2.76312300923414","3.72117323691212","1.04346889813487","3.62812615468574","1.58425183168484","-6.01575081450141","-1.05882670560562","4.29458035558356","-0.0760515890134057","6.70742098018796","3.22111568883482","-0.859853495914586","-6.72108352275552","-4.53551267991946","-8.84628937776973","-4.09768753063416","-0.350760814973989","-5.04104250275193","2.52641210132893","0.201639495984576","-2.91029174653643","1.01784310954347","3.7381517391811","-6.61128166791403","-9.34051986370083","-0.842268798521761","3.46947225765147","-5.54339387209596","-1.05748447578625","5.39445068745927","-5.00695593314164","-2.16317055130511","1.34953153119604","-8.48528035602663","1.64589843028256","-0.295164165319698","-2.36363703190754","3.67571949447494","-4.82959451429765","3.21552897275243","2.92778313107782","0.941507561147919","-0.71483289896571","-7.71323521914821","4.78726130050686","0.328971192657337","0.72083582583652","-2.85380689810038","-1.55490796320631","6.44606638072209","-1.96599874868597","-9.55885217067844","0.98554615256622"
"Random_Index28_16_0033","-3.21121124198042","2.00260897988272","5.65431388463564","3.10775476029231","4.66795037018123","2.17707643996814","5.42910480668692","-13.2493068862788","-2.74886816603349","-0.421566950137457","-3.82976644498831","-1.50694103279447","-0.696123650587518","6.7160917166046","-1.55998967224509","3.00827466857928","6.45217900740845","-4.71400906566189","0.0591447319679944","0.814340377616639","-4.38389816430192","6.73919371191447","-2.09106696353746","-0.16986307336724","2.55979226170992","1.11981066329083","0.23810879907113","-3.84129710050554","-0.641763870409215","-1.16990722372501","-3.82215735360159","-3.30886275779182","-4.34296490625627","-3.23982082608341","3.24348275777618","1.59508639317189","-4.14886182338646","-2.91446720726542","7.01423960574543","0.182710795219389","3.24958013552083","1.25242562988788","-1.33242673711056","-3.58878797134296","0.0706120456565264","1.12665192283584","5.05481567733946","3.37635365537751","-1.76439157181718","-0.57019677547771","3.3242818875719","-1.49557858567588","-0.85710002480708","-4.55157461989025","-3.72776931713931","-7.16220449697638","-2.16030990458401","1.26231289209639","5.07446996904003","1.08460956018973","-3.07138944205234","5.82559669847101","-2.81660104456939","3.64159543092486","1.04936125381619","3.53701992616599","1.57894154485381","-5.98847402743928","-1.3457922682313","4.21832260823701","-0.1556693872515","6.57700812893228","3.1125519759817","-0.819779993306498","-6.58963480241823","-4.55994907823006","-8.84649757515639","-3.98404333850342","-0.264179742117612","-4.87714700289998","2.45272321750708","0.142250333728484","-2.93767538653967","0.876829721181216","3.67960206779676","-6.62202867050388","-9.38624098635933","-0.838510974607293","3.39982495056767","-5.40665283254328","-1.07728234137892","5.35671763325052","-5.04919959712792","-2.16704291772548","1.18555086331136","-8.41544150610975","1.46784108600547","-0.284613066917465","-2.45782233730636","3.56508301493864","-4.90530265404934","3.07532857992001","2.86941763631112","0.901995459751192","-0.589031821006084","-7.55952192114832","4.72477556546084","0.290202386594009","0.728458152548975","-2.88439015809983","-1.5948940580253","6.40447454114206","-1.93757539702187","-9.50851402530915","0.99463467158799"
"Random_Index28_16_0034","-3.20269889152653","2.15200216259535","5.73780299745912","3.18220790728958","4.81396848045241","2.21917619371294","5.52778159726211","-13.1968031359486","-2.66871730249653","-0.410873368937324","-3.87595620233571","-1.52190168847413","-0.712670334038144","6.85523771936599","-1.59505290838246","3.05415608177875","6.51763083210449","-4.63285190220391","0.0173527871561363","0.874003661661881","-4.41174417664536","6.8097528579886","-2.09246363519017","-0.0183665183913288","2.46561830731835","1.08698389120892","0.372957561738124","-3.93460132559966","-0.65438875191127","-1.15390075729588","-3.79114227283557","-3.31403577604999","-4.18270344123543","-3.07260557637283","3.30366289771306","1.51430714636992","-4.18653449172216","-2.81986301545426","7.08199524462855","0.188530762945016","3.34759361491501","1.2812762564661","-1.30713732670518","-3.66144537258574","0.0792162735419116","1.15667752996746","5.08652035489469","3.46439649409454","-1.65472941629088","-0.474673302724409","3.48672843603523","-1.53394143738176","-0.852896612645605","-4.56389400439247","-3.63030219128807","-7.18473506179394","-2.01992034580746","1.31927307021001","5.26141117841208","1.18331950641184","-3.16213152421292","5.98722847602634","-2.72973128425398","3.71671366488146","1.06198206677233","3.59744515287654","1.60254753936524","-6.00473431567418","-1.2521555900122","4.32272799776482","-0.147883880628424","6.69939154581775","3.14472900188607","-0.799633212959605","-6.74750947524066","-4.63069501876593","-9.00862169364676","-3.99999284000899","-0.236383154574581","-5.04147104164163","2.5466770743473","0.0763065458372723","-2.95544394080255","1.04510624092284","3.70897738814623","-6.65427159772177","-9.41406696822907","-0.843842250703143","3.58549408663144","-5.33787095405577","-1.00103968523603","5.42326149452709","-4.88462256013636","-2.20223896337453","1.31875403381209","-8.49685559304648","1.5301696750419","-0.278840751501588","-2.30583088437659","3.58049125028783","-4.84895151942304","3.10613387137401","2.96871926109571","0.860748343907051","-0.636160535375965","-7.56814738589858","4.88288850447434","0.238601959701792","0.868074470329731","-2.8576042300137","-1.49820569282014","6.46722635970529","-1.94036589422798","-9.53989264435829","0.901584247708571"
"Random_Index28_16_0035","-3.20411424723765","2.13434618139217","5.69160636511577","3.10475883633483","4.8638895603043","2.23505607923446","5.49530329875413","-13.1969616106936","-2.68065685260783","-0.369838263774552","-3.79462521668015","-1.43234732871256","-0.649792924372453","6.90266677095266","-1.51957361440929","3.06424069543905","6.52145803683546","-4.79964709304711","0.0893107702901477","0.85670280602747","-4.47454568287162","6.80618660609815","-2.05817462589575","-0.0345663987109424","2.46616612446541","1.13704030615441","0.390639392309433","-3.84727523026632","-0.298870984000623","-1.14641999073624","-3.74084860691385","-3.27300252778824","-4.19638329030552","-3.12491038489169","3.32116503569097","1.60746720105317","-4.19396897454049","-2.87240822329091","7.04792084241793","0.173141881687413","3.31488020194145","1.30893119256932","-1.30532374164936","-3.64894924835851","0.0486697722403397","1.17391067645184","5.09976400689793","3.4303023877126","-1.7287630366881","-0.537351660706987","3.43681656870879","-1.4319874227578","-0.820129810210806","-4.56993821460946","-3.61190644213725","-7.19461320594408","-2.05704961502001","1.31815928894041","5.2250526869701","1.14944597988248","-3.15520208852501","5.95002345225339","-2.56833099370791","3.68586885648809","1.02610162719882","3.63927386914029","1.58524919886601","-6.01431466081025","-1.26333316295371","4.30996254458623","-0.155115443211516","6.69235910212297","3.21440826318849","-0.812828580791668","-6.68988579860523","-4.63267726115172","-8.96909383254751","-4.02779042496913","-0.294332539112896","-5.09518510765298","2.48558856376589","0.174083153726827","-2.92188559613585","0.721913995372848","3.7444254929889","-6.69729891450516","-8.12324029933453","-0.869803860348806","3.58008015271925","-5.50315331180034","-1.12176924693482","5.43976670176867","-4.97574156996564","-2.22290829245896","1.27775710588577","-8.49991119854157","1.56054879087733","-0.256484019758417","-2.34653743158074","3.60616624238655","-4.95794190714371","3.13214552859593","2.88024495806101","0.886511424267792","-0.586378428955073","-7.70900435199785","4.81653617708531","0.294931747559209","0.737145018468443","-2.8305348458549","-1.55284848378156","6.44263776678642","-1.93785138005168","-9.61761217656532","0.946517124105354"
"Random_Index28_16_0036","-3.23882751588649","2.08540920374846","5.64602470152734","3.05231227077898","4.73476108601693","2.24527441442127","5.43670421498341","-13.1295456535103","-2.63495960805125","-0.354697744593396","-3.80789190513692","-1.37899606010269","-0.643902240237221","6.86297778991061","-1.55240737327665","2.98893788982422","6.5030270828064","-4.71232783377634","0.122418125267053","0.855575407134761","-4.4727381406375","6.73945096688821","-2.05348672343907","-0.014734988527813","2.37652367412662","1.18025114681327","0.407067482099169","-3.83636031682089","-0.642836401799364","-1.08369988468418","-3.71958270634271","-3.18958680022133","-4.00115304233407","-3.06568868246443","3.27778160969794","1.56759128529074","-4.20148446521916","-2.88012214613621","7.017840758874","0.196164077298633","3.22619886741901","1.3662104526382","-1.32781549319581","-3.5958955846405","-0.0286394523962279","1.1280631318749","5.00141528504188","3.38934077880819","-1.724465052307","-0.554140895312185","3.38458275561102","-1.40676718411815","-0.716579090512631","-4.64310670310151","-3.57045418956406","-7.17657000825755","-2.15487390204213","1.29853734034239","5.13997930102724","1.18277970822231","-3.09731143435141","5.86103696361969","-2.83880402687383","3.64609494713269","1.08776820965476","3.65334267983576","1.67960598726645","-5.89986476151415","-1.22567201136847","4.26162193178202","-0.076896238256481","6.71223971007135","3.10264361937939","-0.803298951076591","-6.74538422515415","-4.545306543775","-8.93743937191098","-4.03795674699943","-0.287464016528647","-5.07326606966815","2.4279929191796","0.164931061937367","-3.02890405803961","0.906232982802926","3.67264936877473","-6.64096321022594","-9.32215194357069","-0.827761822736892","3.46762448156953","-5.50535902714132","-1.18771000273482","5.45591516951271","-4.97398714592921","-2.24893788878307","1.29460997893483","-8.31922866148686","1.57576167735314","-0.263594893591762","-2.25966423058792","3.58393762276708","-4.84444837262806","3.09125731359495","2.80444224789315","0.911368629426427","-0.529182433334137","-7.67421339519451","4.79095805592268","0.297732411383126","0.733659773993905","-2.80278387708773","-1.60735107624072","6.3832097919934","-2.01720152320321","-9.56999143706232","0.950657125074658"
"Random_Index28_16_0037","-3.27539896373854","2.18524895447398","5.63887646689918","3.133224655077","4.75150405864092","2.19944106069476","5.39791010063397","-12.9455366222666","-2.68892631172094","-0.332392447819025","-3.81313760802012","-1.4354823392607","-0.726766558119362","6.90090951685154","-1.51790381375556","2.952850002016","6.53349340688623","-4.70768792762248","0.0770204430619184","0.788341047839373","-4.49703116584446","6.82725414259295","-2.07948197734555","-0.0975226666936816","2.42324611525594","1.09081788408812","0.363491835395493","-3.85458157879745","-0.757654694988095","-1.15371785363476","-3.82399022537614","-3.32494711123659","-4.17914913052997","-3.04952875130117","3.30795177653603","1.54995725483707","-4.16437319269441","-2.86730817877638","6.96134884644475","0.207308290950602","3.33367968129175","1.28452187832188","-1.27356655185402","-3.65547897148965","0.0366829225866296","1.0995333329945","5.0783905470035","3.42739520320154","-1.73748789846356","-0.494107348308384","3.42294841446735","-1.49407040395641","-0.850649954253953","-4.620774840528","-3.6881756268359","-7.21378514600205","-2.06448468736243","1.34068562468857","5.23697238124011","1.0982701189263","-3.093637810838","5.87511037008011","-2.69191839740282","3.69146495225548","1.07463711672717","3.61292983058724","1.52460745271573","-5.84651784381837","-1.24102525676393","4.34202723826773","-0.208650239060488","6.78643686031984","3.10808092214945","-0.818183150356792","-6.57823317831882","-4.60160332556062","-8.85476646338066","-3.97982838618376","-0.294467634624057","-5.02816150909445","2.52157098011767","0.107104308812599","-2.94694867356675","0.948015773795388","3.79024212282734","-6.70926732997509","-9.35313216168456","-0.806492146704899","3.53629450421316","-5.39397399263348","-1.04988830963784","5.33013027050423","-4.99278504142441","-2.24863548147348","1.26031729177254","-8.2982103470719","1.49962448089549","-0.259538388649783","-2.41591636745918","3.59161885344345","-4.88584550899386","3.06834509760734","2.93176739715185","0.92490230839956","-0.618384033079589","-7.56139185174435","4.82757584396681","0.293857623117828","0.644701398647798","-2.81704542870673","-1.51127053482656","6.42671701966426","-1.94737246962355","-9.4954916113272","0.979715655512173"
"Random_Index28_16_0038","-3.22133476153394","2.40530279003193","5.96340651334178","3.31456736967791","5.08296121556124","2.00215177619765","5.49004712201766","-13.3019029653301","-2.77103232746602","-0.56407838813408","-3.99688115986753","-1.63391597503733","-0.897399355785628","7.01051807812385","-1.69117427797527","3.07684771612514","6.52444149006556","-4.89032016264477","-0.117798739948599","0.929613679677825","-4.36231206358966","7.02630409974532","-2.26667518882134","0.154458978301188","2.60039745049466","0.926649867939384","0.431647218507549","-3.99937951854436","-0.380691754715715","-1.39062008449256","-3.98967169433037","-3.53496790788555","-4.42503561012359","-2.95339449769668","3.27090346981274","1.48454558685714","-4.17805706575782","-2.94576709685495","7.2164081060222","-0.0603240697189433","3.49834919961265","1.07758973205804","-1.39937179978377","-3.83264752234082","0.174627836750726","1.13059160500852","5.35458496985177","3.5837866707157","-1.91742675721973","-0.348909054045371","3.6451537385599","-1.67751409329395","-1.06607190028839","-4.77723900870996","-3.71742067700365","-7.27411727876566","-2.03599720474626","1.23424003673975","5.47721879008548","1.26932468317819","-3.30358546853725","6.07389476923969","-2.90367904101256","3.9534252235772","0.74628866305449","3.58425484961197","1.32572487527096","-6.18746290154057","-1.44928201861599","4.49836303139469","-0.126484077157464","6.86843317187852","3.42557304875888","-0.888329476207685","-6.76317714119959","-4.80677254909449","-8.86905330612332","-3.89514828197432","-0.44907777173951","-4.98200875015828","2.67984450471504","-0.0293319398927408","-3.02234801000305","1.15252106644209","3.93343494866857","-6.80862706012724","-9.54843299730034","-1.05565549284345","3.72848903759583","-5.43526660635719","-0.875956456460571","5.57318512709337","-4.89706171521282","-2.01365023463622","1.44788905926963","-8.49429390945608","1.71608763821357","-0.463205311394366","-2.29319613479595","3.5535057128574","-5.11517751608631","3.12158302248551","3.10100849137656","0.706778437334664","-0.736858126368179","-7.65398147715872","4.94844336514003","0.0547444218842752","0.832310399853288","-2.98438418112376","-1.36397529643809","6.58266375386023","-1.93941212959274","-9.77022356571314","0.762857004522328"
"Random_Index28_16_0039","-3.00908431978195","1.94678070273803","5.56435974075126","3.20378915197739","4.84839838017078","2.17188194701104","5.21912258245225","-13.0135934009024","-2.63988015086297","-0.356810079047901","-3.8872458283245","-1.39381055237849","-0.63805695030682","6.65977539872693","-1.60911944447825","3.01294344786462","6.25515840345411","-4.84542061147487","0.149206259341754","0.764431379181391","-4.40122251414291","6.79988615738074","-2.11740391091704","-0.0620223912817496","2.39376432305166","1.20525772457288","0.429390517837897","-3.80810089748792","-0.584343228571672","-1.10319497516828","-3.91033256781052","-3.24119923942491","-4.23573444070278","-3.10129880366455","3.14491660533268","1.63330655589362","-4.07784113636362","-2.89323370434106","6.96936245284958","0.0671025587253149","3.13645979195611","1.28578396098714","-1.30088335871393","-3.72513125115487","-0.0550231994431971","0.873237649783236","5.11331763265979","3.3774659112936","-1.76685037229622","-0.445548066744152","3.5487870044013","-1.50672780205313","-0.816887280964447","-4.5580168690872","-3.76786328879398","-6.95395763778723","-2.08958592215115","1.17212728105041","4.99415969162285","1.18817269284439","-3.01244118178551","5.92350122064116","-2.88650842222293","3.6646571662559","1.13023475305194","3.45292070124635","1.4211181240793","-5.89905311528365","-1.16959443122325","4.1421522682747","-0.13116770011307","6.59304625748202","3.15135587444196","-0.793410094362834","-6.73186550075595","-4.51516067096075","-9.01631922757523","-3.92739343192464","-0.337303096982506","-4.84891596340078","2.48536480382509","0.105213446688879","-2.97142909882655","0.985654067293335","3.57864816540518","-6.66992817060836","-9.24358998852735","-0.830420276514243","3.53502609074994","-5.60559790680343","-1.01207295072734","5.38352255938759","-4.93461602824118","-2.03541718269259","1.17910609094364","-8.27642472193385","1.46205282415364","-0.298516271605085","-2.34255298160627","3.45346338756997","-4.99826195115943","2.97804224175627","2.90898650325865","0.825575343982795","-0.621237935900531","-7.57382171182422","4.62298566371613","0.206768853511632","0.585524763479193","-2.7558054541014","-1.50679179478435","6.44934321368281","-2.04320788887993","-9.42286799761119","0.883617326191915"
"Random_Index28_16_0040","-3.12372531717681","2.12109240416844","5.71277817646135","3.10072633551931","4.84436386158277","2.1083244058895","5.39682475254752","-13.1729504964452","-2.67257297767537","-0.389702136949668","-3.80268671417649","-1.42205107658708","-0.688687734235652","6.8922085510673","-1.51089588884706","3.07393955377984","6.49048386678526","-4.78986473088184","0.0791740207706924","0.907271427942027","-4.39828804314497","6.8257120209837","-2.07354433258035","-0.0480249992138879","2.45381037152918","1.15524877220746","0.421009020920318","-3.8277797247922","-0.582062764253956","-1.16479880206344","-3.81465943658628","-3.2832136041135","-4.20986922926354","-3.07677443442732","3.26575494092108","1.59263152706375","-4.24833041073584","-2.93555767972107","7.06836844633699","0.125380139184769","3.32202721739127","1.30938605129567","-1.32895231720248","-3.64769523380633","0.0685940103515738","1.13183116192932","5.10238788197081","3.38366474536378","-1.79362915176273","-0.561548964544808","3.4823214574665","-1.4193422293695","-0.812506148035912","-4.45440239910141","-3.59002431795103","-7.17851235566468","-2.02976479315996","1.23774129614738","5.15696023674355","1.14103683040718","-3.1605454939114","5.92772100369214","-2.87162037604574","3.69566256786482","1.06664338751749","3.55163763832862","1.5243181513591","-6.0421641816264","-1.23275520083506","4.32552301107737","-0.103975495583559","6.68750252123775","3.14796759312952","-0.873504878254652","-6.77685810466782","-4.585150190954","-8.91866883198921","-4.03657482175277","-0.279698463515981","-5.0547938424247","2.43245551373123","0.108837646577958","-3.0233010960945","0.915653493741195","3.73405658911302","-6.72387335656648","-9.34160923820886","-0.835227978550344","3.55364164546781","-5.46204030677495","-1.12822621844247","5.44990412276825","-4.99994831104456","-2.16611580803265","1.34227022274134","-8.44586230814267","1.57940687512171","-0.326607666009069","-2.33591183080745","3.56375065233015","-4.98572544419299","3.06999291133789","2.8698782365446","0.840715711468047","-0.587440044917289","-7.59462520468154","4.78768150879099","0.216528924418222","0.774243548104073","-2.82165905507421","-1.5563697847116","6.40675617374146","-1.887333404377","-9.61312022584023","0.874236835596268"
"Random_Index28_16_0041","-3.24098234980548","2.10756433176146","5.5003376477409","3.07457454324086","4.73694241374296","2.30067202277933","5.42047869025673","-13.1705991256049","-2.65715635039079","-0.332608914136687","-3.72733592876226","-1.39524098133613","-0.642236747620737","6.87678174865616","-1.44858948432311","2.96765279508865","6.38837226930107","-4.69159332809354","0.120788506692811","0.742030468796257","-4.52102544649977","6.69279625406133","-1.95834186167612","-0.122459722143456","2.34790008454664","1.16407192976","0.327980907839017","-3.75664774504843","-0.759866112703183","-1.08029191328579","-3.73638789055238","-3.1838771530402","-4.12858981979237","-3.13829070627757","3.3408535162005","1.53841010035595","-4.22284438280941","-2.89493115777172","7.04210186626836","0.246686551509659","3.24330016179756","1.37280152468612","-1.28733901267397","-3.5718505663674","-0.0400501348336582","1.06675054966619","4.97495890483086","3.33161106176579","-1.71042471633","-0.578820758466628","3.40827472688992","-1.44934862946262","-0.793053234426145","-4.55667268237532","-3.6026446376609","-7.14949978684302","-2.08556531436158","1.30164576597196","5.15142833112166","1.12876526214729","-3.08443924809369","5.82566579320828","-2.75212529674893","3.64870331849153","1.14815629068085","3.58231362613222","1.6289338620708","-5.95214018756789","-1.24302270921036","4.24692630535659","-0.262805394090991","6.6450689920716","3.08660703839195","-0.734549529201923","-6.70427735095262","-4.59813464251647","-8.92675981246193","-4.0953436644209","-0.268256285288372","-5.05804717920741","2.47362493145633","0.27631594852295","-2.88138188668315","0.831641971868518","3.79759910123064","-6.6041940523713","-9.35508814521646","-0.794673269492803","3.52575290400381","-5.51136816166001","-1.08341645041909","5.3412656839936","-4.97675719719768","-2.30019386347638","1.25878079434391","-8.402105638454","1.44840745067763","-0.206284152829924","-2.26919627073624","3.60292080815821","-4.74960804607906","3.14928015521141","2.83680834425625","1.0029441895087","-0.553699897958665","-7.78325875087812","4.74711466411013","0.348865115577515","0.673697978680806","-2.87470073388435","-1.58700587631599","6.3660165645706","-2.02283363960898","-9.55835711696548","1.13445646674099"
"Random_Index28_16_0042","-3.08957638432795","2.00608893839435","5.58309241665341","3.06282915210324","4.74542787879752","2.25850494936367","5.4697590521711","-13.1189086267396","-2.65485645788131","-0.342831556821439","-3.67317907106746","-1.37053459321118","-0.563122939225546","6.72407585991751","-1.42778570376575","3.12372004941877","6.34673926995462","-4.75380322091383","0.142066189974044","0.776281866047357","-4.55665201652605","6.66416660160492","-2.00097022246001","-0.125987040656494","2.41580154289381","1.13719296117165","0.283492753745043","-3.6977078005773","-0.700550699620399","-1.06491791729206","-3.74447865363569","-3.17905243413929","-4.18176299919599","-3.17964281714044","3.27502870761938","1.6161799096664","-4.22731325894691","-2.93349042131907","7.05316308690579","0.223398588932673","3.19047121867995","1.35857996714574","-1.24319137892003","-3.59087746176465","0.0328343567111882","1.10020263072097","4.98136461346708","3.26464969389807","-1.75791361142443","-0.633306473966087","3.37100335857031","-1.3381871519778","-0.742837207350084","-4.51973841842561","-3.57741252507787","-7.18690798013556","-2.12309326388875","1.29267846020587","5.09663284057554","1.04401611804355","-3.04925303268086","5.7643176076391","-2.67089502379779","3.59786508524599","1.04474656836511","3.56836821640357","1.61529860203894","-5.99409285274316","-1.17080451778783","4.19679402328561","-0.198489951899826","6.54502273078601","3.08720250082156","-0.73228502330774","-6.79903269969597","-4.5333778733347","-8.90403312779102","-4.14672405032046","-0.294289115678255","-5.06114673173127","2.41570876811436","0.196386153999487","-2.82317344418418","0.933990636261992","3.5688935135472","-6.58908882728231","-9.27513445279174","-0.734825969857418","3.39596504946522","-5.49511881855054","-1.14155137277063","5.28885229343407","-5.04843645878102","-2.21871551439295","1.16291631346476","-8.42101795960478","1.52053060335216","-0.188116967731274","-2.41561120714758","3.60341687193414","-4.81546174746389","3.09191814294565","2.80821603204155","0.949033860231942","-0.546586111325221","-7.70969047296549","4.70344961977282","0.348585939816361","0.656081488222757","-2.81916117212157","-1.64920665485654","6.31989441724509","-1.92155194875786","-9.49002649143881","0.966916095373906"
"Random_Index28_16_0043","-3.20600288890377","2.272582432618","5.83043597090466","3.28597093296204","4.90398253377606","2.21479322600969","5.38443069829337","-13.1600272515577","-2.67303656310145","-0.431650272242587","-3.76865922499459","-1.4344102030423","-0.593648391339388","6.89569469411391","-1.51123362836226","3.01501235227107","6.48594279233476","-4.70236799821813","0.0456024638130541","0.826938506813448","-4.45290463723807","6.88476772611934","-2.10456197580438","-0.108102093454329","2.55351475695133","1.11888519172256","0.386522118474527","-3.802929950108","-0.571502399050023","-1.12463006215959","-3.79273056820621","-3.31397394512993","-4.15451161863255","-2.92524952798875","3.28257088973427","1.51761271401661","-4.2071436356309","-2.93057994202619","7.11284721822978","0.188195565336077","3.34031384508242","1.25391728612581","-1.27522341786741","-3.48249089943735","0.14190338758524","1.13589973801699","5.13840307223309","3.50688439932824","-1.77784131527702","-0.438413259918512","3.51157809036155","-1.47531624301391","-0.89073605627255","-4.57653361546691","-3.62535228416228","-6.99892177427657","-2.10939551782236","1.29023283521576","5.29002613391188","1.16712782296009","-3.11232450766653","5.95357069323517","-2.75554573038731","3.81541876277583","0.984409956075464","3.65408015892572","1.44913457332233","-5.9557996389417","-1.3142938333482","4.36934417098561","-0.245173310919196","6.77213742675892","3.18370991924866","-0.835276215523811","-6.6118884588618","-4.53640327385105","-8.84677091274014","-3.93312311362951","-0.31874541473233","-4.93290510371071","2.64397217248616","0.0755346228106354","-2.85756463227244","1.02763324464646","3.81454677300283","-6.5771689452828","-9.41528882323981","-0.871580716678725","3.61643816654102","-5.42320843262152","-0.970689033803201","5.36869953967105","-4.91859068428344","-2.18909097944066","1.3208451248443","-8.37336432137779","1.55841053743962","-0.328554474059008","-2.35576054121603","3.55338213000573","-4.89830191408907","3.15443566036938","3.05219778223466","0.854360820767488","-0.554558163537532","-7.64106039208348","4.91105604460778","0.296232109470243","0.823553982096508","-2.75618798508188","-1.41288055213127","6.57282239566153","-1.98294842526176","-9.44526547463821","0.907463020722681"
"Random_Index28_16_0044","-3.1036583093246","2.07997127255262","5.72861459340349","3.08220497637248","4.79898248992711","2.36163553380689","5.42847521744651","-13.2089745291656","-2.66845882373391","-0.21540342493879","-3.66406553980329","-1.35395222557645","-0.605690753023042","6.83743452752194","-1.47164064706487","3.11276803871947","6.35627492066566","-4.7238203064669","0.198111462795546","0.884733842474961","-4.46299968234318","6.78836792396321","-1.90925101327631","-0.113609888630901","2.35521623692152","1.24629243243875","0.342055695802648","-3.65335091819055","-0.626137690447238","-1.03315049447796","-3.72323337253843","-3.1699487972079","-4.15615768121839","-3.18528230769391","3.28270405987925","1.61863746226089","-4.22036661367039","-3.04121602510952","7.04470541947974","0.373253195606387","3.18958136173023","1.3979236830125","-1.22253382979696","-3.48401144738934","-0.0498615386872029","1.07998122327743","5.02987379262278","3.34554367728802","-1.76607297172762","-0.546655306900433","3.31925659805354","-1.39696604421419","-0.728998445357966","-4.54256993111494","-3.69356117102931","-7.18224333327883","-2.26307375600074","1.28358487883321","5.16485342309276","1.04424234348415","-3.0066822035668","5.79574480915722","-2.82815715055724","3.54730539737581","1.15675433358987","3.50698881036557","1.52160876345711","-6.02744831106446","-1.11561235644504","4.28724254402642","-0.256465519214837","6.70498806246874","3.09134403226291","-0.75230109647311","-6.66463218004357","-4.6013476662202","-8.88523707741974","-4.21651204444975","-0.211707377243593","-5.11407285779811","2.43182195856662","0.241586973308902","-2.96478091069731","0.828615481214776","3.72959884444003","-6.58153553152448","-9.33474677375311","-0.765577464964805","3.4665539346143","-5.399504240302","-1.12420920392308","5.44987131499154","-5.0299184578184","-2.13882870128052","1.29557258936982","-8.43405090409766","1.58416051560194","-0.229447444768731","-2.33344128779324","3.63451714730275","-4.85734013652915","3.13466272906604","2.80177056880547","0.981214222277164","-0.409643425355443","-7.76832793547006","4.70297393845248","0.355250634275682","0.593444495140289","-2.84240030746223","-1.71742839941888","6.31798507361625","-1.99590278485242","-9.44129089509156","1.09320637984086"
"Random_Index28_16_0045","-3.12856012304676","2.18356092903727","5.68480014935233","3.15433775662919","4.77579175546049","2.13134676184373","5.34839494463742","-13.1194022245274","-2.69881695081364","-0.377757871523856","-3.77693302318607","-1.40780912857345","-0.692214868601541","6.92716662353944","-1.49805833147009","3.1652265309719","6.39188588959227","-4.77106304799333","0.139905158404404","0.98408914279386","-4.46326551984084","6.85005552793472","-2.01567378110113","0.0227799745616808","2.36650326129946","1.16506396558841","0.363595053139476","-3.74794460343318","-0.638248085222034","-1.15298317297767","-3.85915274778403","-3.27249799908515","-4.23881694542447","-3.13501779659571","3.23229052183687","1.60949353205484","-4.17045562181842","-2.98733203048103","7.08287216236492","0.244821868766903","3.33668554898415","1.32428548048447","-1.24638046500345","-3.55756035009689","0.080873612765325","1.1157402520374","5.08772778124337","3.33602128683295","-1.77828831726324","-0.610181947812343","3.51799763348085","-1.42254207475931","-0.849528868066531","-4.43812590642989","-3.6485889788335","-7.17246155687241","-2.04549463129697","1.2655571937431","5.15480698349216","1.03446443053177","-3.16510240374654","5.91458230233661","-2.75256614478916","3.67289056543197","1.1466771663284","3.53062834596404","1.51033027996324","-5.98575517801338","-1.18877624710971","4.33032945637379","0.115036176720505","6.67229670482888","3.08986131940284","-0.741232051029294","-6.75642770387264","-4.53065975253441","-8.82913996443259","-4.06756334390292","-0.274214901416085","-5.09212724585661","2.4633440919701","0.164587265846458","-2.88738196609687","1.01847071374883","3.75177834566492","-6.62440984333812","-9.25551472741602","-0.841487481304739","3.49071076005258","-5.45474632043418","-1.10999945643806","5.41839221184839","-5.02195911796979","-2.16680292876306","1.33256515059134","-8.35940710395838","1.57369581498528","-0.306551680813895","-2.49645554995718","3.59620651018984","-4.95846809560112","3.116010695823","2.91565859001504","0.913062772650139","-0.529854815529826","-7.63110100215204","4.82218006430374","0.350350020449933","0.701575148286836","-2.75112080885693","-1.59951620352377","6.35885819455352","-1.98424601885198","-9.46673352218282","0.958213460377905"
"Random_Index28_16_0046","-3.25092342016352","2.18470046528471","5.66738644605389","3.15374118903513","4.80892605550469","2.15505527216896","5.45264150745228","-13.1282900632207","-2.75745233750425","-0.467712337917415","-3.86466334108789","-1.51431265765141","-0.755512843955322","6.9640406586182","-1.5758846178681","3.07978516438663","6.4834073893849","-4.83672832195062","-0.0108171721372769","0.910140782433069","-4.40973891399747","6.87187538992572","-2.09274502513647","0.0330540421698971","2.47722358728774","1.09952168147567","0.426795730683336","-3.88111322288194","-0.615789952269459","-1.19330490296218","-3.85377981656525","-3.30186422565644","-4.19040193253326","-3.08923811011682","3.23907098460445","1.59553252907649","-4.2442716767398","-2.97418298370001","7.0568478761579","0.115678415402152","3.36199131082106","1.32543100430107","-1.37443877518248","-3.64039929624682","-0.070456172134879","1.03109139474999","5.12241190199673","3.37903835398169","-1.74792132858392","-0.543779036234123","3.49303881813616","-1.49884599991852","-0.833141862518628","-4.52601583336369","-3.61805743282172","-7.21213368784594","-2.04284926315653","1.17820093365119","5.17529914065878","1.15996330179874","-3.19956548222407","5.93793828716889","-2.86021414087596","3.72709556976194","1.03456802966694","3.57267860652231","1.54550392707637","-6.0356364339814","-1.20931939383609","4.35629091045433","-0.107414540400658","6.71602362910174","3.15464398854234","-0.805154703278851","-6.82226178491485","-4.64287107610535","-8.8914052834266","-4.04818446048258","-0.317004121777112","-5.05703744056467","2.50680557188202","0.163671514342297","-2.96179806857238","0.93464995593897","3.7693584130932","-6.7213365279383","-9.45183192488327","-0.883673493168379","3.55173464927258","-5.47753086599669","-1.1699701469952","5.4792512332916","-4.97737721945187","-2.23388952731783","1.3155615974437","-8.34701680946609","1.64275255628859","-0.368665113688161","-2.27810879977128","3.53125323067377","-4.94872950771064","3.11775522545902","2.94019329085981","0.836291778673112","-0.629261857884313","-7.60834837475154","4.73470021992643","0.271885743063215","0.796942204070024","-2.76153238923088","-1.52157061997893","6.38625003040898","-1.95526641405497","-9.5143669285059","0.893823247548053"
"Random_Index28_16_0047","-3.21171411966336","2.2027844980825","5.74333239819422","3.24365698616734","4.78237700732771","2.14149757135116","5.27463490800792","-13.1039107694153","-2.71876642834389","-0.439521956544531","-3.8454915978971","-1.43051338889712","-0.774074419192792","6.82871753125954","-1.54756650529126","2.9467102480551","6.47335546385645","-4.70157901792605","0.0271841437182901","0.796219943447704","-4.34558480582735","6.85452709810472","-2.09775740043405","-0.0986812066359062","2.49936879670489","1.01118788007468","0.281349212763093","-3.80172897110152","-0.665081021907628","-1.1496120622691","-3.82112199418861","-3.345905477307","-4.21800360894757","-2.99102560490102","3.33432024632579","1.37987146767065","-4.2138155006368","-2.84595184944196","7.07323728096227","0.099579961754976","3.332279569672","1.22828982132298","-1.34222302955713","-3.60748868688076","0.0971471640296119","1.04358043163844","5.16453206140353","3.45815178860404","-1.72329358058443","-0.441568113247961","3.47570463091861","-1.50024178483623","-0.877228693163339","-4.49775471794752","-3.70670656510063","-7.07390908775016","-2.12180019606805","1.36113462091232","5.24901090810407","1.03413927620629","-3.1060716473284","5.94642297727549","-2.78264146614172","3.76701271341039","0.957423590150516","3.56062748516187","1.45529990959949","-5.95438588604226","-1.1242474599688","4.34087072014644","-0.262993882218292","6.7566682128968","3.21681112579263","-0.916207371529036","-6.68121078408326","-4.50119928075383","-8.80445401541055","-3.95806652221633","-0.332423900121748","-4.86235013685766","2.61946976324177","0.0965886635524597","-2.97881393716758","0.951973452760929","3.82829303067426","-6.63804370241147","-9.44823399662437","-0.852067854907596","3.54627190730933","-5.38171670753905","-0.966377424631207","5.28118643356948","-4.87746484229522","-2.11345645638244","1.29646060054653","-8.30129965397149","1.52596587493603","-0.335697397928679","-2.3717958621442","3.66307058545859","-4.89839780006693","3.14007277297387","3.0494584782167","0.800401339586151","-0.592772472489268","-7.39867032615547","4.81558868253129","0.236901804687074","0.819364546656757","-2.87450361965134","-1.45128394451252","6.43816874857865","-1.9937354026016","-9.44425197038884","0.899288723068468"
"Random_Index28_16_0048","-3.23011112852994","2.20347218615664","5.71471712358112","3.18376583943693","4.80100332873157","2.22383129296269","5.56275292921328","-13.2191486237251","-2.63733811696476","-0.368777154371332","-3.79550339123565","-1.44509225450089","-0.666629935874423","6.82102305567699","-1.47887848607382","2.98499665226121","6.46881350489522","-4.79440698217532","0.115131617834212","0.753177774659869","-4.39590035952781","6.77090695787219","-2.08850980962652","-0.0903113865026244","2.52312150463278","1.01182926903582","0.255110335364793","-3.84939117831032","-0.719313778908376","-1.13229540586258","-3.71624562656133","-3.31719250484497","-4.32844262649744","-3.11101161368496","3.28222590962786","1.55787041126064","-4.14796723378323","-2.85518721646231","7.06235934140738","0.135955412159959","3.33748959561669","1.2997464098321","-1.37844392456984","-3.59733534158908","0.0777444439467641","1.13817139839029","5.09312053782299","3.46160416494188","-1.79371349752339","-0.475882409588258","3.44161880616422","-1.47722955422452","-0.884599175210621","-4.57547595808547","-3.72102941928176","-7.0972800674299","-2.13339573082961","1.29899118198834","5.22707873261492","1.12213159470439","-3.1733173635282","6.00398476521982","-2.69491192502271","3.72467147218745","0.986676925606057","3.60978611140178","1.50036335704932","-5.98604480396297","-1.25999375871753","4.26131756325588","-0.221305208126906","6.69095407729029","3.20253927553094","-0.799849034232681","-6.60217849830192","-4.54753166277677","-8.86465003535148","-3.98072180841758","-0.244779704027509","-5.00641454661121","2.53092545899296","0.0862494239606631","-2.85564185435953","0.95903674976023","3.73534943699225","-6.61034840210767","-9.40575543592128","-0.890883978647489","3.60309280824632","-5.47211663084203","-1.00477941511653","5.32142830547047","-4.9133507906398","-2.17621126699599","1.30492761113559","-8.3512287777342","1.50069613241146","-0.243082599689075","-2.40843177251688","3.5470920615221","-4.83713726324999","3.04818206680774","2.98504337007526","0.879497408587197","-0.697841362937576","-7.60324126171884","4.88754505453914","0.285439158077049","0.829645306489357","-2.83078402811052","-1.4961540277204","6.4763749170501","-2.01861923360253","-9.51953840514432","0.913263640154108"
"Random_Index28_16_0049","-3.13766346696101","2.03768536954897","5.62998171892596","3.1141741596052","4.77122156010548","2.16715696584378","5.46191390790848","-13.0852665742836","-2.67475035540887","-0.319615236194596","-3.7827664133608","-1.38140728735378","-0.623982924950713","6.83937603013442","-1.54346242839228","2.98778092927183","6.54935280125662","-4.70468432042447","0.0888690732783553","0.774254931776463","-4.50868202817213","6.75477622842879","-2.03406897575033","-0.0312275936246147","2.4453492929011","1.21123531622771","0.329257478291004","-3.78683198769806","-0.5814944948081","-1.09226874315783","-3.69629281642017","-3.28418419542425","-4.0875291962695","-3.10261302728255","3.30518557335104","1.58190359838475","-4.20263135250597","-2.9103675622274","7.07856490791293","0.129964170952207","3.20058590722887","1.30721434850138","-1.23125374261696","-3.56468176597961","-0.00176162596074168","1.05610000378015","4.98379905476173","3.42670466774821","-1.80791359309342","-0.486937665492854","3.47977088374275","-1.35582962555595","-0.757052588396094","-4.54433473484313","-3.68749877457264","-7.23949115584431","-2.10340879736588","1.36850219978629","5.10191277983368","1.13719602256347","-3.1136829907472","5.82601449944099","-2.80086545095395","3.63684810205987","1.04476786506003","3.61896417011955","1.57886024749042","-5.93222089027143","-1.13829235304629","4.33498996920873","-0.225364952962937","6.71272393885285","3.14269772169706","-0.732155250026458","-6.71955375312714","-4.5639767658966","-8.9651577750554","-4.02296905642142","-0.324900821303536","-5.02190016063525","2.48352540119827","0.135659427036709","-2.97693426017254","0.88205782523473","3.71816221197282","-6.515416574407","-9.29219887290966","-0.820264628121892","3.54946756974733","-5.47084139273467","-1.04876751324154","5.36710388491079","-4.91339700822977","-2.18511266104423","1.32690500613889","-8.26521100188514","1.56429680521502","-0.246528235493178","-2.26578660570555","3.6632048263687","-4.85961497892041","3.16566046556974","2.87757951346955","0.843552716390562","-0.638215555818004","-7.59697070711229","4.8075830616923","0.278242009215529","0.742427738431859","-2.7702279968653","-1.6026570769051","6.43850704270204","-2.01491366471708","-9.49983328852847","0.944422409880673"
"Random_Index28_16_0050","-3.04662843929024","2.12198943274777","5.67833244434118","3.21885869141136","4.82216564974734","2.18874588293509","5.39731618620809","-13.1922197818598","-2.62965974243769","-0.387718037798866","-3.78093434065711","-1.40364378622821","-0.757805046099707","6.84731498238933","-1.54175199640939","3.00255063102685","6.46456910743108","-4.63189041951413","0.0582327377573028","0.838412631668669","-4.38114329302108","6.75424720642872","-2.03357137905216","-0.145402230928635","2.48859207746438","1.03914895930672","0.247255118487305","-3.80946393967191","-0.64328380457052","-1.11431243618368","-3.80477458702963","-3.32267081532674","-4.25791032432592","-3.04618178241","3.27575128375078","1.57990246534899","-4.2513376359892","-2.86684134663644","7.06972920381793","0.188336212375156","3.26407223554691","1.31166465703725","-1.29558822590533","-3.44331899449968","0.0626070149448028","1.0480846293947","5.06293759439166","3.35872058994883","-1.73178651751645","-0.497608304458837","3.50309284564888","-1.46596784161777","-0.830100365491916","-4.4266193186993","-3.63546523607389","-7.07072597015506","-2.05995277557505","1.24988758761677","5.14405304725624","0.984353831493237","-3.15301059034374","5.89677374320371","-2.74256975784089","3.61615455194544","0.952369793264605","3.5227760381054","1.46499966161129","-5.90996189717139","-1.14263399982115","4.30437478146898","-0.285495472634232","6.68452356351057","3.17556067784734","-0.829633136350874","-6.67743325522561","-4.51002738379971","-8.80017635994784","-4.04446488147961","-0.301477955283806","-4.96861558058968","2.48203101848067","0.165530679973164","-2.98865270934518","0.982060950517852","3.73860404882462","-6.54624395373305","-9.37007392783547","-0.786066904075932","3.469616402703","-5.45079653951123","-1.04905612942248","5.35191828733743","-4.94356246766012","-2.16864274182124","1.34661910416101","-8.34921019788092","1.5297256956071","-0.318640422673986","-2.42104180681737","3.58427031297391","-4.82536079417689","3.15555914258681","2.93544968166068","0.850820449726428","-0.57334355562277","-7.53440156493322","4.72548019226126","0.26407926075058","0.702775010438285","-2.87174436654861","-1.55111557789006","6.40144628677429","-1.94944711359422","-9.42887417301318","0.962551925091733"
"Random_Index28_16_0051","-2.90647494743275","2.01213095376739","5.6638307087199","3.09264279207302","4.8258173423791","2.13159677926906","5.37822746931813","-13.2522821994414","-2.58683724538824","-0.186690921949874","-3.71243169848649","-1.32142713441669","-0.612034268364725","6.74783454071194","-1.50434287884348","3.02829159765528","6.28094480882683","-4.66406703094368","0.189990891970973","0.829052425326179","-4.38522113194676","6.71362450360058","-2.04971304560728","-0.0807084153909733","2.47873173847259","1.22108197796705","0.398658040145824","-3.71220923256354","-0.632591549140982","-1.0633515309657","-3.69494111783694","-3.17878685831497","-4.10244255813582","-3.05538523330625","3.20642342041761","1.81139387702906","-4.19671565245245","-2.93030762991806","6.89733464721361","0.160878030768542","3.24058077349291","1.28380326597809","-1.21570491202611","-3.46604253432653","-0.0150136847463513","0.942520442783441","5.06523182928018","3.36357250545291","-1.72095794275188","-0.536982368389688","3.38674344461351","-1.42543484412055","-0.780410415167111","-4.58076104957559","-3.52916239823829","-7.08496589713568","-2.09330907663298","1.1737402330281","5.11314549123448","1.07933320251589","-2.96167006007469","5.87377493221886","-2.81059057992849","3.59903653125017","1.13496915813244","3.40303131384022","1.61351546306941","-5.86093207969579","-1.12553149292001","4.23669181011708","-0.118908524102035","6.53761384152973","3.06465709577527","-0.91154099251651","-6.63479162963349","-4.44129502774444","-8.95254530694096","-4.04128682750756","-0.232274903589779","-5.02789509197837","2.39919530520814","0.106765492091028","-2.99108300538277","0.786184045147263","3.63257555312826","-6.61961035419718","-9.25763358341337","-0.751276849623851","3.50339455955097","-5.58135954483229","-1.13121723500206","5.34324253766078","-4.97882826011404","-2.2317102893665","1.31373127433245","-8.41597359020294","1.55832974154331","-0.206653199808794","-2.30176599490691","3.50303927814224","-4.93528187094593","3.01750752891807","2.82004515903936","0.842695027501354","-0.5417395796184","-7.63998537948444","4.69131772841531","0.322131655336078","0.80497557459091","-2.72785204736466","-1.66735307629534","6.37032931491425","-1.93825789125169","-9.61368921103094","0.914616707647135"
"Random_Index28_16_0052","-3.25977470963911","2.17074522536969","5.70775397663623","3.21134221267672","4.80716258363072","2.22976577693218","5.47305491478018","-13.1731518117923","-2.66734897043136","-0.369197399699479","-3.77506668157297","-1.4448207878077","-0.651143136233798","6.90910119443939","-1.50678910336371","2.99979643686429","6.5108445031773","-4.79042615023258","0.101763234222323","0.860057735305793","-4.43282438162429","6.84866713160269","-2.02925656162539","0.000213002490563474","2.45249724908746","1.14916124082028","0.405935610923994","-3.82294500391161","-0.627404605551562","-1.13569458993009","-3.77270415578038","-3.25969826112946","-4.20703864586442","-3.13972916820733","3.34049041893806","1.57983241166711","-4.25350045054524","-2.91742419752409","7.11859644208908","0.204378695217623","3.32419086575561","1.33822255630266","-1.3389578842469","-3.60650616260848","0.0706884539860687","1.16299165442348","5.10521658524966","3.45907775580611","-1.74895122586389","-0.517752874968631","3.44237390772225","-1.48518329915899","-0.765547796199556","-4.62797878202999","-3.64858691549884","-7.18637320157443","-2.07596356743558","1.3183807338847","5.22214242304484","1.24488346594014","-3.19692893698643","5.95154576807551","-2.837599869507","3.72461944549181","1.07446090487277","3.65462825965371","1.61001649736374","-6.02404044696181","-1.27428068145499","4.32850382013456","-0.113842050136235","6.71960144256938","3.18640167354816","-0.749164589267688","-6.73072819689925","-4.5879964641276","-8.79613239079003","-4.12271485482961","-0.266169654153725","-5.04139894789887","2.54607900688238","0.187624261289955","-2.97288628143788","1.03869859600767","3.7996575899937","-6.67648295097694","-9.34963667449392","-0.839644424023256","3.57267837105101","-5.38345318332353","-1.06486082414877","5.43880432091062","-4.99334747166316","-2.05324351736513","1.34890786995584","-8.38391156765828","1.56487672886733","-0.278359037378863","-2.30578182000092","3.6432261284643","-4.8421328429053","3.18992039308963","2.95817507675696","0.949917495028732","-0.645471018297681","-7.66662949852799","4.83561802782038","0.325872472421257","0.737410271383301","-2.90533670310117","-1.53313251733598","6.43596661088429","-1.99630512714796","-9.58043636554536","0.964763263066172"
"Random_Index28_16_0053","-3.18380094073131","2.07100452585626","5.67876955794396","3.1022703336999","4.81377712635581","2.18675220292823","5.5605737879821","-13.2102175817914","-2.70315106528965","-0.411770045079634","-3.77134688405676","-1.46767434534627","-0.608148130583958","6.86864704038408","-1.55215240053631","3.00663618172731","6.56106356488188","-4.81820794291368","0.103863110661958","0.806114177077228","-4.4660533618876","6.76491100598974","-2.11687003174448","-0.125817266369364","2.42557272419731","1.17518450582093","0.407756858631082","-3.87822540425767","-0.601429207359606","-1.18063350566207","-3.71455709636735","-3.22105670591926","-4.15386931057179","-3.20971845560082","3.33891123048927","1.57901605446827","-4.22427147803357","-2.86022572939128","7.07622996811503","0.137323794068528","3.31170519044453","1.28468106552652","-1.39152328836487","-3.64505767003769","-0.0207960791983795","1.2744790846441","5.06200626481814","3.43834661212034","-1.73296221971795","-0.518461727495728","3.45738976154149","-1.47785123488005","-0.750092670630987","-4.56849068238834","-3.67836452827752","-7.27873850417566","-2.04125812743232","1.33084715841607","5.23955054696846","1.1782875741788","-3.13949944380792","5.93279767504644","-2.69474121550536","3.68456241879532","1.0875540840946","3.71452075761921","1.61329968907147","-6.09240993122222","-1.25285758134821","4.31102463754526","-0.0229256090011818","6.69717168392924","3.19645885585544","-0.761970324680681","-6.71066113725801","-4.6571782167623","-8.94174310791652","-3.99048243022744","-0.238779135510052","-5.08364074505779","2.45395353775635","0.172752105701945","-2.85272930853835","0.981933064027688","3.70000160928097","-6.67873577876031","-9.22379634580175","-0.835354999437251","3.56007498320594","-5.45028200504753","-1.07822656877252","5.44277153489259","-4.95411877545023","-2.18668468701965","1.3134614249951","-8.53530350144034","1.49939209069729","-0.253326909114566","-2.24648857860678","3.6015716981846","-4.94021159432327","3.07075637717128","2.87779093807568","0.90075605513398","-0.647288317721704","-7.71080255295648","4.85653436663515","0.271691816812941","0.703888329060839","-2.874526218173","-1.62184783902416","6.48350342650154","-1.87146225538324","-9.57642434282259","1.01209951919513"
"Random_Index28_16_0054","-3.10439319775238","2.0881062442193","5.64400890330121","3.11930999903465","4.75382379407739","2.24316610376135","5.40684690862332","-13.2083190674817","-2.67386046131232","-0.276189240097559","-3.69315178489465","-1.34938600998558","-0.62554520775877","6.80370258386504","-1.41051676013072","3.0465330828121","6.39956860150728","-4.7024177939732","0.15985131771341","0.814800483039451","-4.44131760523523","6.75594010262025","-1.99798305538837","-0.151794102701526","2.41155723695988","1.12827205547551","0.34280848251553","-3.75461603712684","-0.677499111902938","-1.13058058673257","-3.78745703918615","-3.20891791661838","-4.22220952257346","-3.12489399537829","3.29739260640063","1.63760719462274","-4.19592129667823","-2.89328610376533","7.05726177304948","0.259523818645466","3.25148271345984","1.35435726252108","-1.27287537592802","-3.54329880538919","0.0220553612870011","1.04976170722672","5.014663120188","3.34447539638626","-1.83405336919534","-0.577394287307947","3.43348096300468","-1.41997500305916","-0.825562511420161","-4.54493197189974","-3.68833663000066","-7.21102814194323","-2.1540220197235","1.28968730946101","5.13357420352622","1.07885445750349","-3.08816915990168","5.84047918485828","-2.68127153873754","3.67884333593045","1.1252097420457","3.57089455510006","1.53295988684581","-5.97558481416473","-1.21459512303068","4.27466739705706","-0.152818241910387","6.66405935850794","3.15721157975102","-0.800114513723017","-6.71664222172463","-4.5299671397347","-8.92942397572985","-4.09747023101224","-0.215034767079622","-5.0474729247475","2.4813205642677","0.204637364995293","-2.82917626508892","0.899100698008346","3.71058909903219","-6.55401596566037","-9.30404702268677","-0.727066320973663","3.43734940279598","-5.44015250413746","-1.08835113708522","5.33574469744448","-4.96122084625203","-2.21777539995279","1.26848558007496","-8.40610874330273","1.48845454527596","-0.195655722150821","-2.43864119039407","3.60210657311518","-4.89115414494298","3.15257167221414","2.89872910961698","0.947666501543144","-0.574314610991939","-7.63437427744621","4.75041370223087","0.354457480268687","0.749710512561483","-2.78880591292119","-1.5699337811683","6.38264961815637","-1.99143938454214","-9.47785644160209","1.04921126856918"
"Random_Index28_16_0055","-3.09663293668605","2.11076363502393","5.56947292228785","3.10886953849736","4.7868038814493","2.22093840531646","5.41622510554464","-12.9819710672871","-2.67751491618726","-0.347566862765398","-3.73890623205328","-1.39342569830864","-0.678238320408977","6.79296164425416","-1.48432419607907","3.07467552939926","6.38630974924435","-4.70523979556481","0.0911746307210056","0.88683986198195","-4.39852772555951","6.71806727985798","-2.0278081377796","-0.0671918588899767","2.38507965719475","1.06371569606882","0.246885007480949","-3.75508848769766","-0.739716751212019","-1.12292779957011","-3.82837143762191","-3.26767871519224","-4.12448096638399","-3.00901034837964","3.2439397871999","1.66732183226287","-4.22546154767724","-2.9283192953412","6.99872101835675","0.184348732726698","3.26325933495258","1.33885272320403","-1.34340498293083","-3.48661330196971","0.0334143611900947","0.923602082882007","5.08103077196389","3.24085335096003","-1.74953353438178","-0.590904936282853","3.47500974253926","-1.41529437728561","-0.800110166030299","-4.50609897808219","-3.67133965764704","-7.14195871013815","-2.04644886247735","1.24758527486595","5.11368411959484","1.08054913252915","-3.06534588095967","5.86105514393733","-2.75760417972061","3.66674026656532","1.03305136225682","3.50612486414178","1.53169338616272","-5.89581703418207","-1.12329433005276","4.32490625857661","-0.171710019583312","6.62540024325419","3.06527178837237","-0.794799573284144","-6.80021571633595","-4.47490491360975","-8.77087198335572","-4.04371876786126","-0.30657045025278","-4.9498914111605","2.48950796420212","0.119439964741276","-2.90750105012307","0.869022103091605","3.71430214568681","-6.56502244391422","-9.37403967957283","-0.808736720105643","3.40703782134246","-5.48210342078787","-1.092717687413","5.30018147037349","-4.94540292740937","-2.25737088246757","1.25044577271281","-8.42767907995198","1.52935760695642","-0.27886164067322","-2.51940259763145","3.56526633206675","-4.84611807189274","3.14648069246193","2.94175728638618","0.932811352556712","-0.59154294345534","-7.52946127688363","4.66854629657483","0.361375873893063","0.659102219432564","-2.80044069935456","-1.52967927260731","6.30734975590511","-1.93372761328065","-9.36024830397026","0.951996786539434"
"Random_Index28_16_0056","-3.17392818291426","2.03003349257102","5.58630877427511","3.07727313536872","4.71608759153458","2.21946289115697","5.36988874044646","-13.1522245299977","-2.79676477063634","-0.352099726816741","-3.80457484060261","-1.42712836600744","-0.728058184012805","6.8388007423474","-1.54261434364051","3.10270442106023","6.54428342410882","-4.64616557646924","0.0826986161981592","0.939418635598255","-4.52881505414296","6.79143853012799","-1.9955497350877","-0.0410099310242124","2.36465764053264","1.18520174945414","0.426757681061682","-3.76035276780458","-0.625113951213364","-1.02127889317949","-3.7823504925842","-3.21530879118373","-4.185182038351","-3.06072689352928","3.32270032277755","1.69807598001857","-4.30484268657275","-2.91459639915243","7.06227272719435","0.248693225637986","3.21265814113042","1.33406153338727","-1.18858288674983","-3.44602909210158","0.0126675898853291","1.18891440094972","5.05755453092697","3.34964180194128","-1.68805681454227","-0.610087303899094","3.31242210332556","-1.45756257213426","-0.834696078505047","-4.47774809183476","-3.65638838758049","-7.20675387168252","-2.09879040760086","1.32125033988017","5.05962990344597","1.07625393570567","-3.06910867526693","5.76928258997216","-2.74756974351562","3.58881423574936","1.12792590488311","3.61337145691769","1.56197524159282","-5.92613480037295","-1.23718835917054","4.28274143779488","-0.159807658397178","6.6907840920751","3.14220608738721","-0.759624545862523","-6.74583059413039","-4.59578846378659","-8.79825659327091","-4.11159283277533","-0.251088165184444","-5.13542071033652","2.41769385450025","0.237938380073204","-2.82808969519968","0.910517696407664","3.6828567576722","-6.58638576412574","-9.37688393101162","-0.81339704227882","3.42998622230828","-5.33194562167271","-1.15641780797448","5.50257709448418","-5.04157924400972","-2.17673464785882","1.33748267884137","-8.3770667388644","1.4857286527704","-0.258637370430634","-2.30749737089942","3.6323249857433","-4.90521257897879","3.15641493887028","2.79678890763824","0.971098057853302","-0.537655638085195","-7.68588728433811","4.68779682964155","0.338235640940149","0.647249546433957","-2.76034817591191","-1.61771769012623","6.24398130029087","-2.01808518639738","-9.47944429047579","1.0332289828729"
"Random_Index28_16_0057","-3.23245525136605","2.13214914336785","5.63393117648457","3.13917633358124","4.75365730213424","2.29824512263086","5.43799019427408","-13.148291049145","-2.6226143424531","-0.361737640771627","-3.74868129312232","-1.38816468697503","-0.660158440024241","6.78820790961375","-1.50325282193215","2.9125254135586","6.46520488892665","-4.64165296849457","0.10647729480899","0.726673197233672","-4.5206347378248","6.71841016623088","-2.04231175277738","-0.115047209257173","2.45109373793292","1.0877326887492","0.221585835701544","-3.79628666627705","-0.763910947738369","-1.10583992337583","-3.75301740225487","-3.27312943886237","-4.23324738148447","-3.04224442869392","3.31269064193619","1.56440139561138","-4.18151381397126","-2.87484885562701","7.08122481910205","0.191167842617646","3.24874253805132","1.30089362980785","-1.30692944005309","-3.52139367163395","-0.0106720671864487","1.00912504244437","5.00828004228041","3.4014351018227","-1.67392259331599","-0.519101168644173","3.41562545720138","-1.39664277937392","-0.78911718184962","-4.60235233409447","-3.6727556047789","-7.12545589194981","-2.19771509835853","1.32140391518432","5.18868495739431","1.10572243778796","-3.07680080702719","5.89939312725681","-2.7229800276665","3.69102350732097","1.01904456734435","3.58416427065213","1.57950404989445","-5.92494339652963","-1.19914689617033","4.19193189731246","-0.2214324214449","6.66397330730208","3.14654426942792","-0.769187213978936","-6.73605928997956","-4.47239277403941","-8.85148688824413","-4.03570571315288","-0.206628874167155","-4.98416404783976","2.51182049402257","0.136829926507468","-2.88474874423309","0.913686129165137","3.6902898812454","-6.57596938768846","-9.33176466164702","-0.835932180101153","3.49005154110892","-5.46434549957686","-1.04786307326368","5.25799660539473","-4.9454924942929","-2.23746780606301","1.17161361837678","-8.39420385162712","1.50162410561082","-0.231893421025471","-2.4138587811171","3.58435462786814","-4.79479544327878","3.13692836032314","2.91854128104419","0.912515886592369","-0.550479168858283","-7.62253583827837","4.77745108223468","0.368085180376866","0.792581284240099","-2.85770436011639","-1.53455704347815","6.36519171479519","-1.96871150619837","-9.50125722874439","1.00249181545374"
"Random_Index28_16_0058","-3.16227031260361","2.1173976171311","5.67215674572412","3.08606835365982","4.82054267275193","2.21161672680204","5.43618405786922","-13.188727950201","-2.71610094575589","-0.401658907981649","-3.76617956464689","-1.42312470476884","-0.644230579981783","6.86885594119188","-1.49487646294341","3.09743832260369","6.45431067922698","-4.72217592804165","0.148009410804219","0.922794212942657","-4.4626540267524","6.7931112500218","-2.0310177474052","-0.0277686022773081","2.39210443828985","1.20536638949842","0.424015623371118","-3.79804580995958","-0.614323887259621","-1.12201708293134","-3.83937644461923","-3.25840372898135","-4.14575339633712","-3.10493116550248","3.28069914960375","1.62307629260851","-4.25216373000796","-2.9964494488149","7.06721051889683","0.207600696628951","3.27842546977001","1.35588878585291","-1.2750978339795","-3.61366299395914","0.0396771551961542","1.07427825210874","5.0777103325075","3.37769436078918","-1.7554008145753","-0.610742575373559","3.47368977704644","-1.43622370729365","-0.776283507485397","-4.52721548762363","-3.54892431502992","-7.19140013688176","-2.08440373825404","1.25400761411521","5.14562445170826","1.16683279830703","-3.18316907035997","5.8852200994821","-2.87538403615441","3.66555619183937","1.13002725347649","3.55372274066544","1.62134743743492","-5.94247715190651","-1.23340041684017","4.32306948742494","-0.0597764076846433","6.69485387775749","3.12171189922248","-0.818007757074236","-6.78852243899855","-4.53939497539158","-8.90105071249117","-4.14723877197743","-0.270753103715629","-5.06349749486786","2.41270933586703","0.20059576626483","-3.01407283948052","0.949187694753062","3.71748638810478","-6.7116508593509","-9.30013672514969","-0.79281110949678","3.50829297891724","-5.48630826625655","-1.16219232539422","5.43139715175383","-4.99968557945286","-2.19639974106121","1.37288710645893","-8.36592938864602","1.58419430697664","-0.285829601140565","-2.28699994354632","3.60129692855184","-4.90878053769408","3.10192053135995","2.82498044835546","0.927021611546932","-0.496526830547099","-7.65970340550228","4.73462024994486","0.315548495088713","0.706897701888907","-2.79576455315999","-1.61533550076962","6.33486783757075","-1.9506867361345","-9.60367402127844","0.962992346399588"
"Random_Index28_16_0059","-3.12998068792227","2.04475857583813","5.6591094973733","3.05164239451936","4.81413080600925","2.27600311598939","5.46285164280019","-13.0657378331174","-2.65488823892623","-0.271981146399186","-3.70949806087856","-1.3819754396996","-0.621128541028156","6.8313271348872","-1.43642329943968","3.05296493229062","6.46557589115881","-4.73543288576928","0.203427709193615","0.857885528235001","-4.59122356509116","6.73252889442388","-1.97781951239697","-0.0736034647509797","2.42847693273435","1.191483537913","0.306119508310444","-3.73802885013449","-0.694844560569797","-1.01620333601845","-3.71645124173616","-3.16535742164639","-4.17233690061578","-3.25436655154325","3.34141908172674","1.64049889595393","-4.2532806727221","-2.98241463835037","7.096208177884","0.207385058323121","3.26547233312835","1.41274287244966","-1.23836483982402","-3.62049477860871","-0.0090891366299879","1.12551168158042","4.99899736314152","3.38806959811579","-1.73656572273772","-0.58257830685629","3.42496623602566","-1.31852348803784","-0.721321561477061","-4.63069547509711","-3.60788602089452","-7.22958222316454","-2.14312064260349","1.35099309212577","5.12690128299877","1.06585501038103","-3.08389491630594","5.8884316244112","-2.71577926673698","3.60403532108291","1.13305284163071","3.62475490071487","1.66424159620372","-6.00300256602864","-1.09463313464825","4.2333903594663","-0.164705165489839","6.6364619196104","3.08644999804719","-0.795201355671948","-6.79993054751965","-4.62356748511332","-9.02330574598887","-4.11126738402356","-0.2529689794404","-5.11452508695016","2.40317291826256","0.195083152593078","-2.90152547489769","0.923031809837666","3.69331103980108","-6.67846781343778","-9.350715374699","-0.77625717092717","3.57078206610411","-5.57257234956646","-1.173055606116","5.45431184238877","-5.06585787237097","-2.24671268728548","1.23329039754138","-8.52901303215968","1.51226454576684","-0.172026792534388","-2.33391119924808","3.64961821448863","-4.87521599710048","3.13902292585753","2.84633426199099","0.97569761527771","-0.595062464256341","-7.73268682628931","4.77198208035166","0.347564626628844","0.661900123023607","-2.82939276435416","-1.64433034938607","6.37290689160074","-1.91807155850675","-9.57515331287058","0.985896211703202"
"Random_Index28_16_0060","-3.14866023951142","2.05030657806166","5.66291689702373","3.0048787553039","4.75434820132978","2.16674251681891","5.30048476827731","-13.1347649922086","-2.55349173488828","-0.339676811845706","-3.75427546047136","-1.37698948331201","-0.657875276720087","6.62972418491833","-1.5189411382027","2.90228357306412","6.39207910612444","-4.78320711085756","0.131581972495079","0.732366435136549","-4.46021686649909","6.59392141369043","-2.09434960078742","-0.138951228190256","2.50543768273523","1.1663188267697","0.213309935034338","-3.84371204774341","-0.730182837326607","-1.1646764118081","-3.73644633673969","-3.28747347051958","-4.19999769912692","-3.14360868033822","3.28641747794512","1.56185490648792","-4.17594584762194","-2.91916852115691","6.82836014226594","0.0347055724982225","3.21271070250901","1.24906946870424","-1.33363471623874","-3.5949537209617","0.0299264309994569","0.897634537878771","4.98559472809474","3.31475522542344","-1.89583185306045","-0.509393106401959","3.36190009441584","-1.39295058485195","-0.799010839768343","-4.60459145727651","-3.67046926044454","-7.04221195816531","-2.1137149774488","1.30533937147166","4.98369416141043","1.05448196804162","-3.05918409144228","5.73929866850816","-2.80670292264684","3.63629492911727","0.985307942650887","3.5673640126803","1.50630069637308","-5.91415725980851","-1.17672700401967","4.23970971534393","-0.21705392809311","6.51339367642806","3.15334278065859","-0.918854427134528","-6.68122462006272","-4.50005970281147","-8.84369442233764","-3.96297993344803","-0.224605338331334","-4.93944325602967","2.47291930904867","0.0177302009920213","-3.05034840105564","0.807090177101806","3.58412532659509","-6.58144057021129","-9.17923863494722","-0.8554408182887","3.40054266625713","-5.63529808790042","-1.06335568017941","5.21387177492493","-4.93681945530997","-2.26089909674358","1.0915880591446","-8.42365590017701","1.52498238255453","-0.232140816357264","-2.396407299413","3.5642926416592","-4.82739975682919","3.10826264499317","2.78362881058694","0.846134794627754","-0.563113329921419","-7.47916061249047","4.67665598274474","0.219246899768142","0.852792617335075","-2.82703513226877","-1.58653140789412","6.34395573524788","-1.77033193624567","-9.4578599590745","0.893285270111139"
"Random_Index28_16_0061","-3.24637175742592","2.24540817992647","5.76254496996394","3.16139099865365","4.81893145279425","2.16854713692818","5.57249781313473","-13.1912119472364","-2.64814902694249","-0.459761162357054","-3.85633156032992","-1.49528734089662","-0.740234151194954","6.82461324983678","-1.56571308401367","3.09563530829169","6.57385588962181","-4.79421534645743","0.0327040646244786","0.835138879075152","-4.42858968207961","6.85401998759861","-2.10727139123254","-0.0269008400605466","2.50563631383133","1.11157189886946","0.303700307779822","-3.89540217834353","-0.642042839695437","-1.21348033192468","-3.82614433680818","-3.32624539953649","-4.24166902183332","-2.98005725924602","3.48243843843977","1.51431605111355","-4.13697562887672","-2.83695926272426","7.08308514443278","0.0986488716981416","3.34682349565062","1.23538806230935","-1.3483221213919","-3.6639436017724","0.126930958923637","1.03289135521335","5.14517473348028","3.45207089683588","-1.76100405413959","-0.530531699631653","3.47632424069795","-1.48438888590747","-0.852972001427502","-4.65667541353631","-3.68454622155592","-7.07054823947357","-2.22151980042152","1.46544037671126","5.23917021965145","1.22284602996366","-3.17359621270146","5.99433283687257","-2.82842555783007","3.74576811173516","0.949572289130765","3.75759290326851","1.53900240378216","-5.90056945680286","-1.33451450051653","4.31296072557998","-0.0995915027922752","6.84141748525512","3.18879949616908","-0.838186599402969","-6.73328888633313","-4.50011261653682","-8.90924793519953","-3.94593476168146","-0.266958379685113","-5.05014744679354","2.59912368334639","0.103700626490399","-2.99360606131277","0.981289055374158","3.71659849841543","-6.68208364411893","-9.45662513844712","-0.874199795271932","3.58393094016153","-5.49238509393445","-1.10066715344653","5.41442468445634","-4.92490082861828","-2.22335547834351","1.35297019204382","-8.2990100399683","1.59650819685811","-0.316581018678459","-2.34274693876748","3.75808219292182","-4.97523988889182","3.27667234841546","2.91924288452977","0.85003812697069","-0.537866151564764","-7.64733699152083","4.88088109548106","0.229780875116423","0.798506158823256","-2.92832384832874","-1.52105062563816","6.45881762164356","-1.8549666270972","-9.65250448556541","0.886556474753392"
"Random_Index28_16_0062","-3.1775591400442","2.20771000148918","5.73814197620928","3.19072714827818","4.84329319779389","2.11661454061983","5.40304897457469","-13.1047722036767","-2.75249247969668","-0.369484589415348","-3.83012686677248","-1.44462316318561","-0.690363904541001","6.89537179353958","-1.55549799736085","3.06783270110122","6.4509769995831","-4.72511394276076","0.120545410759406","0.859509055972487","-4.49702096352074","6.86033696771246","-2.11903260974777","-0.0218912452772109","2.46393745124526","1.07645814124531","0.386582154047423","-3.84854406292646","-0.68229258548342","-1.17105862780371","-3.83916368832779","-3.25838744005241","-4.26032915551515","-3.09608462858085","3.25709917163035","1.65868330609009","-4.19743820135756","-3.00001986839554","7.07025104065412","0.15589787586555","3.36357356889631","1.25753038265489","-1.33630754345351","-3.6104015081317","0.0956337270781731","1.05487009541195","5.13963953789337","3.40064421675474","-1.78697786968357","-0.516063453306519","3.56050126076681","-1.49250872764526","-0.897374810998857","-4.50215422980952","-3.72852294981995","-7.19172219347073","-2.03824610096041","1.26310474721887","5.21883457117803","1.15090844810293","-3.12089915722295","5.95014613354243","-2.83928244479099","3.73562403105197","1.04351007330471","3.53568545396777","1.55446403193254","-5.95158161638817","-1.14551907150737","4.3634864145564","-0.0502914316533738","6.73270666763331","3.17425255764359","-0.809588141139237","-6.72211401689874","-4.45185290502908","-8.83288928323544","-4.04815648523888","-0.350869116004594","-4.97108075396633","2.53200926690127","0.10532501557476","-2.99317113169068","0.984802413281103","3.76415048962104","-6.65351577209165","-9.38618479949973","-0.890405271736668","3.5475234535761","-5.4456615524252","-1.03035909293783","5.39623488365458","-4.93616953268053","-2.15425506082715","1.33170968197945","-8.39835230980112","1.58091633883656","-0.346404136163706","-2.39084520746712","3.57367955004495","-4.90553666235029","3.12872024884036","2.94127497710021","0.860279490513922","-0.613890390469217","-7.64550289861036","4.83442043731205","0.209367796710252","0.75409446032642","-2.87545328830476","-1.46662343222364","6.44082904716747","-2.00475751018096","-9.49516012855663","0.883952456071565"
"Random_Index28_16_0063","-3.14304898144231","2.10318089596914","5.65419438712453","3.11481366823847","4.75828869124294","2.31569871826981","5.47698246891033","-13.2765765036647","-2.66108220066407","-0.287367554166299","-3.71689346212669","-1.35525892367316","-0.556881418552425","6.84823087690573","-1.4554864877284","3.00767804413307","6.52969327102981","-4.66972450000552","0.225130839771871","0.780200653148414","-4.55601805352627","6.84717366439741","-1.88357153368011","-0.0970637825788366","2.41475421965868","1.19311422582044","0.312006101621046","-3.68037047438424","-0.710367739208773","-1.02334598076207","-3.69238378294448","-3.19701686864325","-4.19352239041143","-3.19604215577687","3.38035085182909","1.59292783350291","-4.22753212973133","-3.00263256702127","7.10555302713941","0.307061058141998","3.28171045779096","1.42858272527982","-1.18845238403332","-3.55289215982148","0.0274024396549503","1.10442447808526","5.05495935619047","3.39321384853044","-1.62169791645115","-0.584776083275427","3.36970549350164","-1.37878086886406","-0.73251425513423","-4.56067489770856","-3.66208223828824","-7.22502569879731","-2.13157153042707","1.36973920509494","5.11926592539218","1.10770931961729","-3.08845903152638","5.92965221140319","-2.72078886042499","3.659597969053","1.13648072512731","3.6360211667137","1.63583127332197","-5.93830039178099","-1.1554131310601","4.29632631927105","-0.158191134215795","6.73403842673306","3.08290694712601","-0.759339278789817","-6.765955910131","-4.59101646509897","-8.97288840351771","-4.10571800482439","-0.222235363309909","-5.11547180794354","2.49441362419353","0.228144452265448","-2.93783440972695","0.956102958091689","3.73687319003596","-6.61938205717675","-9.33564936507612","-0.752032997131784","3.55082745920685","-5.50244228162952","-1.1429125214922","5.41758682785937","-4.99122362711346","-2.21169557473727","1.24882661427372","-8.50952516550445","1.49882981956401","-0.172575998249601","-2.35242208246854","3.67896760394482","-4.78773491790556","3.15657057475471","2.83761505627459","1.00416913928064","-0.456924864130834","-7.77049861177722","4.77653008484774","0.384595318220209","0.712740927503247","-2.87414910999754","-1.69912804968339","6.40893857329355","-1.93972155870999","-9.57425388626668","1.0538690024175"
"Random_Index28_16_0064","-3.14300206931999","2.101704490402","5.6757803540249","3.11461723113217","4.80755357096136","2.18345914165517","5.42273187224824","-13.0879550978599","-2.68238372633314","-0.390401143899354","-3.71592997195665","-1.35894852921687","-0.650432344722567","6.89628270387732","-1.49787671287693","3.06380752528663","6.52557001994825","-4.74727608738562","0.14640586234812","0.878775181551178","-4.51842126233488","6.8532333756578","-1.99053832535159","-0.0384755315177351","2.42656868339704","1.09204265111313","0.402664966794642","-3.74288289364238","-0.670800039756359","-1.05423792365915","-3.77904220046859","-3.22716804528191","-4.18446384182096","-3.14366035684952","3.30235246831906","1.58390037739884","-4.26657769961254","-2.94766343091965","7.10098528945815","0.158213698717767","3.30367587672551","1.38254665730789","-1.18602075628995","-3.6080620509333","0.0323353402934741","1.1107486420063","5.10400640645705","3.40356755630835","-1.77123262992596","-0.554045110948089","3.44406929868433","-1.38007450079055","-0.788015609135976","-4.57358785433045","-3.61034332546498","-7.18318675066104","-2.08576698343959","1.33581254637897","5.17339424696243","1.0830162108146","-3.12069446446926","5.91000179301105","-2.74179294999647","3.67046969343057","1.09598016970014","3.61155622445014","1.62623706291374","-5.97625735050807","-1.19806223138499","4.34574729546468","-0.132036075925679","6.72858940994889","3.17230063589951","-0.789266749921573","-6.80139709639213","-4.60822852222994","-8.97489658860694","-4.03821261387852","-0.243159315738041","-5.10275424968176","2.46761672496616","0.168693858136568","-2.92704000637105","0.923290869290079","3.71635533455855","-6.68120781472632","-9.31937930752812","-0.806312404935586","3.53489996156752","-5.49272307509523","-1.13794765862191","5.45382310905607","-5.03844689700137","-2.23783325544824","1.32589140389362","-8.4724548667004","1.57228698685746","-0.27204792063683","-2.34253993169399","3.62103282558965","-4.96192022319896","3.08328260859326","2.84741527270846","0.90963581993965","-0.573365246203119","-7.70368769089499","4.80062287989024","0.325737333642536","0.696845735308074","-2.81202297220583","-1.62490909442612","6.38806259684048","-1.923611946315","-9.56382363946761","0.940464328252837"
"Random_Index28_16_0065","-3.22931161686325","2.15071204434237","5.73798732513796","3.20096940976208","4.82799630929762","2.21407303137414","5.44622972042422","-13.243101105307","-2.62183097881832","-0.431200945706905","-3.82446924570328","-1.49087637052086","-0.719624439193509","6.82674118316998","-1.55133268130464","2.95261648846573","6.48452227293977","-4.75865358011823","0.0856328360144578","0.777607310418598","-4.44770735169711","6.78375258577366","-2.10317643952031","-0.0216124117118024","2.58179220876767","1.07124104897988","0.250593908714435","-3.85842473012135","-0.653740752038941","-1.173952026085","-3.7964332776401","-3.33837822568792","-4.25002837283764","-3.0848240348877","3.35944783326145","1.54236839999399","-4.13454550987568","-2.80258672966634","7.06395731249414","0.130466719626077","3.3175855178218","1.28481134273943","-1.35719979995557","-3.67053202573068","0.0439411986952418","1.12380327414158","5.11555088315526","3.46964537473883","-1.72079941313568","-0.450851868913346","3.48667868686848","-1.43866179489672","-0.865782920115206","-4.58301673667072","-3.66231718601581","-7.18786296001457","-2.14731873454427","1.34294809304083","5.23119517707889","1.16490551712768","-3.12549293457989","5.95208587828019","-2.76299860170804","3.67831659564261","0.989238028330664","3.59500317020757","1.53614367532356","-6.04121659449765","-1.31441360845616","4.25766207988704","-0.180929549547702","6.70547231771823","3.16039030668702","-0.861078936052524","-6.74725950540298","-4.57734960181191","-8.9023534180803","-4.04290632750672","-0.289546502209135","-4.95444830403213","2.52802568712002","0.104074379608791","-2.93321110826255","0.95780075538177","3.72949380819516","-6.71881064698346","-9.39045276210377","-0.881289537005219","3.58850599788714","-5.48347761211168","-1.02936827115229","5.38289314545434","-4.91529644400813","-2.24226817395358","1.25674501338124","-8.43573787949568","1.49634650266011","-0.276721390736508","-2.37681383617952","3.6229690532133","-4.91572308702384","3.14840595240541","2.96328715772952","0.859842326022568","-0.571425813649288","-7.54826990711924","4.8329238395156","0.261399840285313","0.77912649781075","-2.91108361530346","-1.50460822161624","6.50056376900014","-1.93762698540395","-9.60741498088208","0.930353076554521"
"Random_Index28_16_0066","-3.23242009967604","2.16881479832461","5.71054070827279","3.18082610374565","4.82078724562762","2.32266823029158","5.48345871011564","-13.2101572742381","-2.73205068826719","-0.385175735664301","-3.82017846788812","-1.49019191658089","-0.715380006108073","6.93859777140995","-1.54463430580842","3.06394493259242","6.52672785063142","-4.72262624170053","0.0117638688525301","0.827868610511216","-4.49923918158302","6.87638104413701","-2.08617429312139","-0.0309391098124089","2.40902417410197","1.12305932391218","0.3876095774588","-3.86470313007515","-0.667842164099557","-1.16393814042801","-3.80196055117373","-3.32625881920705","-4.26768157724455","-3.15126869402366","3.36671352687626","1.55899295742576","-4.23591112492175","-2.95803153674322","7.13478127541356","0.197201597757318","3.35800248205878","1.30346814647543","-1.34195704070805","-3.65908444693581","0.0413603122858541","1.14855399886247","5.08609248871719","3.45688726992476","-1.81188722835368","-0.523686545562559","3.44856272883101","-1.47054936700618","-0.874365984786034","-4.52335330327908","-3.66360802868628","-7.27515529106449","-2.086030758487","1.34907074765515","5.22143331128976","1.10157539965895","-3.17579239794251","5.93688637278971","-2.79319795082237","3.72911392034834","1.04706307442973","3.64959222546397","1.57755031724143","-6.05090741280457","-1.30958875774624","4.34475906804419","-0.163469350776757","6.76452643345858","3.17810764195071","-0.809295464973868","-6.79180542640741","-4.66775210945485","-8.9035877132928","-4.08793008488621","-0.272046746872548","-5.10509147486334","2.50645850282163","0.144008169092021","-2.93599263679512","1.009189633529","3.79438883098693","-6.69448681492419","-9.39972132041228","-0.877387837791879","3.57162204415262","-5.4143309788175","-1.08191701867502","5.43136795926063","-5.00818356415321","-2.19076784058835","1.31059412040969","-8.43860952603702","1.52789300927124","-0.282352604692401","-2.35410654977127","3.65775811065667","-4.90278667226665","3.16736612703607","2.9567795044748","0.920658773411846","-0.583765253445447","-7.68552545487373","4.85015982043337","0.28020599849545","0.729214143466548","-2.86837813821982","-1.59562549554297","6.45555384816742","-1.9664487268383","-9.57444631185275","0.976180251915238"
"Random_Index28_16_0067","-3.05860334593029","2.07434422231944","5.55623569645998","3.14130184204014","4.71297487107484","2.19495403948232","5.28787528388935","-13.0041016722513","-2.6655971123592","-0.263934887428119","-3.70651128811653","-1.29523130333674","-0.635009361722939","6.71697454687103","-1.44317333351476","3.04729608642314","6.32594691172603","-4.599668839668","0.160533378447932","0.797626538425456","-4.37477633446719","6.71673826085112","-2.01487890360193","-0.134470957982269","2.41881310291062","1.12364967211244","0.298630297048658","-3.70244613106943","-0.743667523157691","-1.02824924457175","-3.76592727187267","-3.21498156191256","-4.18107789884307","-3.05564505147761","3.18599494450919","1.63258424169016","-4.24747875038439","-2.95725265574367","6.95857972965005","0.216690025745343","3.18971641171263","1.31799799153744","-1.26241560590378","-3.47674428090653","0.0240456387650448","0.915623039185683","5.03061633033286","3.28346660339369","-1.69136855833209","-0.554425216642129","3.40972672386256","-1.33406308258225","-0.765125751709503","-4.44830699669569","-3.57059799243051","-6.99912617048631","-2.0664163239533","1.19932676146927","5.05674158983924","1.03400722676582","-3.02709796039752","5.77572867266888","-2.71807983428951","3.58106486607334","1.11763173128166","3.42172182707649","1.52958029230592","-5.84331061948786","-1.13522604505774","4.23144869546718","-0.22984418915896","6.54945000450674","3.06794914138468","-0.808706193038056","-6.73031241552418","-4.37914094611683","-8.74495271758746","-3.97772681058524","-0.208121015453364","-4.95318981821538","2.45250950690439","0.12875162476361","-2.92806996594193","0.950497493197247","3.66324273315659","-6.46805840434529","-9.31002017907729","-0.703269747403262","3.40897981991079","-5.50125377980972","-1.0751750503877","5.19477798864084","-5.02522709660425","-2.20161827061709","1.24324581625732","-8.22857533949122","1.46607644919829","-0.269621283483705","-2.39360647514891","3.50440232468124","-4.74362762099249","3.08583378948007","2.90765403669732","0.907235325930553","-0.63340523341722","-7.37400970129422","4.66467211340156","0.27887665502741","0.775557251671096","-2.7267040531026","-1.58186391829998","6.2720023548219","-1.93586075532381","-9.32764814376705","0.907000893616554"
"Random_Index28_16_0068","-3.14351606117755","2.06760643638769","5.63808705200368","3.11276778183047","4.79989211037232","2.18400235500871","5.39954833181813","-13.1380611404977","-2.68182644714047","-0.349392072715781","-3.77005466279156","-1.42816731299989","-0.616619090270099","6.84230141978108","-1.49234150978788","3.0696711012991","6.4379006809799","-4.71398262551989","0.108963272473913","0.881073625315054","-4.45345565500571","6.80390880429686","-2.02590247935241","-0.0604267385852914","2.44376193966174","1.13770105329465","0.358716247735111","-3.80069502454251","-0.647632972783968","-1.11323162322241","-3.79891674026743","-3.27549078545151","-4.24058921909191","-3.12680682354908","3.25155125020675","1.67353212525489","-4.22770253412546","-2.97649678819774","7.05278488165629","0.190212489617857","3.26592130247846","1.31797095036527","-1.23183565690499","-3.56069581267122","0.0469873771757866","1.04983709036314","5.04592145543549","3.36946525456249","-1.74201616666501","-0.553250606655652","3.40776902986877","-1.40206649859346","-0.826201406497881","-4.49320838072436","-3.69477886932211","-7.14486750946125","-2.03559983058009","1.26943417525182","5.09795898748683","1.08517840417343","-3.0897278864086","5.81242688184285","-2.760707210209","3.60781724854456","1.07788785369117","3.52357397719068","1.58272391520218","-5.94897865484564","-1.2387299415368","4.316853204683","-0.113699095016335","6.65955823035098","3.13871360484489","-0.749163390027933","-6.74032192379422","-4.5734522159508","-8.88387417356348","-4.03433795036293","-0.240177562605328","-5.0589986476913","2.44661857596689","0.180325402542683","-2.91956277371203","0.973911849029998","3.68352830132119","-6.62884953886653","-9.33113771664355","-0.788623342961027","3.47321824198053","-5.41909542313765","-1.16541114567627","5.38579078498464","-5.0398405283941","-2.19018891078391","1.31297633666856","-8.44744566943893","1.53829531989739","-0.289135257460299","-2.37724367374667","3.58550551829762","-4.94719829870959","3.04654179084457","2.8598758400447","0.9050779256864","-0.542732329703992","-7.59985594037595","4.72385014581227","0.275453791644421","0.730627420895282","-2.77671337602678","-1.59835422571771","6.28855106306356","-1.86376228119216","-9.49914379416274","0.937003542164403"
"Random_Index28_16_0069","-2.87544148342324","1.96261979672072","5.53228540850914","3.02080887843234","4.74348283424549","2.18203541650433","5.29032075685436","-13.006282466161","-2.64434276267191","-0.256659215487473","-3.66459671996351","-1.2792830856948","-0.582208326478573","6.73794301758075","-1.44926070639396","3.1694689180968","6.33208510851046","-4.60601244718907","0.188648012207659","0.824210464371578","-4.41913158862294","6.745178179957","-2.02600976186746","-0.0795410472903818","2.35646608980931","1.21719686056884","0.286131021967638","-3.74746999892105","-0.70716373466696","-1.07280033965823","-3.7037183233996","-3.10131874561253","-4.16800370256086","-3.01851242881771","3.22527659050407","1.9397168414114","-4.25234319442921","-2.96706968565164","6.9760202141972","0.299360925582444","3.18251986365349","1.34585459979587","-1.16429545327505","-3.45372829236268","-0.073819546545275","0.975719014633661","4.93133717051542","3.22542991968753","-1.69169762303609","-0.58898284791331","3.38606371966767","-1.25930156893501","-0.77068036018861","-4.33925562927613","-3.67088525166606","-7.16559767119175","-1.98351350221476","1.26591453279617","4.98676965537753","1.00881431911302","-2.97012791791472","5.72125730918582","-2.70150232105991","3.54750519565128","1.22126470823141","3.47620743834259","1.61787988985459","-5.82411572702892","-1.06174150037869","4.25358559202787","-0.254885227093182","6.54687162357381","2.99946187486687","-0.722468665351375","-6.67830141768292","-4.23472550667779","-8.85623444301834","-4.05408314926262","-0.232818056748527","-4.99252804606685","2.3570176577954","0.153248434792925","-2.88792773744343","0.857324346421157","3.66333797656183","-6.42892788257967","-9.09498525560219","-0.684715643571602","3.38443426802542","-5.42796265434428","-1.16963601275224","5.25083770173486","-5.08170453501513","-2.1570943736159","1.26598294190748","-8.36665196042862","1.49657370004772","-0.1915077619817","-2.43344203035571","3.53681262347621","-4.80799488008832","2.99413032924439","2.81399636841542","1.00174279780329","-0.450194892459458","-7.54374871224887","4.65285794413359","0.341290701554073","0.694452314290485","-2.58346086254618","-1.67011741558245","6.21484211434661","-1.78496091493846","-9.17618967926536","0.971594014906247"
"Random_Index28_16_0070","-3.17210037548093","2.14226410961913","5.67128552073666","3.16211771546179","4.80774768554665","2.15380658559805","5.47714583714427","-13.0271729047683","-2.76047663171755","-0.387484048423947","-3.8040440997715","-1.44133371229989","-0.699253411397793","6.89726562759276","-1.48872209461678","3.10225911686933","6.4588003867572","-4.76770589866498","0.086399678393602","0.918345476962568","-4.08261619301337","6.81316521665435","-2.03921320826528","0.0524642317096059","2.42835729519581","1.16309415288687","0.450512754906751","-3.84765520644036","-0.59125376004845","-1.16256273589717","-3.87385168581829","-3.24641902796463","-4.16560752128532","-3.10415127006843","3.16955594824494","1.68506660572444","-4.25356560040558","-2.98253654006484","7.09959710248091","0.223529137687213","3.32692162712473","1.30610530931133","-1.26396291438502","-3.67550181901574","0.0743060071940063","1.10341615335616","5.13890321036348","3.39090200702378","-1.78848902276732","-0.599740382534217","3.48674459780396","-1.4530942709178","-0.813625430938823","-4.52354947339185","-3.5967701226255","-7.21191133433133","-1.90815069318855","1.17190277477452","5.15175322768016","1.14191906423416","-3.24176268881136","5.90083628598587","-2.83884622190926","3.68630285315439","1.03941451013297","3.57336750003024","1.63344264817176","-5.99567806795453","-1.25708402297064","4.36745198090624","-0.0263373583694733","6.71302667295257","3.09390891320745","-0.759143585312818","-6.81282040077467","-4.60300192987013","-8.95693482890212","-4.00919255110929","-0.265917565094328","-5.08004604030079","2.41791397915029","0.172615523849963","-2.93425914427446","0.984530528953948","3.72346410687477","-6.73036591848054","-9.3858045877926","-0.836421802333014","3.51937080258765","-5.48821766247778","-1.13087637125864","5.47886668568158","-5.00428620470563","-2.24380612127392","1.38159441600099","-8.47223048737836","1.60984386720994","-0.313944965937947","-2.26772484012391","3.49359144068708","-5.02216685971156","3.03516106125222","2.81852413886307","0.899571923996064","-0.577205394896921","-7.70647021160805","4.74781357426474","0.257611836593472","0.739438835380207","-2.8106388939301","-1.56758320020643","6.33017588018989","-1.93957973912686","-9.60016510707566","0.903413600521064"
"Random_Index28_16_0071","-3.2317347978989","2.14446509099796","5.70953293129485","3.19293059756576","4.80934373047515","2.23428899285695","5.48946300505803","-13.2122555075163","-2.64201722602447","-0.435217918500928","-3.81706361767171","-1.4705751191545","-0.712820531505439","6.87427836339449","-1.56383815802722","2.95790307316208","6.60219173769509","-4.73282714393938","0.0432380232795665","0.778321812512917","-4.46651128949935","6.84015372968064","-2.10801797131602","-0.118028012142166","2.56343745107795","1.02158772432312","0.282035437503535","-3.86271723075115","-0.716859422258247","-1.18580800227866","-3.75582082823211","-3.36065595238793","-4.30787494172201","-3.13893203510427","3.3571054969616","1.47571957910749","-4.12725497393633","-2.82687173286861","7.13067208743133","0.119099118240063","3.34788365984641","1.23392650413904","-1.37567373839309","-3.61232335603751","0.0507516801605147","1.16938579555835","5.13791745553136","3.51766001604889","-1.76420114915003","-0.424002050756119","3.4354968268891","-1.47878865234333","-0.905002738008982","-4.54325257105631","-3.78713517414651","-7.19230571018226","-2.06178370760897","1.35609715813924","5.22629083649716","1.11599527445366","-3.07835127047632","5.99165255399749","-2.65001720560556","3.70724424341668","0.964213461340548","3.71832630547833","1.48178637159079","-6.01179268091862","-1.20822292646722","4.33787606702409","-0.233696990270995","6.76212559317478","3.29783863028907","-0.804369345545449","-6.70823971446144","-4.62882081325631","-8.94663933721947","-3.96895394578549","-0.247841663646243","-4.94630452480868","2.63471932739024","0.0714734461485262","-2.80719641899638","0.959531709538351","3.73306473087601","-6.57896280427193","-9.4600133251356","-0.880557599588049","3.58584914800191","-5.44301853562936","-0.979279562546188","5.28069223745661","-4.98136832931055","-2.19153195723737","1.21571126510376","-8.46467666577392","1.46204170645418","-0.302069150886666","-2.43159614074546","3.59122004410279","-4.88705483718359","3.17159914268533","2.98959424476651","0.866359077257695","-0.665073021394118","-7.63091710995179","4.9113061153892","0.278391487892633","0.835343161089814","-2.89823150929845","-1.52910519309696","6.53694828811819","-1.94459655165452","-9.53979739003831","0.935795769350777"
"Random_Index28_16_0072","-3.1459407147146","2.11711361149323","5.72270350689536","3.16250479450946","4.79424974536901","2.16171614895956","5.36904406276243","-13.0717146888794","-2.69305828989561","-0.359985533794396","-3.78968234180547","-1.37575849538102","-0.619651092394164","6.82192517941634","-1.48999540410165","2.91375356907722","6.44984309654721","-4.72522225646826","0.0384169047480163","0.87175962864391","-4.44802226782827","6.81575675624022","-2.05133544653032","-0.0668625976690171","2.46557003859473","1.13070634047918","0.350207977483509","-3.81216999573629","-0.688101548753076","-1.10969932504126","-3.83151843294163","-3.30388829386434","-4.21585138415341","-3.07669357991907","3.31018514827072","1.56567746278558","-4.20399370514281","-2.93621442145441","7.05987804872536","0.141439934544268","3.25627763575792","1.26024627339499","-1.27113410578225","-3.58932867117526","-0.00621382127164288","1.01093946147239","5.12117298944886","3.43863090208683","-1.7730904975216","-0.473066290958954","3.49448592017966","-1.44867632803907","-0.839319908273699","-4.56702182797448","-3.67279823302979","-7.10422936555765","-2.07845989957808","1.28664150533122","5.19935556999873","1.06037824768287","-3.13454233457102","5.85184138823282","-2.80137325552904","3.70046269371254","1.0567042027376","3.55136687320187","1.52816211741065","-5.94797367420279","-1.19021095104599","4.30511272664526","-0.160184394544922","6.73978200362798","3.13858508346514","-0.82597446242225","-6.75533259081842","-4.55037853912763","-8.88011077961242","-4.07665158852551","-0.291334744165902","-5.05299468281356","2.54022534815242","0.114514500924679","-2.95147015379362","0.960606877708646","3.73137182740833","-6.70407566943335","-9.34552725648557","-0.865687993899715","3.47628682764745","-5.50007123109538","-1.05943537278136","5.35063454816918","-4.95293651837771","-2.13596098596098","1.34169060204155","-8.35647631343655","1.57337237790045","-0.324221826866566","-2.34384909259199","3.62487070578067","-4.84886122471005","3.17497850519438","2.92436800310579","0.87810388740736","-0.601753245277793","-7.56043439819538","4.82457136723855","0.259641721859317","0.772009795466348","-2.85042822104201","-1.54299448551827","6.4618533339372","-1.97771134644928","-9.57712152545363","0.98264795617876"
"Random_Index28_16_0073","-3.12979164962626","2.07086203905037","5.65106653096271","3.17527650312308","4.78586450677352","2.24490158108669","5.55489925323681","-13.2610580473722","-2.68205545551251","-0.374451557866336","-3.80375861484838","-1.43974506722926","-0.644459640362751","6.84919923412954","-1.50365353184435","3.14457769660666","6.45400678893665","-4.72661599978086","0.0697506146376221","0.890253645286349","-4.42402475839831","6.78303202467149","-2.05753123183512","-0.059812624867928","2.45520531253915","1.16710807187753","0.368878987188206","-3.80112034234225","-0.667420343491662","-1.12678110440694","-3.84519497027359","-3.29052584429076","-4.30283158470121","-3.08415588626427","3.20042889461898","1.65888570166808","-4.30089160248313","-2.90979703640053","7.10199260446438","0.231066995243215","3.34533721783061","1.34318112469675","-1.28523143702307","-3.61079857180323","0.00717451744240045","1.09140890043224","5.03965142044232","3.35178327886638","-1.68000226252031","-0.545763894728554","3.45277401905778","-1.39586972892593","-0.865965647719436","-4.45250588516854","-3.66540055415772","-7.20336303852782","-2.09942054902356","1.18293165143255","5.19595847236459","1.17136786260014","-3.10487555861198","5.88834873292656","-2.75214617959707","3.61705796708793","1.13188695780202","3.48520727566027","1.60210282655836","-6.07738431773984","-1.26253158876409","4.26043026514967","-0.174145611787007","6.68295106636621","3.07282192550056","-0.727890798172934","-6.83882632379531","-4.51675979158503","-8.88077363721226","-4.10962892970361","-0.265000949820813","-5.00835565958262","2.41078008173214","0.117244840906725","-2.9083510577051","1.0032494066828","3.67978931527087","-6.63148007635693","-9.41734452049743","-0.76722775104134","3.50824796186732","-5.46066337588474","-1.09613476383129","5.41868724755737","-5.0932919471752","-2.12596494075936","1.31903361931944","-8.43277941514919","1.51305480564267","-0.237123761892685","-2.40744057729754","3.51205010133136","-4.81762205014109","3.12000415818147","2.87972661489981","0.924792233252023","-0.500199318861533","-7.60601137437346","4.72912204834779","0.326986125138432","0.742165008758286","-2.85191433679118","-1.69726539597348","6.34992279001188","-1.91979151895102","-9.4981863402137","0.941827936985001"
"Random_Index28_16_0074","-3.17577850820088","2.21023733752938","5.74170229992107","3.18747862849336","4.81759551801779","2.20559462443001","5.36328203806831","-13.2065473763516","-2.76139961842708","-0.32898584086468","-3.74513734957245","-1.41409227793545","-0.616829126057228","6.96246544366773","-1.51262129380864","3.0277009808927","6.49067528335265","-4.77805524120223","0.209955209246479","0.862068990149712","-4.47634086416779","6.84175113522373","-1.98090225111836","0.00291310308724653","2.4099475886093","1.10349649272062","0.3624314136162","-3.77400015066734","-0.645892297511116","-1.10145504991583","-3.80417846100782","-3.34851901076591","-4.21888675704873","-3.23210427299558","3.2764333138737","1.52268561162163","-4.31950528850661","-3.03239871326019","7.11622434717669","0.113043827768987","3.32508160220547","1.3755145272459","-1.28393984861773","-3.53541394020481","0.017756865072884","0.998182295935644","5.12838559657296","3.43349301996072","-1.81405960954329","-0.538755483918037","3.45597147144333","-1.45684449044317","-0.833129324291888","-4.61880788379773","-3.70436263731789","-7.22033457098143","-2.18918215657016","1.25350254135905","5.21876120910821","1.08743602292365","-3.25972201697465","5.92635567282784","-2.77782044109676","3.72942351217658","1.04889960390269","3.58045080213447","1.49249797424862","-6.04157768863896","-1.19890904474841","4.37805842840568","-0.239277084834115","6.7609550977756","3.19982761847302","-0.895373066083275","-6.73747117186883","-4.63951713267609","-8.93658607123431","-4.12993278409125","-0.327173081705172","-5.08728211839413","2.534717296992","0.163306689198681","-2.98138164413395","1.002411017286","3.83359007870813","-6.67023881864873","-9.37201381767469","-0.894922509953302","3.53618190925701","-5.46790261505395","-1.05499510952132","5.45126171762228","-4.96565791713911","-2.20533913367317","1.34973607845925","-8.40169306071241","1.57919011169065","-0.267271926404049","-2.3544015031436","3.6432427743064","-4.96301973273321","3.18250066180148","2.98687209513952","0.842563140307013","-0.632033143937059","-7.67470832558003","4.82100906854671","0.223211669328949","0.738106241175186","-2.82569555830708","-1.64868105376539","6.44479761886094","-2.08852924661723","-9.55858961175665","0.926523694987658"
"Random_Index28_16_0075","-3.11874868305005","2.1274440378251","5.70452563733833","3.09643992376601","4.79761173492748","2.22581817447233","5.35047049932647","-13.1655358372126","-2.65808996008634","-0.260932840346671","-3.75091763970312","-1.33609799444464","-0.569145663595339","6.86859747268762","-1.42788660250891","3.0214564504947","6.4013463301182","-4.70439863624876","0.203216245537304","0.81665096109297","-4.46639725721521","6.7765611517964","-2.00966780265183","-0.0386694696892269","2.421317124576","1.11961404301153","0.314052901681149","-3.77133723556556","-0.621193804163265","-1.06461406938233","-3.8313096013766","-3.26836149188968","-4.15176531970639","-3.0399058470728","3.25203902933237","1.65325420922367","-4.20148919725682","-3.02544898836973","7.02152537798836","0.190807228640915","3.28503755458537","1.35606199277776","-1.29982481740751","-3.59261313685529","0.0257848218449004","1.05097614955453","5.11970158883685","3.35283338843591","-1.76266963945067","-0.559410811996669","3.48802301604216","-1.34533135261764","-0.849373220318642","-4.51717240698951","-3.5919607315791","-7.14896575961729","-2.08508845586463","1.21201406103883","5.1762057875867","1.14946898777855","-3.12041008692183","5.88788851717574","-2.7925625258607","3.66717612551422","1.07988352727988","3.52010072481383","1.59505660987913","-5.96474821197212","-1.17999951478962","4.26050717069911","-0.0174791237286405","6.66507033394931","3.18611633687779","-0.927927564116374","-6.8314015968785","-4.4582254757455","-8.85737912922331","-4.04039557861068","-0.284288277073115","-5.03305377880691","2.41019924959782","0.282475835853393","-2.93433965425136","0.93330480033661","3.71987675039136","-6.60547452749252","-9.39624223439802","-0.802631548478633","3.44662111320969","-5.51511679209372","-1.11422977508467","5.41895333359491","-4.95737010446756","-2.24519970273688","1.33740897752562","-8.33164927238069","1.58817403158451","-0.244026407518382","-2.3680688281338","3.5653411568993","-4.88995621457644","3.09856806046444","2.84714176017442","0.901860129734554","-0.597339833962531","-7.64317226828034","4.74032807168993","0.322824087524947","0.795041539225946","-2.8376231096252","-1.51513362475347","6.33539393729094","-1.89449830237894","-9.57926458528467","0.962745041515677"
"Random_Index28_16_0076","-3.18374970658285","2.14805202593684","5.70057373737184","3.18809751799292","4.79648460322205","2.17558323944859","5.3643322622067","-13.2058036924658","-2.66463051655459","-0.418185941818119","-3.8573695450875","-1.45657101012808","-0.70256985820048","6.81050751076876","-1.56031837886577","3.00006980102301","6.44712671993024","-4.68711463773013","0.038948139058063","0.836195547591662","-4.50623960405568","6.82828060657686","-2.11453720344858","-0.067988708576836","2.54503512805025","1.08751520202052","0.327421006706518","-3.82696575834141","-0.682560714419919","-1.14380262031129","-3.79904557770725","-3.3359861880635","-4.25158289846734","-3.03315161675339","3.25449952560457","1.59187076907013","-4.15321584223933","-2.87483640845004","7.06693065368671","0.169290153449113","3.3211354771139","1.21978747535025","-1.33206214094606","-3.58363166524389","0.122256370532212","1.04903165161561","5.09258822273221","3.42020944314656","-1.73169645007189","-0.462808181938429","3.47853208956614","-1.45591835428833","-0.921678724424676","-4.50823988471241","-3.71057779304654","-7.11843204532095","-2.03595108046626","1.27209722316607","5.16014714178748","1.09461909722587","-3.10548082161613","5.89337549358513","-2.72768088394675","3.73302684562371","0.993158186669914","3.50761209525908","1.5240666512041","-5.96544487919055","-1.27653246223432","4.31460914521555","-0.198594961896726","6.69655950018273","3.22263698023296","-0.790386433242673","-6.68083891766055","-4.56352556905159","-8.78933030647347","-3.99065047645734","-0.267862469797079","-4.91877274278166","2.54586784164091","0.0683164354276927","-2.88680415287295","0.950031268586258","3.73209622936192","-6.63219231000666","-9.36492483885084","-0.844581829650796","3.53937407814751","-5.40495754311182","-1.01668287083604","5.34115456712377","-4.913480082025","-2.11343603923032","1.27851260167628","-8.28308223062119","1.54293379469352","-0.340263551054379","-2.3847686313429","3.54352402058768","-4.92412377272974","3.09357148252809","2.94295229216572","0.874358681532655","-0.619207133667433","-7.53357270586325","4.7943123695824","0.237554157382105","0.783868311453567","-2.82805353812966","-1.44113915156121","6.39446697856424","-1.88859270757373","-9.44510905166392","0.926341156261128"
"Random_Index28_16_0077","-3.2262943163908","2.07210595214055","5.67398591597574","3.06158525368271","4.80461649910911","2.27818402876813","5.51452368291495","-13.2471942313146","-2.65989910421236","-0.305019612300272","-3.75868126803578","-1.40495063177824","-0.582299385391001","6.91409288293342","-1.49232755807681","3.01746096695595","6.52640842298528","-4.77058230719208","0.169180096645291","0.835366389705724","-4.51863547105455","6.7847936733037","-1.95339211461583","-0.102051644129218","2.39404711286461","1.18936581451318","0.391426824711672","-3.77745710206211","-0.687794173101135","-1.10878950353718","-3.73389341053145","-3.22997472020627","-4.11724202774403","-3.19474511998956","3.37356187777473","1.61298068876739","-4.2419078533049","-2.90778130806527","7.07624997081411","0.176366896691428","3.19208564072502","1.41962359448933","-1.29563989247786","-3.63703202298851","-0.0416781139291595","1.12605626149559","5.03311812876604","3.44134464691191","-1.7474981474376","-0.573444871289583","3.43719829259184","-1.37369428542934","-0.721087789703084","-4.59047287085864","-3.59611746234861","-7.21275462634138","-2.14255519952054","1.34005317668324","5.16668178552095","1.13441804742809","-3.14747249279507","5.886280202109","-2.7849891520018","3.63531670026072","1.08770312987393","3.66247038856441","1.66314461643817","-5.96348994129381","-1.18271127864688","4.24892261178187","-0.125951741111018","6.70342297745405","3.09111745782583","-0.869620313183835","-6.82026205732367","-4.58266785015634","-9.04442772951167","-4.10303914450019","-0.215136610788632","-5.15877222326616","2.42856968078307","0.191024147795514","-2.89143897494859","0.956217469654945","3.65847193976286","-6.66775214675509","-9.32926656590904","-0.807285546972356","3.52886903299805","-5.53673476445125","-1.16898278134505","5.42385505450256","-4.9977654423877","-2.23460722395349","1.29708474977278","-8.38221735191417","1.58279369948937","-0.267800002772529","-2.29729625243797","3.64833052214383","-4.87607781977654","3.1354481314065","2.81641786127032","0.933804412988004","-0.536407418584611","-7.7703194380652","4.82034131639475","0.38098213620993","0.709670884810037","-2.77338416439059","-1.66810148011867","6.44744040132078","-2.01812168965032","-9.65730241616269","1.05991421619437"
"Random_Index28_16_0078","-3.13168162895558","2.09995524685978","5.76633794125071","3.16357823529788","4.8171418019228","2.19814143003666","5.41270545517033","-13.2603564046357","-2.70681905758075","-0.384350041821258","-3.83875041762074","-1.39782277436168","-0.696339411714739","6.91316400765637","-1.54934704571922","3.06841909933602","6.50610562726901","-4.767533581879","0.111474714050914","0.94349014182111","-4.38685239081558","6.85245030267805","-1.99179137781403","-0.0382097791015689","2.45119750936636","1.12976731365838","0.358722189174024","-3.84058967754727","-0.651496907010895","-1.12003956106115","-3.79409500641345","-3.30683437828189","-4.20266750264661","-3.13475966158802","3.38881935481868","1.57387907389592","-4.2267180290819","-2.95051991474191","7.1018668155261","0.206359217351804","3.33023402288653","1.34323273995713","-1.3245466192048","-3.62529438503526","0.091905936888845","1.13050864726023","5.0880675693886","3.39657628641564","-1.82402500369322","-0.503919594232669","3.41760359214797","-1.45574848367328","-0.835550986249841","-4.49154612465643","-3.69487306039212","-7.18865031284798","-2.02855864120862","1.40114220634408","5.13836431075112","1.109969451797","-3.19128756502801","5.86868412862848","-2.78647725892349","3.6386358924069","1.06299640590003","3.63438707483584","1.57458903516172","-5.97924401429762","-1.14725838528352","4.38248395933818","-0.15060246681421","6.74695640397886","3.12198723902256","-0.860455618889182","-6.75574108308184","-4.62461852758205","-8.88210206690366","-4.09148282648308","-0.24979829064078","-5.03957870161162","2.50886088180541","0.184003884810978","-2.972729330328","0.963837498156911","3.79250574217218","-6.66930436020937","-9.32314195504496","-0.847912880509852","3.5020060896022","-5.45789444968146","-1.07785726916677","5.46896741112144","-4.99594713475052","-2.14577213407391","1.35991969807152","-8.42660085957474","1.58551829511816","-0.309468737673709","-2.35403741480829","3.6893919733862","-4.93497424224038","3.19558263705772","2.90165994780883","0.872356873488657","-0.587870209621601","-7.62381659517524","4.7526740325288","0.310511833605958","0.701393619596277","-2.82357575364293","-1.58752313100996","6.40306388104459","-2.03017338427496","-9.531224903596","1.02365037063623"
"Random_Index28_16_0079","-3.19279114727669","2.11859710337399","5.68035587657361","3.12971526163228","4.81583075016762","2.21010859387819","5.47874753083275","-13.1407790044117","-2.65220073637577","-0.377775790937754","-3.81169393757033","-1.44044604157987","-0.636874602327064","6.83316648990007","-1.53235861772352","3.00492625909068","6.45972925640153","-4.74849295315398","0.0947482494418217","0.818078642328392","-4.46540362254121","6.7789894498383","-2.06753941138989","-0.0614866414214708","2.50164446224","1.10425903914603","0.344694304371086","-3.84630123697207","-0.650763404300374","-1.13394319368052","-3.77625473531857","-3.29765808116654","-4.24923039342995","-3.08178045431978","3.28637726250671","1.57762847021221","-4.15730768092173","-2.87871150793755","7.01642141059614","0.154978372255207","3.28465041985588","1.26930645513773","-1.32454170175408","-3.61668925951106","0.0578673005856626","1.10522210758986","5.1083643133409","3.44153398325806","-1.71971705406664","-0.513167907008652","3.44839788735808","-1.44869874968412","-0.831482342525862","-4.5436774084561","-3.64843610713987","-7.11362151486459","-2.06381613796724","1.28389385746582","5.19859288558455","1.16675789050812","-3.1385627269024","5.93039084434503","-2.78626194395478","3.68105036669206","0.998778532520348","3.5726768705146","1.58068276654554","-5.97287824510803","-1.23159748929322","4.28494059739055","-0.157965686338163","6.68469952916497","3.18683392904578","-0.766815141268517","-6.7208655723985","-4.57828650539702","-8.91435489979131","-4.02777749852198","-0.240268869160532","-5.01489080617371","2.48664542944459","0.109759721533678","-2.94319694510442","0.953789710220956","3.67831825622051","-6.6293215941634","-9.37715784507509","-0.786183717232546","3.55191627550862","-5.47188000067982","-1.06622779073444","5.36895123733294","-4.94828052795302","-2.19337128966711","1.28734132139346","-8.40572918490191","1.54421444982931","-0.283104541668957","-2.36649825459385","3.57504703774844","-4.89963284712113","3.08227841142497","2.88493935637261","0.882788743396842","-0.58424303023431","-7.60889099956018","4.82101322854785","0.250668588059621","0.790638872026607","-2.80829245456379","-1.55267853970494","6.41860862686904","-1.91931719559187","-9.56671451034582","0.895632628329489"
"Random_Index28_16_0080","-3.12376295597869","2.10374432279572","5.65853965602385","3.14184235487196","4.76697565624508","2.20728785331022","5.40238766229737","-13.1849613886485","-2.56114876497835","-0.371895567030346","-3.77510491828529","-1.43613995609546","-0.640233792853462","6.82074418634622","-1.50267731583514","3.00787988140294","6.39055742570994","-4.68952710027244","0.085143085614126","0.786136256747881","-4.35638839212245","6.84532618903219","-2.03440798695985","-0.0539983969635239","2.43228018733616","1.12651990511305","0.359160954854344","-3.81393929440198","-0.675155292603701","-1.13243149082919","-3.81901922450547","-3.28849061929441","-4.21387447375598","-3.09160081505795","3.25151887342574","1.65979824104343","-4.25153881091546","-2.94447912368142","7.0424462143775","0.255682158245192","3.26135285005195","1.30870639046949","-1.31181257499554","-3.48574074937662","0.0262629955181654","1.04865026403107","5.05945941388498","3.37687697548091","-1.67069460469909","-0.556695077237771","3.43562816100891","-1.45373728449126","-0.831558318548242","-4.52034673997481","-3.68702823699514","-7.15206358481529","-2.05512303076102","1.25816406305472","5.14160271709779","1.1126518060812","-3.07583729971697","5.86628285858012","-2.7950220559887","3.64661661032276","1.07602994819179","3.47450207222885","1.52270274311866","-5.90384328311588","-1.24339060468403","4.28931806193835","-0.230660909764257","6.67762570469636","3.13417711763219","-0.731722924302619","-6.74015957049718","-4.52379937786457","-8.83994875872483","-4.01676337720719","-0.258406163118864","-4.9935270501911","2.46165638541225","0.15695464907439","-2.95212638098877","0.93529570236812","3.73307447919037","-6.62513052352771","-9.37830943879163","-0.829467483210411","3.51549400220984","-5.47331600452178","-1.06900974296807","5.34606355628457","-5.01286749108287","-2.16241876168877","1.26291212513128","-8.38297445587462","1.48414837567037","-0.27998421166791","-2.39432350205147","3.58593841434709","-4.82554220596998","3.02935418579929","2.90494404267061","0.963351997691603","-0.581669376120424","-7.5686722531133","4.72415531463686","0.314071274750466","0.73701168520805","-2.79473801564975","-1.62349555255859","6.31977398804672","-1.91913475273582","-9.45262682396591","0.965043083766644"
"Random_Index28_16_0081","-3.10923933267358","2.03987853908818","5.60696609237141","3.09101672325593","4.78200030727432","2.21842723461665","5.41954556534673","-13.222046342565","-2.61701224742006","-0.346183596991472","-3.78493269360512","-1.40828011401905","-0.625374730909956","6.79476352316373","-1.49820864461032","3.05392190546545","6.48047389752766","-4.73964356420175","0.132658998665428","0.862559437204329","-4.49711383961457","6.7250125337819","-2.04259070308093","-0.12241187555836","2.48695994886068","1.16044896003922","0.365885418872684","-3.7656710256647","-0.633101793099391","-1.08784985877837","-3.7950179177465","-3.22388221051394","-4.21718234035526","-3.17867911426027","3.36148797883282","1.67912231782773","-4.26504585894699","-2.87467678191005","6.99861496678938","0.197284184327971","3.27733496593991","1.32769457309828","-1.2786455037544","-3.59916563095984","0.0602951222171111","1.10125802364138","4.94433621956792","3.35177831703765","-1.70216418545821","-0.527165976660015","3.36552327488575","-1.38700128728129","-0.824518425980971","-4.47171824623766","-3.6807223504662","-7.19412654168677","-2.04251877866469","1.35261437587737","5.09067981726594","1.05029716089986","-3.08740396520519","5.83849998200015","-2.72888359156728","3.61317881615463","1.01872559219902","3.6180608527044","1.59363163888378","-6.06384565544198","-1.23530318019597","4.25403475750599","-0.185169011274407","6.63531896884918","3.11941365985447","-0.776467543884867","-6.68248457086315","-4.56309717999982","-8.90525865300172","-4.06541364912634","-0.237062524676548","-5.01164090886209","2.46606224372687","0.132800657128448","-2.91586973345981","0.954084271509391","3.63576221332494","-6.62337435425903","-9.30005334404703","-0.775615203050693","3.45881822021268","-5.56323423723659","-1.11369450785554","5.38955543075435","-5.04363818301275","-2.1961944901944","1.29085553999039","-8.48313984453005","1.48718354348541","-0.273302545943646","-2.35874244806401","3.65339154846775","-4.87929393661984","3.16414403865586","2.83881135837382","0.922059272882726","-0.555175279443927","-7.68284564859964","4.72017005121043","0.274417262737777","0.631665309638726","-2.81856950099562","-1.63858899109107","6.30796916713815","-1.92162883494602","-9.48190425617852","0.957439562358366"
"Random_Index28_16_0082","-3.16820420493792","2.17071124281338","5.7456537287257","3.21300769104183","4.79728650308941","2.20563928699885","5.3993030058149","-13.1903286900258","-2.67341587076537","-0.396715217822525","-3.80456144304181","-1.45769590722704","-0.648498884904939","6.81448611921205","-1.53974720425751","3.1325310708853","6.45237658052367","-4.74664197813202","0.0640388046763081","0.799599756106777","-4.45480993134163","6.8315852075472","-2.05401417260977","-0.0585178858582102","2.52144326464717","1.06637455122129","0.26601375041093","-3.76449958960868","-0.711558614631003","-1.14206237078371","-3.75797025122072","-3.30856928857399","-4.30747276336349","-3.06013301171761","3.22522793272999","1.62622173889442","-4.09571610761718","-2.93123363423935","7.06255313059212","0.201261639129951","3.36196262497365","1.31877276782125","-1.36158597857996","-3.57101085320833","0.0514703461196761","1.05384240953956","5.14607222871817","3.47273336991799","-1.69212088280951","-0.46388537784269","3.46249475136349","-1.45055031881971","-0.907409683241629","-4.51383276013046","-3.77417860723187","-7.11368031287594","-2.07330834148956","1.27183446006663","5.1999893686171","1.08788838041328","-3.01109232701824","5.9030960785266","-2.6881360077288","3.68676525238502","1.03622095983726","3.49951600197804","1.5464361423841","-5.98494033258902","-1.26196421348873","4.35034067856554","-0.224342596617717","6.68596082265284","3.18613659303143","-0.76084275515197","-6.70502865643701","-4.53946935770198","-8.86365316699959","-3.95490694750786","-0.250344316406863","-5.02878484745271","2.56527359728916","0.150555896257844","-2.819799728762","0.948031066662236","3.73995864796468","-6.58472153104441","-9.38941904042592","-0.807148764640217","3.58561874011415","-5.42512162151414","-1.04136752595473","5.38485786926026","-4.98425945007812","-2.15491204313085","1.28764410528364","-8.4724308553248","1.50820917479141","-0.268736726757353","-2.45249373308638","3.53475904092732","-4.94395101627059","3.07718136815915","2.98896977077569","0.953009348601295","-0.6158727439722","-7.54623718072679","4.81842599330922","0.270878688962948","0.766035591319905","-2.82720925316811","-1.53092797459203","6.4049743695435","-1.85709091851607","-9.52813440247329","0.95729871291715"
"Random_Index28_16_0083","-3.20081236455284","2.07999430118918","5.64129887405684","3.09833024145284","4.77234600152242","2.17375103476262","5.45969278456571","-13.1224227436024","-2.67103834503886","-0.445741883160698","-3.82213792547319","-1.48297176646092","-0.651269936230309","6.75952432381083","-1.58922405125384","2.8982017115644","6.46230945884205","-4.6895819167784","0.0401212980436739","0.736614721498097","-4.4892371931353","6.74114730575443","-2.13456053017556","-0.147148724542049","2.47830919443111","1.10880278793074","0.286971018291166","-3.85297852152526","-0.712979101013048","-1.16778531447929","-3.72686997494029","-3.27868963455727","-4.23354819728216","-3.06636417400112","3.34541623374938","1.50455676542345","-4.05861453808661","-2.78874822267636","7.01938840901033","0.133793588244269","3.21021962571419","1.18605579921522","-1.27908850556659","-3.61511442650757","0.00317164641833625","1.1225197082251","5.04677574481388","3.4532913709261","-1.75232287461481","-0.4877686703293","3.38042120666331","-1.52156035595463","-0.874336319059719","-4.55761402077657","-3.66247049947745","-7.10456978002571","-2.16796675298626","1.32986704068367","5.14962407398268","1.11505954841976","-3.09839140709362","5.91759657078631","-2.72753046869546","3.67449036104262","0.982137284201084","3.65172697187119","1.57581109049116","-6.02633118209934","-1.27002819135465","4.26183876879132","-0.175355931882954","6.69940980247328","3.25208229254341","-0.797692796276895","-6.61706559623615","-4.6236622195896","-8.95038861836325","-3.96458732649233","-0.191328559054632","-4.97792941494721","2.51084297980348","0.077263612483355","-2.90262260000805","0.885964684247398","3.68276602065085","-6.61064325252267","-9.39300571464482","-0.875087042311534","3.56635447514361","-5.41854655194891","-1.06252366040976","5.30473616307795","-4.92752083419064","-2.14840751407965","1.26682359439743","-8.40102447050124","1.49041942291805","-0.295040954087502","-2.40773573978749","3.59345649922819","-4.90367445441524","3.11342251852967","2.8837129334713","0.840684564264189","-0.563004041998005","-7.63026516074586","4.84278308810691","0.203807080770351","0.823652212133421","-2.87591518870736","-1.5748449987624","6.42406306599786","-1.88891709928606","-9.55039220079435","0.880775981031749"
"Random_Index28_16_0084","-3.21516800107545","2.13620911778475","5.72666543597969","3.18625535067345","4.826135265235","2.22102082982663","5.49821780939026","-13.1164650804929","-2.63978052832284","-0.409369745992647","-3.84960874383382","-1.50462440657541","-0.714773694750696","6.78036806822221","-1.59067376404658","2.94620926743589","6.42794980491397","-4.75703786564196","0.0441387716832067","0.745322162909949","-4.4621463249779","6.76109757587826","-2.14213764977288","-0.12674089849306","2.55389567742319","1.0160058698698","0.243264119718709","-3.87342847327439","-0.679389318376654","-1.20419709705232","-3.73223778977381","-3.34930215426641","-4.3365196149177","-3.08312609931597","3.35673289590729","1.53810896857738","-4.03577067307484","-2.74040954557417","6.95265711024499","0.0635708720712056","3.32037631495901","1.18035854088126","-1.37022783216759","-3.64127365277417","0.0886074773344318","1.16057301365724","5.12003441760944","3.4816915153449","-1.757631820769","-0.382177740122589","3.46136771215115","-1.47570216647112","-0.922541849008048","-4.61684640456141","-3.75946570452495","-7.10645100562276","-2.08422635925479","1.36672172632343","5.21336576764304","1.17820250562061","-3.01180701389143","6.01435036645438","-2.74595177397693","3.71820515363699","0.934404098048677","3.62964430066074","1.44084980518605","-5.96369291756166","-1.21729990556653","4.29571699179561","-0.193719840450882","6.64874518315023","3.26032450393213","-0.829629974900389","-6.64386224816722","-4.57692983575144","-8.89539789264593","-3.96728385436178","-0.248818264292177","-4.91489031010087","2.59847823535288","0.0851915210841247","-2.87882601708499","0.917119114255791","3.75523882879029","-6.59253097307297","-9.37960139444454","-0.958805207655312","3.5934543764084","-5.51375612950952","-0.941779216597502","5.28239645673828","-4.88342458833042","-2.19659273242247","1.20285000004386","-8.39817910003711","1.48636461076282","-0.268229619266051","-2.43484216286381","3.60044180635602","-4.90711582954414","3.14487444139151","2.9455473775181","0.853448678417763","-0.632946335467413","-7.66067287780603","4.85212978749428","0.242457363426715","0.820890156839555","-2.89742794478489","-1.46168047110687","6.48067809983131","-1.8645442813997","-9.56435147083875","0.960252462993002"
"Random_Index28_16_0085","-3.1025700024251","1.95191328149638","5.56801480998848","2.96573222531189","4.57697585384832","2.3103305093919","5.45218502590541","-13.1939239229417","-2.62394513877115","-0.256129543592429","-3.64815481035191","-1.32477595183151","-0.4703415265317","6.72753233925414","-1.39400447236713","3.01031425628392","6.47757562193803","-4.70779123379504","0.25114103798288","0.840413522453572","-4.55371290060406","6.64250436048675","-1.92759870089721","-0.181179131394937","2.34096787277588","1.22363415735267","0.319292038047437","-3.68790276962157","-0.666914272008783","-0.994768621802432","-3.69486462451746","-3.13698442730401","-4.15099361233322","-3.25874735722548","3.34873535843654","1.67840186204532","-4.30005843708725","-2.91964885693006","6.98436199098066","0.268116621332094","3.14159277745181","1.43358861143859","-1.20338826711538","-3.51981581953885","0.00594817792572594","1.08194912686464","4.91927224165286","3.23769943027887","-1.69524469640299","-0.648794539649568","3.32494275583202","-1.28692420937923","-0.670826392450308","-4.48944730525636","-3.6167416624044","-7.21464603184045","-2.08552781868425","1.3442359425335","4.96988811959461","1.00850680386887","-3.08667204976338","5.73794716570989","-2.74664832509391","3.53316805960378","1.14948547536714","3.60047105900606","1.69294625012055","-5.89157056195837","-1.14163475675347","4.18175459094549","-0.143221499712378","6.60347852210862","3.08426974462315","-0.773367564348795","-6.78398194151512","-4.58864582026525","-8.93037143834521","-4.13811840081965","-0.190277473950885","-5.10316182916659","2.3711676206659","0.268973828536131","-2.87133182524397","0.914110873793613","3.60815217453366","-6.60836747691442","-9.24377252353587","-0.735312482025551","3.40103103918588","-5.57192840645407","-1.17783739474593","5.37661553915288","-5.06872068447162","-2.1732286129191","1.22558701176599","-8.48988001956548","1.47746994500534","-0.186941146462697","-2.3331778984681","3.6567212230704","-4.76870445982232","3.14746205509557","2.73266132471667","1.0116262933441","-0.565743221225468","-7.70740374030167","4.63575548169717","0.390143872281548","0.635624458747039","-2.7732045748147","-1.67435978777523","6.22121379634079","-1.98287786577552","-9.52984350642607","1.04353588344785"
"Random_Index28_16_0086","-3.16229450262249","2.05814113564707","5.61267240251306","3.12886688914777","4.73175934873637","2.20831024343854","5.38412443113905","-13.1576521608547","-2.74709963854625","-0.304442740913101","-3.77312489399145","-1.37726428493228","-0.560225459454902","6.85223664055058","-1.46187872229361","3.12397339635738","6.37436054927986","-4.73116652128846","0.15655591914546","1.00450164262406","-4.50519358643415","6.8049240507232","-2.00058492232204","-0.010088194001985","2.38668432114358","1.11087381781241","0.399674353293778","-3.76961067882851","-0.751763130488904","-1.10338302072181","-3.81305827498934","-3.21994311932572","-4.25792623596478","-3.15519389238002","3.35113750414388","1.66712595367995","-4.23448687083976","-2.96707866976065","6.98794489068565","0.211789052694585","3.18675217969048","1.36610314232972","-1.29324741941218","-3.53172234035641","0.0257547597413989","0.998606989777585","4.99275762727083","3.34666887293876","-1.73644228565979","-0.609102836550385","3.4053960473979","-1.41518631124725","-0.862159483931706","-4.57645407423169","-3.67462811458372","-7.17982188847949","-2.07627783039322","1.35836572349636","5.10173917575689","1.18458754733087","-3.14086194429893","5.87849452490008","-2.78728363024834","3.58004324333077","1.14095486050118","3.55819158874495","1.59423741738362","-5.92893643498482","-1.05843344035384","4.30218996361952","-0.118395920254859","6.6705085941712","3.07958433081102","-0.749152222724763","-6.74672777525203","-4.52107062559542","-8.90666941006847","-4.12658439664367","-0.231632569661119","-5.07373070330971","2.40542902447289","0.188708722593269","-2.91171874562088","0.971811044031983","3.65433709073815","-6.73753735165889","-9.37299007232377","-0.837701510565759","3.45360456695723","-5.46858804470157","-1.1196134350263","5.41808102421029","-5.05068335545568","-2.15546486403904","1.3792985722008","-8.51834521197256","1.53473073914808","-0.237192869458073","-2.36270347689454","3.67107922517604","-4.87472796127379","3.17420685653191","2.85598651127092","0.97119903274826","-0.615358961299371","-7.68960083725661","4.68239791530754","0.408189708160473","0.716611473521579","-2.82466132445526","-1.63749945274569","6.25907414313826","-2.00385130948802","-9.50144917687799","0.964907532643356"
"Random_Index28_16_0087","-3.25724416100466","2.13490130924356","5.64690020333367","3.13767671143937","4.57312285207425","2.30761537256951","5.60998252494594","-13.3357246237062","-2.51234028299588","-0.464630092969566","-3.80832840203556","-1.4575815196482","-0.715690091054443","6.74647308733509","-1.50536534768882","2.92691266385139","6.56316957299939","-4.72295647357812","0.167325610036126","0.791633618307856","-4.38578249003818","6.75196238508045","-2.08227132131482","-0.203325285955718","2.49766424680575","1.09279554511515","0.219042467166438","-3.87116022498104","-0.767442168736165","-1.14774183479515","-3.63121239063554","-3.21848490111397","-4.17924321784044","-3.1919790535892","3.43741391394672","1.47272311108045","-4.14678504470218","-2.70143745137259","7.04844530618036","0.183411472051998","3.3769076787264","1.26240054883975","-1.28906667714441","-3.4775374578227","0.0376919872861593","1.17293176237579","4.95150318830919","3.45528762349761","-1.71980560202567","-0.493034375106735","3.30323869048659","-1.5216191964831","-0.772070908493206","-4.61982039250878","-3.74286809333329","-7.22319871031185","-2.31706963233554","1.38567748987063","5.23318672070832","1.15686396421693","-3.0909688762779","5.94677269910903","-2.73698304694829","3.65717589373912","1.0531891433815","3.68809046881331","1.5526737960876","-5.92017308383823","-1.21376822750683","4.26877973522005","-0.199022092421484","6.67241940585116","3.1854411038511","-0.75627394433603","-6.62019257516862","-4.51738262696615","-8.91560132393007","-3.99815487442789","-0.00632924788442074","-5.00866421025908","2.52841773856396","0.141405485667855","-2.89961667933465","0.781953395217029","3.70999681170271","-6.71514273705563","-9.38305036762843","-0.777704084387024","3.51447743083739","-5.38275507216818","-1.06074155231149","5.37236935072723","-4.90817036517937","-2.37693811894421","1.13530623540329","-8.28936498813293","1.36547954270812","-0.124445792224512","-2.38108111954581","3.61633490951969","-4.88201656249925","3.15467463903874","2.86839484631987","0.912111045005884","-0.507896763822398","-7.68613607675254","4.85040587920188","0.275850107383073","0.844840613742651","-2.83286587911892","-1.57422773294736","6.48964986651018","-1.87827752229912","-9.65009584678526","1.09808598149611"
"Random_Index28_16_0088","-3.17406250360651","2.13402200067718","5.67626635578491","3.27459877170851","4.82978304665847","2.14180769909342","5.31487486574257","-13.0875447177385","-2.81034323762433","-0.380313582382709","-3.77670323350421","-1.42593189347977","-0.730020392229335","6.91680607190764","-1.53652588763287","3.06839469063182","6.46461484754331","-4.67015057347123","0.0770963058967135","0.887425267723408","-4.47191236071493","6.85957584502205","-2.0491572794368","0.00754250379934546","2.49748374567241","1.10533011162508","0.344200717333017","-3.80056780966736","-0.64350545881609","-1.14666739252761","-3.88105323162209","-3.33608142524048","-4.26573378748293","-3.03928268214099","3.33809833141669","1.56285075760002","-4.21951583918746","-3.02217079701751","7.11397256888965","0.175300683142864","3.30601640564301","1.30205379530075","-1.32354768441444","-3.62734129109069","0.0653414058837572","1.01473772336067","5.14851216121925","3.36554975322083","-1.69351727905555","-0.467214182541826","3.51222981644836","-1.50378075038821","-0.8647451493217","-4.52614859556562","-3.71118999016402","-7.20715360309562","-2.07900716513901","1.33473750995049","5.17114961062651","0.98449254369002","-3.15271602271459","5.85974285964263","-2.74233876153465","3.71168019019919","1.06409812275388","3.56131271358508","1.5463395632807","-6.03081666449025","-1.21503844230872","4.38377217011889","-0.230714848891485","6.72910939109042","3.13228288968371","-0.853158958462535","-6.8078969966941","-4.61413996225521","-8.80219361793996","-4.09200104856171","-0.371658837582433","-5.0106584414218","2.62174950022431","0.1667420800179","-2.90058792956262","1.04746295052877","3.81946572225865","-6.6494997859909","-9.3817816285282","-0.858150459062384","3.48982209713189","-5.49007549102896","-1.01097727295197","5.37584433877095","-5.01170133715411","-2.11110223957674","1.36843678218442","-8.38073357445999","1.59477900959944","-0.375401654802586","-2.36666692021915","3.6706162214652","-4.89458237325408","3.21564656010385","3.03686064512508","0.864955148967876","-0.651868070136151","-7.59277506274106","4.75578733236443","0.264173639570895","0.751943669050914","-2.82831878152795","-1.54362365498419","6.41695748491934","-2.02557095909387","-9.38689136034957","0.961990231071013"
"Random_Index28_16_0089","-3.12812148785549","2.17253866070715","5.7678276855174","3.14732177931841","4.94809361551378","2.13523590062665","5.45088885876528","-13.0019168968744","-2.72529549462094","-0.329967654610167","-3.8674729818897","-1.40031731817007","-0.697465452486668","6.86387632730362","-1.56395327104591","3.16048015590767","6.33619591079845","-4.78638015462653","0.0808152736488413","0.897816076265392","-4.28413073824928","6.8396830770233","-2.11375520752301","0.103974399922313","2.5432714378878","1.07811301138914","0.458626605550218","-3.89818585117243","-0.553417629268738","-1.14992414865608","-3.94581090626683","-3.41367827974699","-4.25789767171847","-3.01550222394015","3.07553252580848","1.59536288478441","-4.19542963606467","-2.94857458994543","7.03660961075694","0.0912017208011999","3.37063363012979","1.28998153411798","-1.45815509706443","-3.58823382430751","0.0661995546409393","0.986034466822396","5.12376201868457","3.31540140219662","-1.71657556622711","-0.475612309345524","3.64271274061944","-1.39040448628634","-0.888259717643806","-4.53392441940242","-3.67447664723908","-7.12609001140129","-1.9777975068287","1.18098982470859","5.16457543882697","1.01889061226936","-3.12055312903071","6.00680023831265","-2.84754066805801","3.77080928319899","1.0885824948242","3.39891966016168","1.58159030854138","-5.96961910061186","-1.16870582326801","4.42822609499755","-0.112621687765176","6.66951136023432","3.157136238961","-0.811080487121058","-6.76791618787151","-4.60304923840881","-8.94185092106699","-3.95139176398699","-0.302920072963162","-5.00447509609099","2.45325258260975","0.104597237318816","-3.04023580360807","0.960719581776395","3.73489879493711","-6.68744941473041","-9.28587406949709","-0.822845319648386","3.60467096204101","-5.5382450127743","-1.14199087389323","5.45705531103997","-4.95933993192749","-2.13776655162066","1.41253748557095","-8.50864681303085","1.6804963836192","-0.360311987348046","-2.24340208249794","3.44685138416592","-4.98266038852152","2.94767750391506","2.92433157337788","0.826702013088144","-0.700528599783469","-7.54037852359407","4.74302005530378","0.226508540144615","0.887382508542982","-2.79282175081396","-1.49798916907479","6.35349285196872","-1.80810654840004","-9.52302883420658","0.884730405334706"
"Random_Index28_16_0090","-3.21112138978337","2.09906492910535","5.63113523090392","3.11281868351255","4.78255076335558","2.24801086662731","5.50519347853961","-13.1588995618964","-2.61456456881544","-0.336740274598907","-3.74446799047383","-1.35651862239784","-0.628021410970628","6.79870058421827","-1.47089361803271","2.99385028812176","6.41931756736209","-4.72330964397101","0.161413100429768","0.775642242849063","-4.47327767491818","6.72039394084334","-2.01770663603948","-0.0793585356266563","2.43752891696027","1.13955668071774","0.318393333963998","-3.76470589265963","-0.727912615655731","-1.11764831262362","-3.70269843341684","-3.24441131300545","-4.24740820794436","-3.13043607086325","3.27192065130761","1.58650545057309","-4.15570946083394","-2.91428693329875","6.97367885148615","0.223396343150584","3.2549412962518","1.34854923954147","-1.25640406524526","-3.5868422478271","-0.0521883383628638","1.10223436944643","5.05001795154292","3.39445288596098","-1.72559306778577","-0.567555295295037","3.38923981722813","-1.40633800406417","-0.77465023768091","-4.63608400229057","-3.70821744808949","-7.0543520729388","-2.15508853676352","1.30745448930914","5.12469100165027","1.11638665042686","-3.05291556027139","5.87878526932632","-2.66383621841277","3.60930405943199","1.05394800284754","3.5268199592364","1.62518786904885","-5.95398824025148","-1.17653065098092","4.2284190668778","-0.188676048789746","6.64634980830878","3.16240808271863","-0.7510010812736","-6.68754535543428","-4.51080932515323","-8.95192159913988","-3.99651809342978","-0.223839955391806","-5.06166691468585","2.4605993660547","0.173957518198093","-2.8380158054111","0.887852958711298","3.60712001754179","-6.55618716888633","-9.28869780042008","-0.782476893830834","3.46625839895244","-5.52355779702295","-1.09154818737447","5.32017278317555","-4.9593874053644","-2.20744058432625","1.23485840765727","-8.41976342634792","1.50384060135696","-0.219019848022596","-2.40817198158614","3.5645814230076","-4.89953423919784","3.00536600914051","2.86388946933058","0.949654576422939","-0.547930877600574","-7.66862737398946","4.76491436676246","0.334792821045979","0.736131195596137","-2.81704380680929","-1.57840522725964","6.36843037046799","-1.83703313319667","-9.55731773008027","0.939720650984124"
"Random_Index28_16_0091","-3.21745912404728","2.08818536502739","5.57697119965193","3.10498345805304","4.75502031016644","2.20250373998208","5.33003051464292","-12.9753197545928","-2.6536566133497","-0.328261885855946","-3.74930852315169","-1.41538968753156","-0.731488541509673","6.85532799073414","-1.50116025189561","3.02682211439254","6.4938003854326","-4.63400901839768","0.127869298146173","0.860809530861107","-4.54602016446633","6.80710971153915","-2.01223062535184","-0.0279477029305429","2.31578220778712","1.10560747330962","0.362839727366933","-3.76758141478878","-0.73119545451053","-1.05523591411036","-3.73321685603234","-3.19564232366886","-4.10092632335039","-3.14642013101519","3.36473812198576","1.49438676500003","-4.18843343007723","-2.97463166527505","7.06222316568418","0.227719145983574","3.29039405301562","1.33895581864764","-1.13682087583345","-3.56241401654292","0.0561129435047994","1.10027881704857","5.02428189804439","3.35118800003299","-1.65692964285625","-0.582964260106962","3.43132793841645","-1.44998526961733","-0.787913323605115","-4.57636398169441","-3.64796365718574","-7.14961544508433","-2.06656080039259","1.32217131415629","5.13411219458203","1.01998346178519","-3.085955686902","5.86055090133888","-2.7724223183167","3.66927065733282","1.06391746461943","3.64275093063602","1.5161056414776","-5.94228013378229","-1.06863707835377","4.32894616318033","-0.151736979428308","6.72495116747689","3.11098461783684","-0.815205772126252","-6.81201068240133","-4.61807973011554","-8.93963594774215","-4.06052758807259","-0.328722320202399","-5.10264053723616","2.50326147659607","0.180034890018409","-2.88946295911529","0.958682016343132","3.74455695165978","-6.54306415424358","-9.19225633631369","-0.788725488844158","3.47724029874888","-5.41591824057094","-1.12546365328064","5.37496488925735","-4.96558049704065","-2.16168985593225","1.2217665993838","-8.45815607896352","1.55068014548468","-0.263032901988279","-2.37387681949755","3.67825016907138","-4.80639808787045","3.15124395568519","2.91711861738825","0.907266473357983","-0.523848736930889","-7.65071260099257","4.72882116223139","0.334910140101777","0.633619829781642","-2.79396873319137","-1.56689324169454","6.36419956069509","-2.11676326623893","-9.47055887640934","0.973863621658421"
"Random_Index28_16_0092","-3.0537199516726","2.09895719780938","5.71905646988506","3.15978869611567","4.86793102471444","2.14297112242844","5.40587355243829","-13.0408235338371","-2.78331518289632","-0.324220601700067","-3.76293088138387","-1.40199971908523","-0.640260406058533","6.89286644434494","-1.50144080671473","3.08348115343421","6.45708920259826","-4.69680926239496","0.0991358341695022","0.931620630664648","-4.39211719478008","6.80097049710956","-2.04292215433964","0.0922566224703218","2.47609259804246","1.2162782654622","0.484117233943286","-3.80066225681368","-0.498236761784065","-1.09801846187199","-3.86926787779321","-3.20629789063273","-4.12931230022855","-3.12696139560059","3.22619018284959","1.65137911435059","-4.2384179582665","-2.93116422378827","7.11251358889284","0.206210262332472","3.27323952013534","1.3177830430832","-1.25097514260147","-3.59696363396906","0.103356216150377","1.12812256207664","5.04044093038991","3.4256405338216","-1.79834945416875","-0.540300944682846","3.54775058480928","-1.3801528952358","-0.805183243786941","-4.43281218091771","-3.55499493084655","-7.2167949440871","-1.98041656013931","1.2219544149079","5.17458510825232","1.12105723541755","-3.17685571705553","5.91982408862254","-2.88757182096614","3.66334685223398","1.08903016219438","3.52527110176179","1.64834710305361","-5.95591250157683","-1.10742905282066","4.34149292497443","-0.0459226331210128","6.68841547144993","3.10326473186307","-0.77283691301716","-6.87432798838072","-4.61095067005537","-8.96038814975547","-4.09392656266676","-0.292564570263851","-4.98845044704483","2.41276488637664","0.157138767905318","-3.00342521669986","1.03565563722256","3.72750687159409","-6.71157576583446","-9.20569758492909","-0.794800766335432","3.48093155633569","-5.40924211516284","-1.08807161181407","5.49816848841991","-4.96165722991002","-2.11661124075516","1.42249457472124","-8.29618530772378","1.66010417873268","-0.32789396607265","-2.26052486365094","3.56352825845072","-4.95360329221109","3.0397171410621","2.869693768967","0.886974668476634","-0.567736649794065","-7.60046496281415","4.79281544224592","0.254655671876632","0.745157164877289","-2.71156814502656","-1.5558110900798","6.39350034828614","-1.98166387137644","-9.57698323543686","0.934797830874248"
"Random_Index28_16_0093","-3.21245764814611","2.18923298001106","5.76632171408816","3.25428709047022","4.85687382829715","2.1227902919089","5.28942422504503","-13.1538748915619","-2.83466130452133","-0.36282776502559","-3.74719016941259","-1.39101181196553","-0.69568202528905","6.96139281217097","-1.45091934047873","3.13828928183027","6.57600323121866","-4.71707456831824","0.151864624659121","0.921716549699254","-4.44282101223896","6.93969831026788","-2.04587768168431","0.000197932261828182","2.39559253731253","1.10469539293345","0.401157200696427","-3.77208224553827","-0.555481642666683","-1.09609932591579","-3.8803953650938","-3.20966422594867","-4.19281608079555","-3.05717402170186","3.25187988039005","1.54019683024812","-4.26917469166886","-3.01595374189497","7.16666891228206","0.193546081987915","3.34584067578591","1.37846425071425","-1.1750426495049","-3.61130330032975","0.0557670156681164","0.989861388588737","5.23988802031435","3.44002177827163","-1.80007291844026","-0.533023814535194","3.48904161674844","-1.50798625639883","-0.79243681008107","-4.59380597759644","-3.67760271844742","-7.34149373013238","-2.1271245687858","1.22804954548351","5.2546679051707","1.107740446022","-3.1669014295022","5.96744077181488","-2.89759541423944","3.76757111626015","1.1281877541242","3.55076420124895","1.52025917615832","-6.00664276379865","-1.18351084954237","4.44990346507952","-0.156876050290386","6.82097300806787","3.13894118199857","-0.902439521813614","-6.84173645295661","-4.55131563878168","-8.98753741456281","-4.13926811114503","-0.377800070370788","-4.9437178683957","2.57699869709586","0.164694593516884","-3.05691664866814","0.994300318328957","3.83381966688162","-6.75974887386192","-9.42910546630458","-0.818087030166982","3.55315028434173","-5.47124994052822","-1.07640826383948","5.42676809080045","-4.96092238236459","-2.20490779068349","1.41137602108266","-8.51806453922042","1.64000856109088","-0.308997002955827","-2.35842264686073","3.59934037652178","-4.95541588329015","3.12153844056069","2.95459167209257","0.838348213036125","-0.484157822826986","-7.6918955974533","4.73957074924827","0.262439645072402","0.805491131682159","-2.84981726441168","-1.54365938081525","6.49942159618813","-2.01431998921391","-9.56970542403024","0.938917854713363"
"Random_Index28_16_0094","-3.09626796616781","2.16058616523318","5.72064991933036","3.13653732967093","4.91963283063645","2.09603078275469","5.29840303500449","-12.963135203579","-2.79283023765087","-0.44174530830428","-3.81428704415473","-1.49139751090297","-0.681851932868016","6.8316338324017","-1.53255153170014","2.97349467387547","6.4146627400596","-4.86720977409381","0.0434036041950607","0.901540771962953","-4.37645679002821","6.7666851207438","-2.1393325858768","-0.0179620726129093","2.50628751661588","0.994898636424561","0.366847007441344","-3.82737194350563","-0.603855213957384","-1.12751309519855","-3.82791685118434","-3.36537218216945","-4.20829142478793","-3.0608954502171","3.26890969573622","1.61695028197573","-4.19711092904681","-2.85048458063093","7.00039622069607","0.104899200426191","3.29502346891699","1.2384367309669","-1.36963396657097","-3.66724578569239","0.0567776030730779","1.12869421474595","5.09100692868803","3.41132478260057","-1.79855102043649","-0.446229389662546","3.49167546191246","-1.45665999667442","-0.87857936578155","-4.45303805830422","-3.61549975696236","-7.13866969328141","-1.91709317598887","1.31461176802368","5.1136316466501","0.970382956462176","-3.20104974270996","5.9383040740687","-2.7565533206206","3.67037473109946","0.949383482633332","3.49991743838334","1.50444583494596","-5.96430049937489","-1.0994406307146","4.33224516231116","-0.170153565838981","6.65826994733581","3.21940331598371","-0.901583050402573","-6.76991690580606","-4.60323815119697","-8.85623458671719","-3.9531517798423","-0.321785844957002","-4.99585673263006","2.47091684319261","0.0526917238517481","-2.96562389485193","1.00104747651906","3.70233160906026","-6.61769611592601","-9.28278255516887","-0.911813951142723","3.58096289966906","-5.4754882858847","-1.09335096903142","5.41477189305082","-4.85497010267582","-2.16008138258304","1.34540462309725","-8.41886255638762","1.58709345985835","-0.409672265436229","-2.26477260699079","3.57676036996271","-4.93052624844416","3.05701638150191","2.89643573614873","0.843636860859835","-0.665569673293422","-7.46854930514153","4.77253209268635","0.131090462711987","0.874480796760436","-2.85147952579166","-1.44760512772073","6.39286543703855","-1.89268585114774","-9.39850625106716","0.826373384927344"
"Random_Index28_16_0095","-3.294019282305","2.17865492329374","5.64734513815682","2.92174761203101","4.80215116340008","2.28407742879882","5.39949029040739","-12.9896984372155","-2.65668779369978","-0.241459317033222","-3.68739225742529","-1.40844460982807","-0.79546981836386","6.83036015853149","-1.45894318764386","3.15659470678134","6.21363832013822","-4.79492184375488","0.0341431249489735","0.667342297723925","-4.41439215785804","6.79700569969755","-1.99401028741987","-0.0536758441415428","2.31908817412238","1.1751970095573","0.451159823143629","-3.86850684921388","-0.666834528141147","-1.25719887151304","-3.93171200332283","-3.32271598157931","-4.14725987802762","-3.27509775939352","3.20766530379646","1.81581011176693","-4.24121593053329","-3.00891094748903","6.90534716199957","0.292704837779011","3.33829243178206","1.34511336855151","-1.36914498651105","-3.56758353053204","0.0797573335198383","1.05010713166218","5.04299729048268","3.12978689166221","-1.78959053135066","-0.58736335582404","3.29477298496371","-1.52957324204819","-0.920352975034638","-4.63383070031691","-3.79933320466693","-7.02981093237022","-1.98095225217646","1.16222853322034","5.18024427124189","1.16041406936138","-3.13831609945937","5.71259884993398","-2.76228126976868","3.62813227090223","0.994808018719292","3.41517335854652","1.43828224569133","-5.97015668247952","-1.25605043627429","4.26984298504562","-0.117010232856507","6.62564800811548","3.02579757463342","-0.978435759905194","-6.61133968435841","-4.35860401386268","-8.52096823570038","-4.21102513546664","-0.377634339194034","-5.01570096161765","2.46046177502339","0.119904039729596","-2.90162074995595","1.04494454004281","3.79660190918664","-6.59950492293765","-9.40000207515802","-0.771405417516309","3.47226914355821","-5.55096530014556","-1.0454022531593","5.17105706725951","-4.99412501071746","-2.2975636620147","1.36869624282037","-8.11668016160275","1.56088349258475","-0.350404579408376","-2.37410877896726","3.52527691794645","-4.79263677924663","3.08231597442185","2.95936243397035","1.02769695344168","-0.632144165842085","-7.62989390527564","4.58550314707379","0.410773599064739","0.707856266251968","-2.78617630245806","-1.73572596406973","6.3562280549915","-2.00305182057495","-9.50313579009485","0.972061296947652"
"Random_Index28_16_0096","-3.08355374113683","2.09718988321325","5.65024812516226","3.19278950364626","4.76671126325557","2.24600375762934","5.40237533095136","-13.1927799856708","-2.69532763590505","-0.353042466275268","-3.77310442089994","-1.390918758662","-0.660302056929202","6.83772546323109","-1.46333139107365","3.09695442879816","6.43374371820538","-4.71397650862327","0.108387437602765","0.820707892420343","-4.43596561095359","6.76849457255735","-2.04880345004715","-0.0719523678572556","2.42922479334663","1.12149083952743","0.364527733457581","-3.78310371664021","-0.646907464680832","-1.10496871894063","-3.81589495916123","-3.2817499677613","-4.22379939362053","-3.12366537844856","3.30951878103713","1.65801208729496","-4.26119388030259","-2.87065846372986","7.04214632031441","0.274268319665033","3.2600801360451","1.30735237550758","-1.31996900703763","-3.56113650576584","0.0657450105177962","1.12528647476779","5.09613664455183","3.39990355476988","-1.64455495827935","-0.524076103601183","3.3877261495524","-1.46266937097241","-0.870277445737943","-4.50104899979204","-3.67274888771256","-7.15648707158596","-2.07214858363816","1.32124601244296","5.16671939287973","1.08633755458005","-3.11143283922464","5.85096022668865","-2.75040681982435","3.61384313683714","1.07512440380803","3.56191762161911","1.57450426400316","-5.99793776430596","-1.21565513959083","4.28014906005427","-0.19978591996833","6.68807232482684","3.15550799695823","-0.759997704332988","-6.68932048437501","-4.54238969164317","-8.80398213083983","-4.0843897559618","-0.258447727896651","-4.98803096476875","2.52410872690137","0.121353944698293","-2.89805418898632","1.00108581927774","3.72963620956758","-6.59919316706874","-9.34898652036389","-0.817879501423564","3.49091910114234","-5.37038848723901","-1.04539936084053","5.35788404317807","-4.97726409641471","-2.12400960608802","1.30476933309884","-8.30269338621233","1.49710184464687","-0.257139837628115","-2.43123443499416","3.59109113702464","-4.84736157966384","3.14535945425913","2.90986841654454","0.954084821266572","-0.512549369229931","-7.61413976322504","4.76984418549601","0.31566670201027","0.668017146783219","-2.79678168532489","-1.56198155182947","6.3985701827561","-1.94677297710663","-9.47162520992913","0.988672232914844"
"Random_Index28_16_0097","-3.09763318837291","2.08445058590359","5.66097160944188","3.14911835006644","4.77490576041141","2.41581556101505","5.43107653844567","-13.1851103091017","-2.68992969519363","-0.161390986443035","-3.69767683495894","-1.3286202478107","-0.688119062333209","6.82894550727263","-1.27405460575306","3.01355546619522","6.52031044710322","-4.5292598252291","0.291921613253457","0.729489869511672","-4.51680633207238","6.82579348797525","-2.07276458591196","-0.0973202345352417","2.42291623918422","1.25331104070297","0.269100209356523","-3.73268761665158","-0.774112689974303","-1.07061943850507","-3.75874438714421","-2.97505930116935","-4.02853832313589","-3.02931642535724","3.2919573602804","1.78914610207581","-3.64308056443474","-2.88438360923361","7.09857285700655","0.433227676155541","3.29547159574233","1.32749822438354","-1.0435151204797","-3.50005143537199","-0.0181516833782913","1.01625221141438","5.04773422577935","3.38900920043142","-1.55968005606039","-0.489896693884578","3.42204955163706","-1.30859461330435","-0.777175706681895","-4.48925351851407","-3.68574028975517","-7.01472509285256","-2.17959703515226","1.30072777270825","5.22161578310545","1.05237074520647","-2.84240639701639","5.91617332065437","-2.65091913735921","3.6635944658717","1.1607817681256","3.5527931001599","1.72662469805482","-5.71687349827146","-0.776197769171883","4.27169414019445","-0.282175112186499","6.70718856204184","3.12458980915662","-0.845781239606225","-6.64385044935424","-4.23058841114138","-9.01591195941439","-4.0660613090929","-0.015193777360993","-5.03610223292361","2.51522245631389","0.160045009375201","-2.70832384970373","0.902633486891342","3.74956902056146","-6.42823878800759","-9.42550338174729","-0.754805356081713","3.50487809395597","-5.48405670439577","-1.097729992387","5.30465609271653","-5.0181632653037","-2.3351230287384","1.19031119487237","-8.42751612064053","1.44449824345485","-0.175267099660561","-2.42291291850773","3.57954119175494","-4.73771695619004","3.06795121919403","2.95179687778789","1.22730233990438","-0.275368592021543","-7.52001992243081","4.80213584162987","0.351986842715974","0.719909839813372","-2.75412735831857","-1.61183508983763","6.4071653069126","-1.76088054282418","-9.47306893350705","1.08935882927298"
"Random_Index28_16_0098","-3.06860711950721","2.03353824433989","5.56987667520098","3.1410698656945","4.73829759555154","2.34916813246299","5.4579630040613","-13.2003664778362","-2.60994461688791","-0.26451457141234","-3.64648650749587","-1.3980640750738","-0.633514164268702","6.67033186488869","-1.40635491577942","2.84403790757547","6.48317033195261","-4.63647405071667","0.140045132603577","0.598024241987011","-4.5024291700407","6.70778952708975","-1.9874006065745","-0.231545151324905","2.44110787819063","1.03411707353403","0.17269243395011","-3.71771006304138","-0.83081740312678","-0.940264467909606","-3.66453828032293","-3.2196132219027","-4.32980466241083","-3.20340526115622","3.28956988088453","1.48026253015389","-4.18561938895404","-2.79002482938121","7.00182687191528","0.247436948438456","3.24875912950943","1.3920282136343","-1.28618554069295","-3.46696932552554","-0.0561797308645815","1.09704729058716","5.06096916284002","3.44865275464079","-1.7760623633624","-0.478176301029211","3.35623687925444","-1.41469166649548","-0.703974046632082","-4.57706944001888","-3.73901994352877","-7.05471041534439","-2.15497330287465","1.28427909454401","5.13776118408514","1.08762902812643","-3.01896399872443","5.889640224536","-2.53243252001647","3.56023877577806","1.09889030129812","3.50562395689677","1.48792064394863","-5.99065035524444","-1.15761087582979","4.25224924445236","-0.390893062926926","6.64456488987643","3.18096540490193","-0.791845782766887","-6.67461200088989","-4.48611881516743","-8.99719926830267","-3.98864914699648","0.0103900779941619","-4.99359779080989","2.53613774478644","0.19347302541619","-2.78334777722952","0.892788434193209","3.63090781429136","-6.48975026567848","-9.38825645405885","-0.798106588605007","3.48555498763501","-5.66552070769099","-1.01257296201868","5.16824804929804","-5.04896204409918","-2.40490749224079","1.04972517435747","-8.44901987275971","1.36165538006967","-0.13966763282503","-2.5354829574182","3.51708797960471","-4.74178014881504","3.01388770988452","2.90016149062025","0.943167149762658","-0.563346746129162","-7.63148804718511","4.787958527642","0.363888604054207","0.692501726695659","-2.84888710527775","-1.70200195408991","6.43359268342141","-1.91471573665559","-9.42804602562251","0.975646607910514"
"Random_Index28_16_0099","-3.18804852353558","2.12312249688432","5.73149275714485","3.1255884732085","4.85178930289886","2.21593637928997","5.52928770245006","-13.2376202161846","-2.61160706626351","-0.361483910111785","-3.78880334721247","-1.42145892705587","-0.627224404775886","6.85176329690932","-1.52637037385154","2.91644177934065","6.53290060707593","-4.80598025019524","0.0991615831721063","0.752564317481125","-4.44073131608254","6.80780402965052","-2.09027374362993","-0.100994415515989","2.52955467522307","1.17454941594727","0.296743953399565","-3.83840194172593","-0.650158652281276","-1.12015536838053","-3.75790628818284","-3.30007072710463","-4.24582216219983","-3.11538477571823","3.33389685864254","1.59126844034848","-4.17323907847632","-2.8913525254992","7.03844871375288","0.1216694369749","3.32881367531172","1.28665561366006","-1.37376721100451","-3.6530301980264","0.0453675071407692","1.08093207042709","5.09525576818882","3.511240978073","-1.78235074694898","-0.479031249669664","3.48011969114795","-1.44227365724134","-0.808149854844273","-4.62943287739121","-3.6532943700961","-7.17988553372918","-2.15201244606618","1.3087730785515","5.2662732155736","1.22505083797035","-3.11034558457572","6.01273231512695","-2.78061252878715","3.7320833082097","0.994934276990478","3.62554562013753","1.60064203547541","-5.94587659374006","-1.25618253234208","4.31031736133308","-0.131077506922233","6.72495476696544","3.18975224493498","-0.804034265435654","-6.74126538663655","-4.58538281973422","-9.00229308345864","-3.95985626691578","-0.25107719322242","-4.98431066904006","2.5260817830216","0.0810760633063068","-2.98904073191144","0.874555576913699","3.71086849215919","-6.65842604548924","-9.35937900258168","-0.878336998290708","3.6282262750122","-5.54653836561531","-1.07325384921562","5.35033787566623","-5.02593460772299","-2.24714985852642","1.27740320026505","-8.43527322148165","1.53507437959628","-0.243136419931452","-2.313894959696","3.58030283170343","-4.95861978903156","3.08135646810692","2.92981379382712","0.877341602603613","-0.623695517959027","-7.66295930452031","4.8850594374263","0.182845007835827","0.853049512144586","-2.83619075133481","-1.60988102769102","6.49994283209858","-1.8856248444592","-9.69461673910854","0.896296266655858"
"Random_Index28_16_0100","-3.11684484247295","2.0674651052529","5.61432875250887","3.01209082409471","4.68473087752218","2.25376106664443","5.5660952593068","-13.1578700159976","-2.71310443740269","-0.34570415406174","-3.75323654140807","-1.44745557755973","-0.573560947960415","6.80465453576237","-1.42053435432908","3.09180403410858","6.22942126165323","-4.78258778625863","0.235416117961779","0.860298323126535","-4.45645505114762","6.64749625342847","-1.9912332534601","-0.0385224731758537","2.38777101744075","1.15285300227773","0.443448815334083","-3.73223947066911","-0.716049022436264","-1.08800812662347","-3.71581584436479","-3.15804928040868","-4.21568175048895","-3.28233576568556","3.20152649284586","1.76355370330714","-4.19562926416846","-2.93846545891744","6.87043961172615","0.367634670697552","3.25954454688044","1.35538941404456","-1.28398014010948","-3.56250512847322","-0.0196016080841823","1.16597223463869","4.86205398742085","3.26130274636013","-1.60665951577588","-0.701539446844337","3.30846728876565","-1.37538271829935","-0.86464625463365","-4.48573174618527","-3.63429724652509","-7.0753756613905","-2.12037758138558","1.1797140176931","5.07042023943353","1.18006876245331","-3.13096722061931","5.80799733549245","-2.72809546871315","3.52104517613908","1.15062643149974","3.47173058440693","1.72053377138063","-5.94046077064802","-1.35696617435627","4.16636747983167","-0.135480593253996","6.46879783240496","3.00305879635772","-0.579191126561926","-6.61443011994284","-4.47190896081609","-8.76875710362666","-4.15904584379098","-0.118770002026376","-5.04712375716485","2.33389774363602","0.303870228783069","-2.72155351383519","0.997748933714284","3.54996660596778","-6.53600436111578","-9.14308395860644","-0.719826176165135","3.41644788269324","-5.39088908303656","-1.11740324861305","5.37868132844793","-5.04957453639777","-2.14568554724691","1.30282782378931","-8.31866408256935","1.46241401967755","-0.184389532890521","-2.31810463617817","3.42347911938457","-4.77148013037357","3.00265322749546","2.75616192690419","1.0548017505457","-0.632593500022315","-7.79975557137077","4.64199367206357","0.405920705830277","0.545610348785003","-2.80535019904399","-1.63327342653904","6.26380277746453","-1.91334375450026","-9.46001179878997","0.986638159591661"
